Time Point,X,y
0,"[-0.32811223 -0.32811223 -0.32811223 -0.32811223 -0.32811223 -0.32811223
 -0.32811223 -0.32811223 -0.32811223 -0.32811223 -0.32811223 -0.32811223
 -0.32811223 -0.32811223 -0.32811223 -0.32811223 -0.32811223 -0.32811223
 -0.32811223 -0.32811223 -0.32811223 -0.32811223 -0.32811223 -0.32811223
 -0.32811223 -0.32811223 -0.32811223 -0.32811223 -0.32811223  0.44279786
 -0.32811223 -0.32811223 -0.32811223 -0.32811223 -0.32811223 -0.32811223
 -0.32811223 -0.32811223 -0.32811223 -0.32811223 -0.32811223 -0.32811223
 -0.32811223 -0.32811223 -0.32811223  1.75368398  0.439109   -0.32811223
 -0.32811223 -0.32811223 -0.32811223 -0.32811223 -0.32811223 -0.32811223
 -0.32811223 -0.32811223 -0.32811223  5.64156862 -0.32811223 -0.32811223
 -0.32811223  2.86838895 -0.27086864 -0.32811223  4.73262952  1.83610599
 -0.32811223 -0.32811223  5.29101651  4.55227828  2.39276137 -0.32811223
 -0.32811223 -0.32811223 -0.32811223 -0.32811223 -0.32811223  0.50293078
 -0.32811223 -0.32811223 -0.32811223 -0.32811223 -0.32811223 -0.32811223
 -0.32811223 -0.32811223 -0.32811223 -0.32811223 -0.32811223 -0.32811223
 -0.32811223 -0.32811223 -0.32811223  2.33879849  6.21744566 -0.32811223
 -0.32811223 -0.32811223 -0.32811223 -0.32811223 -0.32811223 -0.32811223
 -0.32811223 -0.32811223 -0.32811223 -0.32811223 -0.32811223 -0.32811223
 -0.32811223 -0.32811223 -0.32811223 -0.32811223 -0.32811223 -0.32811223
  1.21370794 -0.32811223 -0.32811223 -0.32811223 -0.32811223 -0.32811223
 -0.14537632 -0.32811223 -0.24185288  0.76275445  0.76275445 -0.32811223
  3.06539851 -0.32811223  0.70987997  1.86412228 -0.32811223 -0.32811223
 -0.32811223  0.50293078 -0.32811223  4.19594712  0.09942591  1.19501526
  3.07270876 -0.32811223 -0.32811223  3.12364319  1.35195039  0.31588239
 -0.32811223  0.76275445 -0.32811223 -0.32811223 -0.32811223 -0.32811223
  2.33879849 -0.32811223 -0.32811223  1.77302687 -0.32811223 -0.32811223
 -0.32811223 -0.32811223 -0.32811223  1.49835401 -0.32811223 -0.32811223
 -0.32811223 -0.32811223 -0.32811223 -0.32811223 -0.32811223 -0.32811223
 -0.32811223 -0.32811223 -0.32811223 -0.32811223 -0.32811223  0.16328893
 -0.32811223 -0.32811223 -0.32811223 -0.32811223 -0.32811223 -0.32811223
 -0.32811223 -0.32811223 -0.32811223 -0.32811223 -0.32811223 -0.32811223
 -0.32811223  1.06519591 -0.32811223 -0.32811223 -0.32811223 -0.32811223
 -0.32811223 -0.32811223 -0.32811223  3.80207863 -0.32811223 -0.32811223
 -0.32811223 -0.32811223 -0.32811223 -0.32811223 -0.32811223 -0.32811223
 -0.32811223 -0.32811223 -0.32811223 -0.32811223 -0.32811223 -0.32811223
 -0.32811223 -0.32811223 -0.32811223 -0.32811223 -0.32811223  2.20204193
 -0.32811223 -0.32811223 -0.32811223 -0.32811223 -0.32811223 -0.32811223
 -0.32811223 -0.32811223 -0.32811223 -0.32811223 -0.32811223 -0.32811223
 -0.32811223 -0.32811223 -0.32811223 -0.32811223 -0.32811223 -0.32811223
 -0.32811223 -0.32811223 -0.32811223 -0.32811223 -0.32811223 -0.32811223
 -0.32811223 -0.32811223 -0.32811223 -0.32811223 -0.32811223  2.28604702
 -0.32811223 -0.32811223 -0.32811223 -0.32811223 -0.32811223 -0.32811223
 -0.32811223 -0.32811223  1.32340373  0.14218415  0.16328893 -0.32811223
 -0.32811223  0.19882512 -0.32811223 -0.32811223 -0.32811223 -0.32811223
 -0.32811223 -0.32811223 -0.32811223 -0.32811223  0.76275445 -0.32811223
  0.82421695 -0.32811223 -0.32811223 -0.32811223 -0.32811223 -0.32811223
 -0.32811223 -0.32811223 -0.32811223 -0.32811223 -0.32811223 -0.32811223
 -0.32811223 -0.32811223 -0.32811223 -0.32811223 -0.32811223 -0.32811223
 -0.32811223 -0.32811223  1.80614625 -0.32811223 -0.32811223 -0.32811223
 -0.32811223]",[0.024884997277194953]
0,"[-0.33073974 -0.33073974 -0.33073974 -0.33073974 -0.33073974 -0.33073974
 -0.33073974 -0.33073974 -0.33073974 -0.33073974 -0.33073974 -0.33073974
 -0.33073974 -0.33073974 -0.33073974 -0.33073974 -0.33073974 -0.33073974
 -0.33073974 -0.33073974 -0.33073974 -0.33073974 -0.33073974 -0.33073974
 -0.33073974 -0.33073974 -0.33073974 -0.33073974 -0.33073974 -0.33073974
 -0.33073974 -0.33073974 -0.33073974 -0.33073974 -0.33073974 -0.33073974
 -0.33073974 -0.33073974 -0.33073974 -0.33073974  0.35264037 -0.33073974
 -0.33073974 -0.33073974 -0.33073974  3.00569806  2.935673   -0.33073974
 -0.33073974 -0.33073974 -0.33073974 -0.33073974 -0.33073974 -0.33073974
 -0.33073974 -0.33073974 -0.33073974  4.85944471 -0.33073974 -0.33073974
 -0.33073974  3.60364759  0.28589748 -0.33073974  5.44431314  0.45439434
 -0.33073974 -0.33073974  3.74742726  4.10318717 -0.17730589 -0.33073974
 -0.33073974 -0.33073974 -0.33073974 -0.33073974 -0.33073974 -0.33073974
 -0.33073974 -0.33073974 -0.33073974 -0.33073974 -0.33073974 -0.33073974
 -0.33073974 -0.33073974 -0.33073974 -0.33073974 -0.33073974 -0.33073974
 -0.33073974 -0.33073974 -0.33073974 -0.33073974  2.63092427 -0.33073974
 -0.33073974 -0.33073974 -0.33073974 -0.33073974 -0.33073974 -0.33073974
 -0.33073974 -0.33073974 -0.33073974 -0.33073974 -0.33073974 -0.33073974
 -0.33073974 -0.33073974 -0.33073974 -0.33073974 -0.33073974 -0.33073974
  0.40180449 -0.33073974 -0.33073974 -0.33073974 -0.33073974  0.18236333
 -0.15709805 -0.33073974  0.34039414 -0.33073974 -0.33073974 -0.33073974
  2.13775179 -0.33073974  3.77734219  0.21664216  0.18236333  0.99322768
  0.35264037 -0.33073974 -0.33073974  3.811099   -0.17730589 -0.19846259
  3.05812083 -0.33073974 -0.33073974  3.838089   -0.33073974  1.2189409
  1.3596855  -0.33073974 -0.33073974 -0.33073974 -0.33073974 -0.33073974
  2.70416022 -0.33073974 -0.33073974  1.91447569 -0.33073974  0.87947952
 -0.33073974 -0.33073974 -0.33073974  2.48318408 -0.33073974 -0.33073974
 -0.33073974 -0.33073974 -0.33073974 -0.33073974 -0.33073974 -0.33073974
 -0.33073974 -0.33073974 -0.33073974 -0.33073974 -0.33073974  3.08971351
 -0.33073974 -0.33073974 -0.33073974 -0.33073974 -0.33073974 -0.33073974
 -0.33073974 -0.33073974 -0.33073974 -0.33073974 -0.33073974 -0.33073974
 -0.33073974 -0.33073974 -0.33073974 -0.33073974 -0.33073974 -0.33073974
 -0.33073974 -0.33073974 -0.33073974  3.57686482 -0.33073974 -0.33073974
  0.23889221 -0.33073974 -0.33073974 -0.33073974 -0.33073974 -0.33073974
 -0.33073974 -0.33073974 -0.33073974 -0.33073974 -0.33073974 -0.33073974
 -0.33073974 -0.33073974 -0.33073974 -0.33073974 -0.33073974  2.36511075
 -0.33073974 -0.33073974 -0.33073974 -0.33073974 -0.33073974 -0.33073974
 -0.33073974 -0.33073974 -0.33073974 -0.33073974 -0.33073974 -0.33073974
 -0.33073974  2.63551025 -0.33073974 -0.33073974 -0.33073974 -0.33073974
 -0.33073974 -0.33073974 -0.33073974 -0.33073974 -0.33073974 -0.33073974
 -0.33073974 -0.33073974 -0.33073974 -0.33073974 -0.33073974  3.40079279
 -0.33073974 -0.33073974 -0.33073974 -0.33073974 -0.33073974 -0.33073974
 -0.33073974 -0.33073974 -0.33073974 -0.33073974  0.45894478 -0.33073974
 -0.33073974 -0.33073974 -0.33073974 -0.33073974 -0.33073974 -0.33073974
 -0.33073974 -0.33073974  1.2189409  -0.33073974  2.88682706 -0.33073974
 -0.33073974 -0.33073974 -0.33073974 -0.33073974 -0.33073974 -0.33073974
 -0.33073974 -0.33073974 -0.33073974 -0.33073974 -0.33073974 -0.33073974
 -0.33073974 -0.33073974 -0.33073974 -0.33073974 -0.33073974 -0.33073974
 -0.33073974 -0.33073974  2.90997887 -0.33073974 -0.33073974 -0.33073974
 -0.33073974]",[-0.07403107794843417]
0,"[-0.32786211 -0.32786211 -0.32786211 -0.32786211 -0.32786211 -0.32786211
 -0.32786211 -0.32786211 -0.32786211 -0.32786211 -0.32786211 -0.32786211
 -0.32786211 -0.32786211 -0.32786211 -0.32786211 -0.32786211 -0.32786211
 -0.32786211 -0.32786211 -0.32786211 -0.32786211 -0.32786211 -0.32786211
 -0.32786211 -0.32786211 -0.32786211 -0.32786211 -0.32786211  0.41238858
 -0.32786211 -0.32786211 -0.32786211 -0.32786211 -0.32786211 -0.32786211
 -0.32786211 -0.32786211 -0.32786211 -0.32786211 -0.32786211 -0.32786211
 -0.32786211 -0.32786211 -0.32786211  2.72884247  2.74428983 -0.32786211
 -0.32786211 -0.32786211 -0.32786211 -0.32786211 -0.32786211 -0.32786211
 -0.32786211 -0.32786211 -0.23070825  4.73610968 -0.32786211 -0.32786211
 -0.32786211  3.64628072  0.89080703 -0.32786211  6.32871292  1.49075062
 -0.32786211 -0.32786211  4.23217834  4.3819872   0.02429989 -0.32786211
 -0.32786211 -0.32786211 -0.32786211 -0.32786211 -0.32786211 -0.32786211
 -0.32786211 -0.32786211 -0.32786211 -0.32786211 -0.32786211 -0.32786211
 -0.32786211 -0.32786211 -0.32786211 -0.32786211 -0.32786211 -0.32786211
 -0.32786211 -0.32786211 -0.32786211 -0.32786211  0.20380742  0.07229401
 -0.32786211 -0.32786211 -0.32786211 -0.32786211 -0.32786211 -0.32786211
 -0.32786211 -0.32786211 -0.32786211 -0.32786211 -0.32786211 -0.32786211
 -0.32786211 -0.32786211  0.44012925 -0.32786211 -0.32786211 -0.32786211
  0.41238858 -0.32786211 -0.32786211 -0.32786211  0.61973865  0.19063887
 -0.32786211 -0.32786211  1.03436168  0.71962037  4.42918477 -0.32786211
  2.27493966 -0.32786211  0.84540747  0.87672807  0.79995567  1.01003361
 -0.32786211 -0.32786211 -0.32786211  2.49586207 -0.32786211 -0.19419338
  2.78610118 -0.32786211 -0.32786211  2.7308451   0.50269214  1.16305842
  1.20725342 -0.32786211 -0.32786211 -0.32786211 -0.32786211 -0.32786211
  1.84743815 -0.32786211 -0.32786211  1.53775972 -0.32786211  2.63314063
 -0.32786211 -0.32786211 -0.32786211 -0.32786211 -0.32786211 -0.32786211
 -0.32786211 -0.32786211 -0.32786211 -0.32786211 -0.32786211 -0.32786211
 -0.32786211 -0.32786211 -0.32786211 -0.32786211 -0.32786211  0.14399583
 -0.32786211 -0.32786211 -0.32786211 -0.32786211 -0.32786211 -0.32786211
 -0.32786211 -0.32786211 -0.32786211 -0.32786211 -0.32786211 -0.32786211
 -0.32786211 -0.32786211 -0.32786211 -0.32786211 -0.32786211 -0.32786211
 -0.32786211 -0.32786211 -0.32786211  1.26472188 -0.32786211 -0.32786211
  0.24776243 -0.32786211 -0.32786211 -0.32786211 -0.32786211 -0.32786211
 -0.32786211 -0.32786211 -0.32786211 -0.32786211 -0.32786211 -0.32786211
 -0.32786211 -0.32786211 -0.32786211 -0.32786211 -0.32786211  1.3513883
 -0.32786211 -0.32786211 -0.32786211 -0.32786211 -0.32786211 -0.32786211
 -0.32786211 -0.32786211 -0.32786211 -0.32786211 -0.32786211 -0.32786211
 -0.32786211  2.86549849 -0.32786211 -0.32786211  2.23298451 -0.32786211
 -0.32786211 -0.32786211 -0.32786211 -0.32786211 -0.32786211 -0.32786211
 -0.32786211 -0.32786211 -0.32786211 -0.32786211 -0.32786211  5.45438843
 -0.32786211 -0.32786211 -0.32786211 -0.32786211 -0.32786211 -0.32786211
 -0.32786211 -0.32786211 -0.32786211 -0.32786211  1.23812135 -0.32786211
 -0.32786211  0.17811873 -0.32786211 -0.32786211 -0.32786211 -0.32786211
 -0.32786211 -0.32786211  4.63556044 -0.32786211 -0.32786211 -0.32786211
 -0.32786211 -0.32786211 -0.32786211 -0.32786211 -0.32786211 -0.32786211
 -0.32786211 -0.32786211 -0.32786211 -0.32786211 -0.32786211 -0.32786211
 -0.32786211 -0.32786211 -0.32786211 -0.32786211 -0.32786211 -0.32786211
 -0.32786211 -0.32786211 -0.32786211 -0.32786211 -0.32786211 -0.32786211
 -0.32786211]",[-0.023837892155173068]
0,"[-0.31048548 -0.31048548 -0.31048548 -0.31048548 -0.31048548 -0.31048548
 -0.31048548 -0.31048548 -0.31048548 -0.31048548 -0.31048548 -0.31048548
 -0.31048548 -0.31048548 -0.31048548 -0.31048548  0.56657538  0.38725253
 -0.31048548 -0.31048548 -0.31048548  0.0111805  -0.31048548 -0.31048548
 -0.31048548 -0.31048548 -0.31048548 -0.31048548 -0.31048548  1.28037434
 -0.31048548 -0.31048548 -0.31048548 -0.31048548 -0.31048548 -0.31048548
 -0.31048548  2.32136752 -0.31048548 -0.31048548 -0.31048548 -0.31048548
 -0.31048548 -0.31048548 -0.31048548  4.77615261  1.9856077  -0.31048548
 -0.31048548 -0.31048548 -0.31048548 -0.31048548 -0.31048548 -0.31048548
 -0.31048548 -0.31048548 -0.22056381  6.05239737 -0.31048548 -0.31048548
 -0.31048548  4.99284806  0.86096876  1.02385874  4.70628891  0.54982147
 -0.31048548 -0.31048548  4.64551614  3.64318946  4.92890921 -0.31048548
 -0.31048548 -0.31048548 -0.31048548 -0.31048548 -0.31048548 -0.31048548
 -0.31048548  0.28865356 -0.31048548 -0.31048548 -0.31048548 -0.31048548
 -0.31048548 -0.31048548 -0.31048548 -0.31048548 -0.31048548 -0.31048548
 -0.31048548 -0.31048548 -0.31048548 -0.31048548 -0.31048548 -0.31048548
 -0.31048548 -0.31048548 -0.31048548 -0.31048548 -0.31048548 -0.31048548
 -0.31048548 -0.31048548 -0.31048548  4.84687324 -0.31048548 -0.31048548
  1.46059132 -0.31048548  1.8200614   0.56657538 -0.31048548 -0.31048548
  0.37466055 -0.31048548 -0.31048548  0.56657538 -0.31048548 -0.31048548
 -0.00862892 -0.31048548  0.2289099   0.65902185  0.65902185 -0.31048548
  0.83809412 -0.31048548  1.62099889  0.24267054 -0.31048548 -0.31048548
 -0.31048548  0.1262471  -0.31048548  1.82269304 -0.04169076  0.02210278
  2.44015849 -0.31048548 -0.31048548  5.21221432  0.45824187  0.26186448
 -0.09236138 -0.31048548 -0.31048548 -0.31048548 -0.31048548 -0.31048548
 -0.31048548 -0.31048548 -0.31048548  0.31202243 -0.31048548 -0.31048548
 -0.31048548 -0.31048548 -0.31048548 -0.31048548 -0.31048548 -0.31048548
 -0.31048548 -0.31048548 -0.31048548 -0.31048548 -0.31048548 -0.31048548
 -0.31048548 -0.31048548 -0.31048548 -0.31048548 -0.31048548  0.1262471
 -0.31048548 -0.31048548 -0.31048548 -0.31048548 -0.31048548 -0.31048548
 -0.31048548 -0.31048548 -0.31048548 -0.31048548 -0.31048548 -0.31048548
 -0.31048548 -0.31048548 -0.31048548 -0.31048548 -0.31048548 -0.31048548
 -0.31048548 -0.31048548 -0.31048548  3.47572085 -0.31048548 -0.31048548
 -0.31048548 -0.31048548 -0.31048548 -0.31048548 -0.31048548 -0.31048548
 -0.31048548  0.02210278 -0.31048548 -0.31048548 -0.31048548 -0.31048548
 -0.31048548 -0.31048548 -0.31048548 -0.31048548 -0.31048548  2.63709471
 -0.31048548 -0.31048548 -0.31048548 -0.31048548 -0.31048548 -0.31048548
 -0.31048548 -0.31048548 -0.31048548 -0.31048548 -0.31048548 -0.31048548
 -0.31048548  0.42810366 -0.31048548 -0.31048548  1.13892534 -0.31048548
 -0.31048548 -0.31048548 -0.31048548 -0.31048548 -0.31048548 -0.31048548
 -0.31048548 -0.31048548 -0.31048548 -0.31048548 -0.31048548 -0.01361191
 -0.31048548 -0.31048548 -0.31048548 -0.31048548 -0.31048548 -0.31048548
 -0.31048548 -0.31048548 -0.31048548 -0.31048548 -0.31048548 -0.31048548
 -0.31048548 -0.31048548 -0.31048548 -0.31048548 -0.31048548 -0.31048548
 -0.31048548 -0.31048548 -0.31048548 -0.31048548 -0.31048548 -0.31048548
  0.32867753 -0.31048548 -0.31048548 -0.31048548 -0.31048548 -0.31048548
 -0.31048548 -0.31048548 -0.31048548 -0.31048548 -0.31048548 -0.31048548
 -0.31048548 -0.31048548 -0.31048548 -0.31048548 -0.31048548 -0.31048548
 -0.31048548 -0.31048548  0.72836702 -0.31048548 -0.31048548 -0.31048548
 -0.31048548]",[-0.019552573530756012]
0,"[-3.02715135e-01 -3.02715135e-01 -3.02715135e-01 -3.02715135e-01
 -3.02715135e-01 -3.02715135e-01 -3.02715135e-01 -3.02715135e-01
 -3.02715135e-01 -3.02715135e-01 -3.02715135e-01 -3.02715135e-01
 -3.02715135e-01 -3.02715135e-01 -3.02715135e-01  2.59165046e-01
 -3.02715135e-01 -2.54832029e-02 -3.02715135e-01 -3.02715135e-01
 -3.02715135e-01 -3.02715135e-01 -3.02715135e-01 -3.02715135e-01
 -3.02715135e-01 -3.02715135e-01 -3.02715135e-01 -3.02715135e-01
 -3.02715135e-01  8.10167323e-01 -3.02715135e-01 -3.02715135e-01
 -3.02715135e-01 -3.02715135e-01 -3.02715135e-01 -3.02715135e-01
 -3.02715135e-01  2.17118325e+00 -3.02715135e-01 -3.02715135e-01
 -3.02715135e-01 -3.02715135e-01 -3.02715135e-01 -3.02715135e-01
 -3.02715135e-01  5.04947318e+00  7.55885838e-01 -3.02715135e-01
 -3.02715135e-01 -3.02715135e-01 -3.02715135e-01 -3.02715135e-01
 -3.02715135e-01 -3.02715135e-01 -3.02715135e-01 -3.02715135e-01
 -3.02715135e-01  6.49304647e+00 -3.02715135e-01 -3.02715135e-01
 -3.02715135e-01  2.86689728e+00  3.42518399e+00 -3.02715135e-01
  4.92209676e+00  7.33433281e-01 -3.02715135e-01 -3.02715135e-01
  1.61407257e+00  3.82717638e+00  5.36574027e+00 -3.02715135e-01
 -3.02715135e-01 -3.02715135e-01 -3.02715135e-01 -3.02715135e-01
 -3.02715135e-01 -3.02715135e-01 -3.02715135e-01 -3.02715135e-01
 -3.02715135e-01 -3.02715135e-01 -3.02715135e-01 -3.02715135e-01
 -3.02715135e-01 -3.02715135e-01 -3.02715135e-01 -3.02715135e-01
 -3.02715135e-01 -3.02715135e-01 -3.02715135e-01 -3.02715135e-01
 -3.02715135e-01 -3.02715135e-01  3.01935370e-01 -3.02715135e-01
 -3.02715135e-01 -3.02715135e-01 -3.02715135e-01 -3.02715135e-01
 -3.02715135e-01 -3.02715135e-01 -3.02715135e-01 -3.02715135e-01
 -3.02715135e-01  1.61164193e-01 -3.02715135e-01 -3.02715135e-01
 -3.02715135e-01 -3.02715135e-01  2.10866369e-01  7.74960461e-01
 -3.02715135e-01 -3.02715135e-01 -3.02715135e-01 -3.02715135e-01
 -3.02715135e-01 -3.02715135e-01 -3.02715135e-01 -3.02715135e-01
 -3.02715135e-01 -3.02715135e-01  3.01935370e-01  1.87346936e+00
 -3.02715135e-01 -3.02715135e-01  2.56168984e+00 -3.02715135e-01
  2.51922915e-03  9.41598316e-01 -3.02715135e-01 -3.02715135e-01
 -3.02715135e-01  1.87346936e+00 -3.02715135e-01  5.35916404e+00
 -3.02715135e-01 -1.56087446e-02  3.99392299e+00 -3.02715135e-01
 -3.02715135e-01  4.20544589e+00  2.59165046e-01  1.63282761e+00
 -3.46983586e-02 -3.02715135e-01 -3.02715135e-01 -3.02715135e-01
 -3.02715135e-01 -3.02715135e-01 -3.02715135e-01 -3.02715135e-01
 -3.02715135e-01  3.64618840e+00 -3.02715135e-01  3.51923977e-01
 -3.02715135e-01 -3.02715135e-01 -3.02715135e-01 -3.02715135e-01
 -3.02715135e-01 -3.02715135e-01 -3.02715135e-01 -3.02715135e-01
 -3.02715135e-01 -3.02715135e-01 -3.02715135e-01 -3.02715135e-01
 -3.02715135e-01 -3.02715135e-01 -3.02715135e-01 -3.02715135e-01
 -3.02715135e-01  1.31158918e+00 -3.02715135e-01 -3.02715135e-01
 -3.02715135e-01 -3.02715135e-01 -3.02715135e-01 -3.02715135e-01
 -3.02715135e-01 -3.02715135e-01 -3.02715135e-01 -3.02715135e-01
 -3.02715135e-01 -3.02715135e-01 -3.02715135e-01 -3.02715135e-01
 -3.02715135e-01 -3.02715135e-01 -3.02715135e-01 -3.02715135e-01
 -3.02715135e-01 -3.02715135e-01 -3.02715135e-01  2.07201790e+00
 -3.02715135e-01 -3.02715135e-01 -3.02715135e-01 -3.02715135e-01
 -3.02715135e-01 -3.02715135e-01 -3.02715135e-01 -3.02715135e-01
 -3.02715135e-01 -3.02715135e-01 -3.02715135e-01 -3.02715135e-01
 -3.02715135e-01 -3.02715135e-01 -3.02715135e-01 -3.02715135e-01
 -3.02715135e-01 -3.02715135e-01 -3.02715135e-01 -9.98193137e-02
 -3.02715135e-01 -3.02715135e-01 -3.02715135e-01 -3.02715135e-01
 -3.02715135e-01 -3.02715135e-01 -3.02715135e-01 -3.02715135e-01
 -3.02715135e-01 -3.02715135e-01 -3.02715135e-01 -3.02715135e-01
 -3.02715135e-01 -3.02715135e-01 -3.02715135e-01 -3.02715135e-01
 -3.02715135e-01 -3.02715135e-01 -3.02715135e-01 -3.02715135e-01
 -3.02715135e-01 -3.02715135e-01 -3.02715135e-01 -3.02715135e-01
 -3.02715135e-01 -3.02715135e-01  1.47822703e+00 -3.02715135e-01
 -3.02715135e-01  6.95026905e-01 -3.02715135e-01 -3.02715135e-01
 -3.02715135e-01 -3.02715135e-01 -3.02715135e-01 -3.02715135e-01
 -3.02715135e-01 -3.02715135e-01  1.01169515e+00  2.10866369e-01
 -3.02715135e-01 -3.02715135e-01 -3.02715135e-01 -3.02715135e-01
 -3.02715135e-01 -3.02715135e-01 -3.02715135e-01 -3.02715135e-01
 -3.02715135e-01 -3.02715135e-01 -3.02715135e-01 -3.02715135e-01
 -3.02715135e-01 -3.02715135e-01  1.29524234e+00 -3.02715135e-01
 -3.02715135e-01 -3.02715135e-01 -3.02715135e-01  1.47822703e+00
 -3.02715135e-01 -3.02715135e-01 -3.02715135e-01 -3.02715135e-01
 -3.02715135e-01 -3.02715135e-01 -3.02715135e-01 -3.02715135e-01
 -3.02715135e-01 -3.02715135e-01 -3.02715135e-01 -3.02715135e-01
 -3.02715135e-01 -3.02715135e-01  1.61164193e-01 -3.02715135e-01
 -3.02715135e-01 -3.02715135e-01 -3.02715135e-01]",[0.0364329203842515]
0,"[-2.48903704e-01 -2.48903704e-01 -2.48903704e-01 -2.48903704e-01
 -2.48903704e-01 -2.48903704e-01 -2.48903704e-01 -2.48903704e-01
 -2.48903704e-01 -2.48903704e-01 -2.48903704e-01 -2.48903704e-01
 -2.48903704e-01 -2.48903704e-01 -2.48903704e-01 -2.48903704e-01
 -2.48903704e-01 -1.37974414e-03 -2.48903704e-01 -2.48903704e-01
 -2.48903704e-01 -2.48903704e-01 -2.48903704e-01 -2.48903704e-01
 -2.48903704e-01 -2.48903704e-01 -2.48903704e-01 -2.48903704e-01
 -2.48903704e-01 -2.48903704e-01 -2.48903704e-01 -2.48903704e-01
 -2.48903704e-01 -2.48903704e-01 -2.48903704e-01 -2.48903704e-01
 -2.48903704e-01 -2.48903704e-01 -2.48903704e-01 -2.48903704e-01
 -2.48903704e-01 -2.48903704e-01 -2.48903704e-01 -2.48903704e-01
 -2.48903704e-01  3.09063320e+00  1.11471151e+00 -2.48903704e-01
 -2.48903704e-01 -2.48903704e-01 -2.48903704e-01 -2.48903704e-01
 -2.48903704e-01 -2.48903704e-01 -2.48903704e-01 -2.48903704e-01
 -2.48903704e-01  4.57330169e+00 -2.48903704e-01 -2.48903704e-01
 -2.48903704e-01  2.50255501e+00  7.03709626e+00 -2.48903704e-01
  5.06280276e+00  1.09367004e+00 -2.48903704e-01 -2.48903704e-01
  4.58944884e+00  3.51021309e+00  3.98274245e+00 -2.48903704e-01
 -2.48903704e-01 -2.48903704e-01 -2.48903704e-01 -2.48903704e-01
 -2.48903704e-01 -2.48903704e-01 -2.48903704e-01 -2.48903704e-01
 -2.48903704e-01 -2.48903704e-01 -2.48903704e-01 -2.48903704e-01
 -2.48903704e-01 -2.48903704e-01 -2.48903704e-01 -2.48903704e-01
 -2.48903704e-01 -2.48903704e-01 -2.48903704e-01 -2.48903704e-01
 -2.48903704e-01 -2.48903704e-01 -2.48903704e-01  1.57414328e-01
 -2.48903704e-01 -2.48903704e-01 -2.48903704e-01 -2.48903704e-01
 -2.48903704e-01 -2.48903704e-01 -2.48903704e-01 -2.48903704e-01
 -2.48903704e-01 -2.48903704e-01 -2.48903704e-01 -2.48903704e-01
 -2.48903704e-01 -2.48903704e-01 -2.48903704e-01 -2.48903704e-01
 -2.48903704e-01 -2.48903704e-01 -2.48903704e-01 -2.48903704e-01
 -2.48903704e-01 -2.48903704e-01  7.13288960e-01 -2.48903704e-01
 -2.48903704e-01 -2.48903704e-01  3.42848021e-01 -2.48903704e-01
 -2.48903704e-01 -2.48903704e-01  2.07791189e+00 -2.48903704e-01
 -2.48903704e-01  1.64651738e-01 -2.48903704e-01 -2.48903704e-01
 -2.48903704e-01 -2.48903704e-01 -2.48903704e-01  3.88118361e+00
 -2.48903704e-01 -2.48903704e-01  2.19295514e+00 -2.48903704e-01
 -2.48903704e-01  6.31950652e+00 -2.48903704e-01 -5.47435840e-02
  2.72420195e-01 -2.48903704e-01 -2.48903704e-01 -2.48903704e-01
 -2.48903704e-01 -2.48903704e-01 -2.48903704e-01 -2.48903704e-01
 -2.48903704e-01  6.61722927e-01 -2.48903704e-01 -2.48903704e-01
 -2.48903704e-01 -2.48903704e-01 -2.48903704e-01 -2.48903704e-01
 -2.48903704e-01 -2.48903704e-01 -2.48903704e-01 -2.48903704e-01
 -2.48903704e-01 -2.48903704e-01 -2.48903704e-01 -2.48903704e-01
 -2.48903704e-01 -2.48903704e-01 -2.48903704e-01 -2.48903704e-01
 -2.48903704e-01  4.26662744e+00 -2.48903704e-01 -2.48903704e-01
 -2.48903704e-01 -2.48903704e-01 -2.48903704e-01 -2.48903704e-01
 -2.48903704e-01 -2.48903704e-01 -2.48903704e-01 -2.48903704e-01
 -2.48903704e-01 -2.48903704e-01 -2.48903704e-01 -2.48903704e-01
 -2.48903704e-01 -2.48903704e-01 -2.48903704e-01 -2.48903704e-01
 -2.48903704e-01 -2.48903704e-01 -2.48903704e-01  4.09535963e+00
 -2.48903704e-01 -2.48903704e-01 -2.48903704e-01 -2.48903704e-01
 -2.48903704e-01 -2.48903704e-01 -2.48903704e-01 -2.48903704e-01
 -2.48903704e-01 -2.48903704e-01 -2.48903704e-01 -2.48903704e-01
 -2.48903704e-01 -2.48903704e-01 -2.48903704e-01 -2.48903704e-01
 -2.48903704e-01 -2.48903704e-01 -2.48903704e-01  1.57250231e+00
 -2.48903704e-01 -2.48903704e-01 -2.48903704e-01 -2.48903704e-01
 -2.48903704e-01 -2.48903704e-01 -2.48903704e-01 -2.48903704e-01
 -2.48903704e-01 -2.48903704e-01 -2.48903704e-01 -2.48903704e-01
 -2.48903704e-01 -2.48903704e-01 -2.48903704e-01 -2.48903704e-01
 -2.48903704e-01 -2.48903704e-01 -2.48903704e-01 -2.48903704e-01
 -2.48903704e-01 -2.48903704e-01 -2.48903704e-01 -2.48903704e-01
 -2.48903704e-01 -2.48903704e-01 -2.48903704e-01 -2.48903704e-01
 -2.48903704e-01 -2.14907151e-01 -2.48903704e-01 -2.48903704e-01
 -2.48903704e-01 -2.48903704e-01 -2.48903704e-01 -2.48903704e-01
 -2.48903704e-01 -2.48903704e-01 -2.48903704e-01 -2.48903704e-01
 -2.48903704e-01 -2.48903704e-01 -2.48903704e-01 -2.48903704e-01
 -2.48903704e-01 -2.48903704e-01 -2.48903704e-01 -2.48903704e-01
 -2.48903704e-01 -2.48903704e-01 -2.48903704e-01 -2.48903704e-01
 -2.48903704e-01 -2.48903704e-01 -2.48903704e-01 -2.48903704e-01
 -2.48903704e-01  3.47491620e+00 -2.48903704e-01 -2.48903704e-01
 -2.48903704e-01 -2.48903704e-01 -2.48903704e-01 -2.48903704e-01
 -2.48903704e-01 -2.48903704e-01 -2.48903704e-01 -2.48903704e-01
 -2.48903704e-01 -2.48903704e-01 -2.48903704e-01 -2.48903704e-01
 -2.48903704e-01 -2.48903704e-01 -2.21643041e-02 -2.48903704e-01
 -2.48903704e-01 -2.48903704e-01 -2.48903704e-01]",[0.006515016481026481]
0,"[-3.38902367e-01 -3.38902367e-01 -3.38902367e-01 -3.38902367e-01
 -3.38902367e-01 -3.38902367e-01 -3.38902367e-01 -3.38902367e-01
 -3.38902367e-01 -3.38902367e-01 -3.38902367e-01 -3.38902367e-01
 -3.38902367e-01 -3.38902367e-01 -3.38902367e-01 -3.38902367e-01
 -3.38902367e-01  1.16093465e+00 -3.38902367e-01 -3.38902367e-01
  3.71841907e-01 -3.38902367e-01 -3.38902367e-01 -3.38902367e-01
 -3.38902367e-01 -3.38902367e-01 -3.38902367e-01 -3.38902367e-01
 -3.38902367e-01 -4.50877167e-02 -3.38902367e-01 -3.38902367e-01
 -3.38902367e-01  9.59471208e-01 -3.38902367e-01 -3.38902367e-01
 -3.38902367e-01 -3.38902367e-01 -3.38902367e-01 -3.38902367e-01
 -3.38902367e-01 -3.38902367e-01 -3.38902367e-01 -3.38902367e-01
 -3.38902367e-01  4.65887440e+00  1.67470056e+00 -3.38902367e-01
 -3.38902367e-01 -3.38902367e-01 -3.38902367e-01 -3.38902367e-01
 -3.38902367e-01 -3.38902367e-01 -3.38902367e-01 -3.38902367e-01
 -3.38902367e-01  4.57393967e+00 -3.38902367e-01 -3.38902367e-01
 -3.38902367e-01  3.84114585e+00  8.36985970e-01 -3.38902367e-01
  4.75471437e+00  3.95483325e-01 -3.38902367e-01 -3.38902367e-01
  4.75541768e+00  3.61366416e+00 -1.41849383e-01 -3.38902367e-01
 -3.38902367e-01 -3.38902367e-01 -3.38902367e-01 -3.38902367e-01
 -3.38902367e-01 -3.38902367e-01 -3.38902367e-01 -3.38902367e-01
 -3.38902367e-01 -3.38902367e-01 -3.38902367e-01 -3.38902367e-01
 -3.38902367e-01 -3.38902367e-01 -3.38902367e-01 -3.38902367e-01
 -3.38902367e-01 -3.38902367e-01 -3.38902367e-01 -3.38902367e-01
 -3.38902367e-01 -3.38902367e-01  9.78693452e-01  7.72638931e-01
 -3.38902367e-01 -3.38902367e-01 -3.38902367e-01 -3.38902367e-01
 -3.38902367e-01 -3.38902367e-01 -3.38902367e-01 -3.38902367e-01
 -3.38902367e-01 -3.38902367e-01 -3.38902367e-01 -3.38902367e-01
 -3.38902367e-01 -3.38902367e-01  8.27789860e-02 -3.38902367e-01
 -3.38902367e-01 -3.38902367e-01 -3.38902367e-01 -3.38902367e-01
 -3.38902367e-01 -3.38902367e-01 -3.38902367e-01 -3.38902367e-01
 -2.19842447e-01  1.00325511e-01  1.25198606e+00  3.71841907e-01
  2.38095976e+00 -3.38902367e-01  1.21627382e+00 -3.38902367e-01
  7.10804200e-01  1.12289235e+00  1.29141179e-02 -3.38902367e-01
  4.11887239e-01 -3.38902367e-01 -3.38902367e-01  2.29599978e+00
 -3.38902367e-01  3.15348161e-01  2.25834916e+00 -3.38902367e-01
 -3.38902367e-01  2.59065288e+00  6.54921012e-01  1.01637925e+00
  1.18232957e+00 -3.38902367e-01 -3.38902367e-01 -3.38902367e-01
 -3.38902367e-01 -3.38902367e-01  3.92166904e+00 -3.38902367e-01
 -3.38902367e-01  2.27701156e+00 -3.38902367e-01  2.65675993e+00
 -3.38902367e-01 -3.38902367e-01 -3.38902367e-01 -3.38902367e-01
 -3.38902367e-01 -3.38902367e-01 -3.38902367e-01 -3.38902367e-01
 -3.38902367e-01 -3.38902367e-01 -3.38902367e-01 -3.38902367e-01
 -3.38902367e-01 -3.38902367e-01 -3.38902367e-01 -3.38902367e-01
 -3.38902367e-01  5.20545201e+00 -3.38902367e-01 -3.38902367e-01
 -3.38902367e-01 -3.38902367e-01 -3.38902367e-01 -3.38902367e-01
 -3.38902367e-01 -3.38902367e-01 -3.38902367e-01 -3.38902367e-01
 -3.38902367e-01 -3.38902367e-01 -3.38902367e-01 -3.38902367e-01
 -3.38902367e-01 -3.38902367e-01 -3.38902367e-01 -3.38902367e-01
 -3.38902367e-01 -3.38902367e-01 -3.38902367e-01  2.30726732e+00
 -3.38902367e-01 -3.38902367e-01 -3.38902367e-01 -3.38902367e-01
 -3.38902367e-01 -3.38902367e-01 -3.38902367e-01 -3.38902367e-01
 -3.38902367e-01 -3.38902367e-01 -3.38902367e-01 -3.38902367e-01
 -3.38902367e-01 -3.38902367e-01 -3.38902367e-01 -3.38902367e-01
 -3.38902367e-01 -3.38902367e-01 -3.38902367e-01  2.27054211e+00
 -3.38902367e-01 -3.38902367e-01 -3.38902367e-01 -3.38902367e-01
 -3.38902367e-01 -3.38902367e-01 -3.38902367e-01 -3.38902367e-01
 -3.38902367e-01 -3.38902367e-01 -3.38902367e-01 -3.38902367e-01
 -3.38902367e-01  8.89062850e-01 -3.38902367e-01 -3.38902367e-01
 -3.38902367e-01 -3.38902367e-01 -3.38902367e-01 -3.38902367e-01
 -3.38902367e-01 -3.38902367e-01 -3.38902367e-01 -3.38902367e-01
 -3.38902367e-01 -3.38902367e-01 -3.38902367e-01 -3.38902367e-01
 -3.38902367e-01  2.59390899e+00 -3.38902367e-01 -3.38902367e-01
 -3.38902367e-01 -3.38902367e-01 -3.38902367e-01 -3.38902367e-01
 -3.38902367e-01 -3.38902367e-01 -3.38902367e-01 -3.38902367e-01
  2.02556155e-01 -3.38902367e-01 -3.38902367e-01  4.41887306e-03
 -3.38902367e-01 -3.38902367e-01 -3.38902367e-01 -3.38902367e-01
 -3.38902367e-01 -3.38902367e-01 -3.38902367e-01  4.17372147e+00
  3.61007940e+00 -3.38902367e-01 -3.38902367e-01 -3.38902367e-01
 -3.38902367e-01 -3.38902367e-01 -3.38902367e-01 -3.38902367e-01
 -3.38902367e-01 -3.38902367e-01 -3.38902367e-01 -3.38902367e-01
 -3.38902367e-01 -3.38902367e-01 -3.38902367e-01 -3.38902367e-01
 -3.38902367e-01 -3.38902367e-01 -3.38902367e-01 -3.38902367e-01
 -3.38902367e-01 -3.38902367e-01  3.01696700e+00 -3.38902367e-01
 -3.38902367e-01 -3.38902367e-01 -3.38902367e-01]",[0.011220266180652305]
0,"[-0.35532581 -0.35532581 -0.35532581 -0.35532581 -0.35532581 -0.35532581
 -0.35532581 -0.35532581 -0.35532581 -0.35532581 -0.35532581 -0.35532581
 -0.35532581 -0.35532581 -0.35532581 -0.35532581 -0.35532581 -0.35532581
 -0.35532581 -0.35532581 -0.35532581 -0.35532581 -0.35532581 -0.35532581
 -0.35532581 -0.35532581 -0.35532581 -0.35532581 -0.35532581  0.2720415
 -0.35532581 -0.35532581 -0.35532581 -0.35532581 -0.35532581 -0.35532581
 -0.35532581  0.53242246 -0.35532581 -0.35532581 -0.35532581 -0.35532581
 -0.35532581 -0.35532581 -0.35532581  1.91242497  1.29103194 -0.35532581
 -0.35532581 -0.35532581 -0.35532581 -0.35532581 -0.35532581 -0.35532581
 -0.35532581 -0.35532581 -0.12786119  4.25206722 -0.35532581 -0.35532581
 -0.35532581  3.05610076  3.73007461  0.44777205  5.69444134  0.99153229
 -0.35532581 -0.35532581  5.83714229  4.07301924  4.44081584 -0.35532581
 -0.35532581 -0.35532581 -0.35532581 -0.35532581 -0.35532581 -0.35532581
 -0.35532581  0.19328753 -0.35532581 -0.35532581 -0.35532581 -0.35532581
 -0.35532581 -0.35532581 -0.35532581 -0.35532581 -0.35532581 -0.35532581
 -0.35532581 -0.35532581  1.26639515 -0.35532581  2.18110966  0.71778182
 -0.35532581  1.81500849 -0.35532581 -0.35532581 -0.35532581 -0.35532581
 -0.35532581 -0.35532581 -0.35532581  0.79346095 -0.35532581 -0.35532581
 -0.35532581 -0.35532581  0.0274018  -0.35532581 -0.35532581 -0.35532581
  0.63902785 -0.35532581 -0.35532581 -0.35532581  0.44777205 -0.35532581
 -0.35532581 -0.35532581  0.64388094 -0.35532581  1.66629785 -0.35532581
  3.71651894 -0.35532581  1.87415665  1.19932005  0.60050715 -0.35532581
 -0.35532581  0.84767474 -0.35532581  3.55776097  0.16720216 -0.05078489
  3.26848216 -0.35532581 -0.35532581  3.9869793   0.0633946   0.53242246
  0.00792816 -0.35532581 -0.35532581 -0.35532581 -0.35532581 -0.35532581
 -0.35532581 -0.35532581 -0.35532581  1.12333787 -0.35532581 -0.35532581
 -0.35532581 -0.35532581 -0.35532581  0.53242246 -0.35532581 -0.35532581
 -0.35532581 -0.35532581 -0.35532581 -0.35532581 -0.35532581 -0.35532581
 -0.35532581 -0.35532581 -0.35532581 -0.35532581 -0.35532581  3.37363076
 -0.35532581 -0.35532581 -0.35532581 -0.35532581 -0.35532581 -0.35532581
 -0.35532581 -0.35532581 -0.35532581 -0.35532581 -0.35532581 -0.35532581
 -0.35532581 -0.35532581 -0.35532581  1.26639515 -0.35532581 -0.35532581
 -0.35532581 -0.35532581 -0.35532581  3.3457534  -0.35532581  0.51199044
 -0.35532581 -0.35532581 -0.35532581 -0.35532581 -0.35532581 -0.35532581
 -0.35532581  0.94356877 -0.35532581 -0.35532581 -0.35532581 -0.35532581
 -0.35532581 -0.35532581 -0.35532581 -0.35532581 -0.35532581  1.2242899
 -0.35532581 -0.35532581 -0.35532581 -0.35532581 -0.35532581 -0.35532581
 -0.35532581 -0.35532581 -0.35532581 -0.35532581 -0.35532581 -0.35532581
 -0.35532581 -0.35532581 -0.35532581 -0.35532581 -0.35532581 -0.35532581
 -0.35532581 -0.35532581 -0.35532581 -0.35532581 -0.35532581 -0.35532581
 -0.35532581 -0.35532581 -0.35532581 -0.35532581 -0.35532581  1.39180684
 -0.35532581 -0.35532581 -0.35532581 -0.35532581 -0.35532581 -0.35532581
 -0.35532581 -0.35532581 -0.35532581  1.04232679 -0.35532581 -0.35532581
 -0.35532581 -0.11575266 -0.35532581 -0.35532581 -0.35532581 -0.35532581
 -0.35532581 -0.35532581 -0.35532581 -0.35532581 -0.35532581 -0.35532581
  0.22993625 -0.35532581 -0.35532581 -0.35532581 -0.35532581  0.70370533
 -0.35532581 -0.35532581 -0.35532581 -0.35532581 -0.35532581 -0.35532581
 -0.35532581 -0.35532581 -0.35532581  2.01547838 -0.35532581 -0.35532581
 -0.35532581 -0.35532581  1.83394432 -0.35532581 -0.35532581 -0.35532581
 -0.35532581]",[0.11720159399608465]
0,"[-0.3433276  -0.3433276  -0.3433276  -0.3433276  -0.3433276  -0.3433276
 -0.3433276  -0.3433276  -0.3433276  -0.3433276  -0.3433276  -0.3433276
 -0.3433276  -0.3433276  -0.3433276  -0.3433276  -0.3433276   1.21401555
 -0.3433276   0.43737434 -0.3433276  -0.3433276  -0.3433276  -0.3433276
 -0.3433276  -0.3433276  -0.3433276  -0.3433276  -0.3433276   1.73011478
 -0.3433276  -0.3433276  -0.3433276  -0.3433276  -0.3433276  -0.3433276
 -0.3433276   3.04483244 -0.3433276  -0.3433276  -0.3433276  -0.3433276
 -0.3433276  -0.3433276  -0.3433276   4.78400615  1.53104475 -0.3433276
 -0.3433276  -0.3433276  -0.3433276  -0.3433276  -0.3433276  -0.3433276
 -0.3433276  -0.3433276  -0.11395659  4.29730427 -0.3433276  -0.3433276
 -0.3433276   2.33820943 -0.05020688 -0.3433276   4.88453742  1.06791465
  1.1041327  -0.3433276   5.1252922   2.57796433  3.39859989 -0.3433276
 -0.3433276  -0.3433276   0.54691775  0.31866144  0.08740798 -0.3433276
 -0.3433276  -0.3433276  -0.3433276  -0.3433276  -0.3433276  -0.3433276
 -0.3433276  -0.3433276  -0.3433276  -0.3433276  -0.3433276  -0.3433276
 -0.3433276  -0.3433276   0.92994242 -0.3433276  -0.14464746 -0.3433276
 -0.3433276  -0.3433276  -0.3433276  -0.3433276  -0.3433276  -0.3433276
 -0.3433276  -0.3433276   0.11618217 -0.3433276  -0.3433276  -0.3433276
 -0.3433276  -0.3433276  -0.04283473 -0.3433276  -0.3433276  -0.3433276
 -0.3433276  -0.3433276  -0.3433276  -0.3433276  -0.3433276  -0.3433276
 -0.22656966 -0.3433276   0.0769111   0.69868896  1.69736126 -0.3433276
  0.9932721  -0.3433276   1.16662697  0.33274877  0.23294011 -0.3433276
 -0.3433276  -0.3433276  -0.3433276   1.60887135 -0.24015756 -0.25438348
  2.63240639 -0.3433276  -0.3433276   3.53489074 -0.01457552  0.06814865
  0.3025285  -0.3433276  -0.3433276  -0.3433276  -0.3433276  -0.3433276
  3.37656066 -0.3433276  -0.3433276   0.22597997 -0.3433276   0.2872127
 -0.3433276  -0.3433276  -0.3433276  -0.3433276  -0.3433276  -0.3433276
 -0.3433276  -0.3433276  -0.3433276  -0.3433276  -0.3433276  -0.3433276
 -0.3433276  -0.3433276  -0.3433276  -0.3433276  -0.3433276   4.85856444
 -0.3433276  -0.3433276  -0.3433276  -0.3433276  -0.3433276   0.43737434
 -0.3433276  -0.3433276  -0.3433276  -0.3433276  -0.3433276  -0.3433276
 -0.3433276  -0.3433276   0.92994242 -0.3433276  -0.3433276  -0.3433276
 -0.3433276  -0.3433276  -0.3433276   3.67738881 -0.3433276  -0.3433276
 -0.3433276  -0.3433276  -0.3433276  -0.3433276  -0.3433276  -0.3433276
 -0.3433276  -0.3433276  -0.3433276  -0.3433276  -0.3433276  -0.3433276
 -0.3433276  -0.3433276  -0.3433276  -0.3433276  -0.3433276   1.68506639
 -0.3433276  -0.3433276  -0.3433276  -0.3433276  -0.3433276  -0.3433276
 -0.3433276  -0.3433276  -0.3433276  -0.3433276  -0.3433276  -0.3433276
 -0.3433276   1.28500812 -0.3433276  -0.3433276  -0.3433276  -0.3433276
 -0.3433276  -0.3433276  -0.3433276  -0.3433276  -0.3433276  -0.3433276
 -0.3433276  -0.3433276  -0.3433276  -0.3433276  -0.3433276   1.38095979
 -0.3433276  -0.3433276  -0.3433276  -0.3433276  -0.3433276  -0.3433276
 -0.3433276  -0.3433276  -0.18823105 -0.04283473 -0.3433276  -0.3433276
 -0.3433276  -0.15523032 -0.3433276  -0.3433276  -0.3433276  -0.3433276
 -0.3433276  -0.3433276  -0.3433276  -0.3433276  -0.3433276  -0.3433276
 -0.3433276  -0.3433276  -0.3433276   2.09695138 -0.3433276   0.4881549
 -0.3433276  -0.3433276  -0.3433276  -0.3433276  -0.3433276  -0.3433276
 -0.3433276  -0.3433276   1.360678   -0.3433276  -0.3433276  -0.3433276
 -0.3433276  -0.3433276   6.01269335  2.20321245 -0.3433276  -0.3433276
 -0.3433276 ]",[0.020782579418714697]
0,"[-0.22948602 -0.22948602 -0.22948602 -0.22948602 -0.22948602 -0.22948602
 -0.22948602 -0.22948602 -0.22948602 -0.22948602 -0.22948602 -0.22948602
 -0.22948602 -0.22948602 -0.22948602 -0.22948602 -0.22948602 -0.22948602
 -0.22948602 -0.22948602 -0.22948602 -0.22948602 -0.22948602 -0.22948602
 -0.22948602 -0.22948602 -0.22948602 -0.22948602 -0.22948602 -0.22948602
 -0.22948602 -0.22948602 -0.22948602 -0.22948602 -0.22948602 -0.22948602
 -0.22948602 -0.22948602 -0.22948602 -0.22948602 -0.22948602 -0.22948602
 -0.22948602 -0.22948602 -0.22948602  1.76306575  0.88537243 -0.22948602
 -0.22948602 -0.22948602 -0.22948602 -0.22948602 -0.22948602 -0.22948602
 -0.22948602 -0.22948602 -0.22948602  3.92162223 -0.22948602 -0.22948602
 -0.22948602  3.0840719   8.21024462  3.98287233  0.88652822  2.46677231
 -0.22948602 -0.22948602  0.53801864  1.82904803  7.59221721 -0.22948602
 -0.22948602 -0.22948602 -0.22948602 -0.22948602 -0.22948602 -0.22948602
 -0.22948602 -0.22948602 -0.22948602 -0.22948602 -0.22948602 -0.22948602
 -0.22948602 -0.22948602 -0.22948602 -0.22948602 -0.22948602 -0.22948602
 -0.22948602 -0.22948602 -0.22948602 -0.22948602 -0.22948602  0.1779153
 -0.22948602 -0.22948602 -0.22948602 -0.22948602 -0.22948602 -0.22948602
 -0.22948602 -0.22948602 -0.22948602 -0.22948602 -0.22948602 -0.22948602
 -0.22948602 -0.22948602  0.02452162 -0.22948602 -0.22948602 -0.22948602
 -0.22948602 -0.22948602 -0.22948602 -0.22948602 -0.22948602 -0.22948602
 -0.22948602  1.13263355 -0.14515754  1.98520008 -0.22948602 -0.22948602
  1.14862343 -0.22948602 -0.16906534  0.40094619 -0.22948602 -0.22948602
 -0.22948602 -0.22948602 -0.22948602  3.38427767 -0.22948602  0.02753769
  2.7052079  -0.22948602 -0.22948602  5.40109942 -0.22948602 -0.03480825
 -0.22948602 -0.22948602 -0.22948602 -0.22948602 -0.22948602 -0.22948602
 -0.22948602 -0.22948602 -0.22948602  2.21932979 -0.22948602 -0.22948602
 -0.22948602 -0.22948602 -0.22948602 -0.22948602 -0.22948602 -0.22948602
 -0.22948602 -0.22948602 -0.22948602 -0.22948602 -0.22948602 -0.22948602
 -0.22948602 -0.22948602 -0.22948602 -0.22948602 -0.22948602 -0.22948602
 -0.22948602 -0.22948602 -0.22948602 -0.22948602 -0.22948602 -0.22948602
 -0.22948602 -0.22948602 -0.22948602 -0.22948602 -0.22948602 -0.22948602
 -0.22948602 -0.22948602 -0.22948602 -0.22948602 -0.22948602 -0.22948602
 -0.22948602 -0.22948602 -0.22948602  6.36614678 -0.22948602 -0.22948602
 -0.22948602 -0.22948602 -0.22948602 -0.22948602 -0.22948602 -0.22948602
 -0.22948602 -0.22948602 -0.22948602 -0.22948602 -0.22948602 -0.22948602
 -0.22948602 -0.22948602 -0.22948602 -0.22948602 -0.22948602  0.47358674
 -0.22948602 -0.22948602 -0.22948602 -0.22948602 -0.22948602 -0.22948602
 -0.22948602 -0.22948602 -0.22948602 -0.22948602 -0.22948602 -0.22948602
 -0.22948602 -0.22948602 -0.22948602 -0.22948602 -0.22948602 -0.22948602
 -0.22948602 -0.22948602 -0.22948602 -0.22948602 -0.22948602 -0.22948602
 -0.22948602 -0.22948602 -0.22948602 -0.22948602 -0.22948602 -0.22948602
 -0.22948602 -0.22948602 -0.22948602 -0.22948602 -0.22948602 -0.22948602
 -0.22948602 -0.22948602  0.20249718 -0.22948602 -0.22948602 -0.22948602
 -0.22948602 -0.22948602 -0.22948602 -0.22948602 -0.22948602 -0.22948602
 -0.22948602 -0.22948602 -0.22948602 -0.22948602 -0.22948602 -0.22948602
 -0.22948602 -0.22948602 -0.22948602 -0.22948602 -0.22948602  0.58295447
 -0.22948602 -0.22948602 -0.22948602 -0.22948602 -0.22948602 -0.22948602
 -0.22948602 -0.22948602 -0.22948602 -0.22948602 -0.22948602 -0.22948602
 -0.22948602 -0.22948602 -0.22948602 -0.22948602 -0.22948602 -0.22948602
 -0.22948602]",[0.011088911377971938]
0,"[-0.35171304 -0.35171304 -0.35171304 -0.35171304 -0.35171304 -0.35171304
 -0.35171304 -0.35171304 -0.35171304 -0.35171304 -0.35171304 -0.35171304
 -0.35171304 -0.35171304 -0.35171304 -0.35171304 -0.35171304 -0.14867604
 -0.35171304  0.62550707  0.52073858 -0.35171304 -0.35171304 -0.35171304
 -0.35171304 -0.35171304 -0.35171304 -0.35171304 -0.35171304  0.88140145
 -0.35171304 -0.35171304 -0.35171304  0.76262473 -0.35171304 -0.35171304
 -0.35171304 -0.35171304 -0.35171304 -0.35171304  0.22346446 -0.35171304
 -0.35171304 -0.35171304 -0.35171304  3.43682051  1.27577993 -0.35171304
 -0.35171304 -0.35171304 -0.35171304 -0.35171304 -0.35171304 -0.35171304
 -0.35171304 -0.35171304 -0.35171304  5.72991705 -0.35171304 -0.35171304
 -0.35171304  2.80075449 -0.27666822 -0.35171304  4.78221415  0.86768132
 -0.35171304 -0.35171304  4.35990655  3.66571352 -0.22257305 -0.35171304
 -0.35171304 -0.35171304 -0.35171304 -0.35171304 -0.35171304 -0.35171304
 -0.35171304 -0.35171304 -0.35171304 -0.35171304 -0.35171304 -0.35171304
 -0.35171304 -0.35171304 -0.35171304 -0.35171304 -0.35171304 -0.35171304
 -0.35171304 -0.35171304 -0.35171304 -0.35171304 -0.35171304 -0.35171304
 -0.35171304 -0.35171304 -0.35171304 -0.35171304 -0.35171304 -0.35171304
 -0.35171304 -0.35171304 -0.35171304 -0.35171304 -0.35171304 -0.35171304
 -0.35171304 -0.35171304  0.2879495  -0.35171304 -0.35171304 -0.35171304
 -0.35171304 -0.35171304 -0.35171304 -0.35171304  0.43754677 -0.35171304
 -0.35171304 -0.35171304  1.21782565  0.52073858  1.78122458 -0.35171304
  3.67703652 -0.35171304  1.57984479  1.99460392  0.58765012  1.96339005
 -0.35171304 -0.35171304 -0.35171304  3.63535401  1.44793323  0.5850681
  3.50078526 -0.35171304 -0.35171304  2.84123589  1.19735621  1.28463244
 -0.35171304 -0.35171304 -0.35171304 -0.35171304 -0.35171304 -0.35171304
  3.59303937 -0.35171304 -0.35171304  0.95259976 -0.35171304 -0.35171304
 -0.35171304 -0.35171304 -0.35171304  1.96339005 -0.35171304 -0.35171304
 -0.35171304 -0.35171304 -0.35171304 -0.35171304 -0.35171304 -0.35171304
 -0.35171304 -0.35171304 -0.35171304 -0.35171304 -0.35171304  0.04129899
 -0.35171304 -0.35171304 -0.35171304 -0.35171304 -0.35171304 -0.35171304
 -0.35171304 -0.35171304 -0.35171304 -0.35171304 -0.35171304 -0.35171304
 -0.35171304 -0.35171304 -0.35171304 -0.35171304 -0.35171304 -0.35171304
 -0.35171304 -0.35171304 -0.35171304  3.21705813 -0.35171304  0.0298803
  0.12772655 -0.35171304 -0.35171304 -0.35171304 -0.35171304 -0.35171304
 -0.35171304 -0.35171304 -0.35171304 -0.35171304 -0.35171304 -0.35171304
 -0.35171304 -0.35171304 -0.35171304 -0.35171304 -0.35171304  2.57994729
 -0.35171304 -0.35171304 -0.35171304 -0.35171304 -0.35171304 -0.35171304
 -0.35171304 -0.35171304 -0.35171304 -0.35171304 -0.35171304 -0.35171304
 -0.35171304  0.31293722 -0.35171304 -0.35171304  0.95259976 -0.35171304
 -0.35171304 -0.35171304 -0.35171304 -0.35171304 -0.35171304 -0.35171304
 -0.35171304 -0.35171304 -0.35171304 -0.35171304 -0.35171304  0.01459749
 -0.35171304 -0.35171304 -0.35171304 -0.35171304 -0.35171304 -0.35171304
 -0.35171304 -0.35171304  2.91919489  2.46141824 -0.35171304 -0.35171304
 -0.35171304 -0.35171304 -0.35171304 -0.35171304 -0.35171304 -0.35171304
 -0.35171304 -0.35171304 -0.35171304 -0.35171304 -0.35171304 -0.35171304
 -0.35171304 -0.35171304 -0.35171304 -0.35171304 -0.35171304  0.31293722
 -0.35171304 -0.35171304 -0.35171304 -0.35171304 -0.35171304 -0.35171304
 -0.35171304  5.36034616 -0.35171304  1.9683677   0.95259976 -0.35171304
 -0.35171304 -0.35171304  0.23326086 -0.35171304 -0.35171304 -0.35171304
 -0.35171304]",[0.3036504851849769]
0,"[-0.32438727 -0.32438727 -0.32438727 -0.32438727 -0.32438727 -0.32438727
 -0.32438727 -0.32438727 -0.32438727 -0.32438727 -0.32438727 -0.32438727
 -0.32438727 -0.32438727 -0.32438727 -0.32438727 -0.32438727 -0.32438727
 -0.32438727 -0.32438727 -0.32438727 -0.32438727 -0.32438727 -0.32438727
 -0.32438727 -0.32438727 -0.32438727 -0.32438727 -0.32438727  0.87429601
 -0.32438727 -0.32438727 -0.32438727 -0.32438727 -0.32438727 -0.32438727
 -0.32438727 -0.32438727 -0.32438727 -0.32438727  0.50133225 -0.32438727
 -0.32438727 -0.32438727 -0.32438727  4.85385636  1.91914792 -0.32438727
 -0.32438727 -0.32438727 -0.32438727 -0.32438727 -0.32438727 -0.32438727
 -0.32438727 -0.32438727 -0.32438727  4.59724133 -0.32438727 -0.32438727
 -0.32438727  2.15312678  0.17133058 -0.32438727  5.64745574  0.23611142
 -0.32438727 -0.32438727  4.4932635   4.60511693 -0.10766811 -0.32438727
 -0.32438727 -0.32438727 -0.32438727 -0.32438727 -0.32438727 -0.32438727
 -0.32438727 -0.32438727 -0.32438727 -0.32438727 -0.32438727 -0.32438727
 -0.32438727 -0.32438727 -0.32438727 -0.32438727 -0.32438727 -0.32438727
 -0.32438727 -0.32438727 -0.32438727 -0.32438727 -0.32438727  0.62050244
 -0.32438727 -0.32438727 -0.32438727 -0.32438727 -0.32438727 -0.32438727
 -0.32438727 -0.32438727 -0.32438727 -0.32438727 -0.32438727 -0.32438727
 -0.32438727 -0.32438727 -0.32438727 -0.32438727 -0.32438727 -0.32438727
 -0.32438727 -0.32438727 -0.32438727 -0.32438727  0.3827542   1.63067131
 -0.32438727 -0.32438727  0.41607351  0.45729034  3.2705686  -0.32438727
  2.66567492 -0.32438727  3.48129572  1.08920596  0.06254102 -0.32438727
 -0.32438727 -0.32438727 -0.32438727  3.34216389 -0.20868362  0.01626673
  3.07324368 -0.32438727 -0.32438727  2.91620687  0.29540893  0.84421863
  1.43971552 -0.32438727 -0.32438727 -0.32438727 -0.32438727 -0.32438727
  3.20993436 -0.32438727 -0.32438727  1.27108171 -0.32438727  1.0025504
 -0.32438727 -0.32438727 -0.32438727  0.6740095  -0.32438727 -0.32438727
 -0.32438727 -0.32438727 -0.32438727 -0.32438727 -0.32438727 -0.32438727
 -0.32438727 -0.32438727 -0.32438727 -0.32438727 -0.32438727  5.15000602
 -0.32438727 -0.32438727 -0.32438727 -0.32438727 -0.32438727 -0.32438727
 -0.32438727 -0.32438727 -0.32438727 -0.32438727 -0.32438727 -0.32438727
 -0.32438727  0.32188831 -0.32438727 -0.32438727  0.32188831 -0.32438727
 -0.32438727 -0.32438727 -0.32438727  2.25438756 -0.32438727 -0.32438727
 -0.32438727 -0.32438727 -0.32438727 -0.32438727 -0.32438727 -0.32438727
 -0.32438727 -0.32438727 -0.32438727 -0.32438727 -0.32438727 -0.32438727
 -0.32438727 -0.32438727 -0.32438727 -0.32438727 -0.32438727  3.09093966
 -0.32438727 -0.32438727 -0.32438727 -0.32438727 -0.32438727 -0.32438727
 -0.32438727 -0.32438727 -0.32438727 -0.32438727 -0.32438727 -0.32438727
 -0.32438727  0.60810786 -0.32438727 -0.32438727 -0.32438727 -0.32438727
 -0.32438727 -0.32438727 -0.32438727 -0.32438727 -0.32438727 -0.32438727
 -0.32438727 -0.32438727 -0.32438727 -0.32438727 -0.32438727  2.99354117
 -0.32438727 -0.32438727 -0.32438727 -0.32438727 -0.32438727 -0.32438727
 -0.32438727 -0.32438727 -0.32438727 -0.32438727  0.27110961 -0.32438727
 -0.32438727  0.05319794 -0.32438727 -0.32438727 -0.32438727 -0.32438727
 -0.32438727 -0.32438727 -0.32438727 -0.32438727 -0.32438727 -0.32438727
 -0.32438727 -0.32438727 -0.32438727 -0.32438727 -0.32438727 -0.32438727
 -0.32438727 -0.32438727 -0.32438727 -0.32438727 -0.32438727 -0.32438727
 -0.32438727 -0.32438727 -0.32438727  3.03088082  1.10356592 -0.32438727
 -0.32438727 -0.32438727 -0.32438727 -0.32438727 -0.32438727 -0.32438727
 -0.32438727]",[0.3391766973864649]
0,"[-0.33700256 -0.33700256 -0.33700256 -0.33700256 -0.33700256 -0.33700256
 -0.33700256 -0.33700256 -0.33700256 -0.33700256 -0.33700256 -0.33700256
 -0.33700256 -0.33700256 -0.33700256 -0.33700256 -0.33700256  0.20636297
 -0.33700256 -0.33700256 -0.33700256 -0.33700256 -0.33700256 -0.33700256
 -0.33700256 -0.33700256 -0.33700256 -0.33700256 -0.33700256  0.53563838
 -0.33700256 -0.33700256 -0.33700256 -0.33700256 -0.33700256 -0.33700256
 -0.33700256  1.05948188 -0.33700256 -0.33700256 -0.33700256 -0.33700256
 -0.33700256 -0.33700256 -0.33700256  2.17633669  0.18416884 -0.33700256
 -0.33700256 -0.33700256  1.05948188 -0.33700256 -0.33700256 -0.33700256
 -0.33700256 -0.33700256 -0.25036445  3.97764882 -0.33700256 -0.33700256
 -0.33700256  3.56310103  6.39743399 -0.33700256  4.59120217  0.81928473
 -0.33700256 -0.33700256  4.92620404  3.74639026  5.24289318 -0.33700256
 -0.33700256 -0.33700256 -0.33700256  0.20636297 -0.33700256 -0.33700256
 -0.33700256 -0.33700256 -0.33700256 -0.33700256 -0.33700256 -0.33700256
 -0.33700256 -0.33700256 -0.33700256 -0.33700256 -0.33700256 -0.33700256
 -0.33700256 -0.33700256 -0.33700256 -0.33700256  3.6223206   0.27882091
 -0.33700256 -0.33700256 -0.33700256 -0.33700256 -0.33700256 -0.33700256
 -0.33700256 -0.33700256 -0.33700256 -0.33700256 -0.33700256 -0.33700256
 -0.33700256 -0.33700256  0.56524789 -0.33700256 -0.33700256 -0.33700256
 -0.33700256 -0.33700256 -0.33700256 -0.33700256  0.50803173 -0.33700256
 -0.18052649  0.24025845  0.2677853  -0.33700256  2.19874625 -0.33700256
  3.30016048 -0.33700256  2.53354504  0.45029512  0.66874241  1.54962896
 -0.33700256  1.05948188 -0.33700256  3.03046088 -0.07802309  0.07007909
  3.03528654 -0.33700256 -0.33700256  3.28553538  0.10358274  0.04290218
 -0.33700256 -0.33700256 -0.33700256 -0.33700256 -0.33700256 -0.33700256
  1.94666299 -0.33700256 -0.33700256  1.04000549 -0.33700256  0.1763175
 -0.33700256 -0.33700256 -0.33700256  2.30350698 -0.33700256 -0.33700256
 -0.33700256 -0.33700256 -0.33700256 -0.33700256 -0.33700256 -0.33700256
 -0.33700256 -0.33700256 -0.33700256 -0.33700256 -0.33700256 -0.33700256
 -0.33700256 -0.33700256 -0.33700256 -0.33700256 -0.33700256 -0.33700256
 -0.33700256 -0.33700256 -0.33700256 -0.33700256 -0.33700256 -0.33700256
 -0.33700256 -0.33700256 -0.33700256 -0.33700256 -0.33700256 -0.33700256
 -0.33700256 -0.33700256 -0.33700256  3.0516503  -0.33700256 -0.33700256
  0.50803173 -0.33700256 -0.33700256 -0.33700256 -0.33700256 -0.33700256
 -0.33700256 -0.33700256 -0.33700256 -0.33700256 -0.33700256 -0.33700256
 -0.33700256 -0.33700256 -0.33700256 -0.33700256 -0.33700256  2.67877249
 -0.33700256 -0.33700256 -0.33700256 -0.33700256 -0.33700256 -0.33700256
 -0.33700256 -0.33700256  0.85608192 -0.33700256 -0.33700256 -0.33700256
 -0.33700256  0.37461642 -0.33700256 -0.33700256 -0.33700256 -0.33700256
 -0.33700256 -0.33700256 -0.33700256 -0.33700256 -0.33700256 -0.33700256
 -0.33700256 -0.33700256 -0.33700256 -0.33700256 -0.33700256 -0.02876896
 -0.33700256 -0.33700256 -0.33700256 -0.33700256 -0.33700256 -0.33700256
 -0.33700256 -0.33700256 -0.33700256 -0.33700256 -0.33700256 -0.33700256
 -0.33700256 -0.33700256 -0.33700256 -0.33700256 -0.33700256 -0.33700256
 -0.33700256 -0.33700256 -0.33700256 -0.33700256 -0.33700256 -0.33700256
  0.64973255 -0.33700256 -0.33700256 -0.33700256 -0.33700256 -0.33700256
 -0.33700256 -0.33700256 -0.33700256 -0.33700256 -0.33700256 -0.33700256
 -0.33700256 -0.33700256 -0.33700256  1.65770111  0.59710244 -0.33700256
 -0.33700256 -0.33700256  1.42322209 -0.33700256 -0.33700256 -0.33700256
 -0.33700256]",[-0.039672059334508625]
0,"[-3.08663113e-01 -3.08663113e-01 -3.08663113e-01 -3.08663113e-01
 -3.08663113e-01 -3.08663113e-01 -3.08663113e-01 -3.08663113e-01
 -3.08663113e-01 -3.08663113e-01 -3.08663113e-01 -3.08663113e-01
 -3.08663113e-01 -3.08663113e-01 -3.08663113e-01 -3.08663113e-01
 -3.08663113e-01  4.78085756e-01 -3.08663113e-01 -3.08663113e-01
 -3.08663113e-01 -3.08663113e-01 -3.08663113e-01 -3.08663113e-01
 -3.08663113e-01 -3.08663113e-01 -3.08663113e-01 -3.08663113e-01
 -3.08663113e-01 -3.08663113e-01 -3.08663113e-01 -3.08663113e-01
 -3.08663113e-01  8.85907295e-01 -3.08663113e-01 -3.08663113e-01
  3.52286429e-01 -3.08663113e-01 -3.08663113e-01 -3.08663113e-01
 -3.08663113e-01 -3.08663113e-01 -3.08663113e-01 -3.08663113e-01
 -3.08663113e-01  3.73221197e+00  2.49966712e+00 -3.08663113e-01
 -3.08663113e-01 -3.08663113e-01 -3.08663113e-01 -3.08663113e-01
 -3.08663113e-01 -3.08663113e-01 -3.08663113e-01 -3.08663113e-01
  3.18005252e+00  6.75597292e+00 -3.08663113e-01 -3.08663113e-01
 -3.08663113e-01  4.29478927e+00 -2.92021353e-01 -3.08663113e-01
  4.63289909e+00  8.60552957e-01 -3.08663113e-01 -3.08663113e-01
  4.22516958e+00  4.19739850e+00  5.78921345e-02 -3.08663113e-01
 -3.08663113e-01 -3.08663113e-01 -3.08663113e-01 -3.08663113e-01
 -3.08663113e-01 -3.08663113e-01 -3.08663113e-01 -3.08663113e-01
 -3.08663113e-01 -3.08663113e-01 -3.08663113e-01 -3.08663113e-01
 -3.08663113e-01 -3.08663113e-01 -3.08663113e-01 -3.08663113e-01
 -3.08663113e-01 -3.08663113e-01 -3.08663113e-01 -3.08663113e-01
 -3.08663113e-01 -3.08663113e-01 -3.08663113e-01 -3.08663113e-01
 -3.08663113e-01 -3.08663113e-01 -3.08663113e-01 -3.08663113e-01
 -3.08663113e-01 -3.08663113e-01 -3.08663113e-01 -3.08663113e-01
 -3.08663113e-01 -3.08663113e-01 -3.08663113e-01 -3.08663113e-01
 -3.08663113e-01 -3.08663113e-01  4.92079970e-01 -3.08663113e-01
 -3.08663113e-01 -3.08663113e-01 -3.08663113e-01 -3.08663113e-01
 -3.08663113e-01 -3.08663113e-01  5.37423630e-01  8.85907295e-01
  7.27497245e-01 -3.08663113e-01  1.18122933e-01  1.97784663e+00
  1.63360285e+00 -3.08663113e-01  2.84461416e+00 -3.08663113e-01
  1.90048948e+00  1.23617645e+00  4.64598281e-01 -3.08663113e-01
 -3.08663113e-01 -3.08663113e-01 -3.08663113e-01  3.45015207e+00
  5.78921345e-02  1.78433959e-01  3.47293863e+00 -3.08663113e-01
 -3.08663113e-01  2.90317675e+00 -3.08663113e-01  5.53779925e-01
 -3.08663113e-01 -3.08663113e-01 -3.08663113e-01 -3.08663113e-01
 -3.08663113e-01 -3.08663113e-01  2.59443708e+00 -3.08663113e-01
 -3.08663113e-01  1.94693473e+00 -3.08663113e-01 -3.08663113e-01
 -3.08663113e-01 -3.08663113e-01 -3.08663113e-01  3.63695869e+00
 -3.08663113e-01 -3.08663113e-01 -3.08663113e-01 -3.08663113e-01
 -3.08663113e-01 -3.08663113e-01 -3.08663113e-01 -3.08663113e-01
 -3.08663113e-01 -3.08663113e-01 -3.08663113e-01 -3.08663113e-01
 -3.08663113e-01  4.78449796e+00 -3.08663113e-01 -3.08663113e-01
 -3.08663113e-01 -3.08663113e-01 -3.08663113e-01 -3.08663113e-01
 -3.08663113e-01 -3.08663113e-01 -3.08663113e-01 -3.08663113e-01
 -3.08663113e-01 -3.08663113e-01 -3.08663113e-01 -3.08663113e-01
 -3.08663113e-01 -3.08663113e-01 -3.08663113e-01 -3.08663113e-01
 -3.08663113e-01 -3.08663113e-01 -3.08663113e-01  2.66611232e+00
 -3.08663113e-01 -3.08663113e-01  1.50711989e+00 -3.08663113e-01
 -3.08663113e-01 -3.08663113e-01 -3.08663113e-01 -3.08663113e-01
 -3.08663113e-01 -3.08663113e-01 -3.08663113e-01 -3.08663113e-01
 -3.08663113e-01 -3.08663113e-01 -3.08663113e-01 -3.08663113e-01
 -3.08663113e-01 -3.08663113e-01 -3.08663113e-01  2.58614530e+00
 -3.08663113e-01 -3.08663113e-01 -3.08663113e-01 -3.08663113e-01
 -3.08663113e-01 -3.08663113e-01 -3.08663113e-01 -3.08663113e-01
 -3.08663113e-01 -3.08663113e-01 -3.08663113e-01 -3.08663113e-01
 -3.08663113e-01 -3.08663113e-01 -3.08663113e-01 -3.08663113e-01
 -3.08663113e-01 -3.08663113e-01 -3.08663113e-01 -3.08663113e-01
 -3.08663113e-01 -3.08663113e-01 -3.08663113e-01 -3.08663113e-01
 -3.08663113e-01 -3.08663113e-01 -3.08663113e-01 -3.08663113e-01
 -3.08663113e-01 -4.56237557e-05 -3.08663113e-01 -3.08663113e-01
 -3.08663113e-01 -3.08663113e-01 -3.08663113e-01 -3.08663113e-01
 -3.08663113e-01 -3.08663113e-01 -3.08663113e-01 -3.08663113e-01
 -3.08663113e-01 -3.08663113e-01 -3.08663113e-01 -3.08663113e-01
 -3.08663113e-01 -3.08663113e-01 -3.08663113e-01 -3.08663113e-01
 -3.08663113e-01 -3.08663113e-01 -3.08663113e-01 -3.08663113e-01
 -3.08663113e-01 -3.08663113e-01 -3.08663113e-01 -3.08663113e-01
 -3.08663113e-01 -3.08663113e-01 -3.08663113e-01 -3.08663113e-01
 -3.08663113e-01 -3.08663113e-01 -3.08663113e-01 -3.08663113e-01
 -3.08663113e-01 -3.08663113e-01 -3.08663113e-01 -3.08663113e-01
 -3.08663113e-01 -3.08663113e-01 -3.08663113e-01 -3.08663113e-01
 -3.08663113e-01 -3.08663113e-01 -3.08663113e-01 -3.08663113e-01
 -3.08663113e-01 -3.08663113e-01 -3.08663113e-01]",[-0.025873701082330836]
0,"[-0.30128668 -0.30128668 -0.30128668 -0.30128668 -0.30128668 -0.30128668
 -0.30128668 -0.30128668 -0.30128668 -0.30128668 -0.30128668 -0.30128668
 -0.30128668 -0.30128668 -0.30128668 -0.30128668 -0.30128668 -0.30128668
 -0.30128668  1.0246176  -0.30128668 -0.30128668 -0.30128668 -0.30128668
 -0.30128668 -0.30128668 -0.30128668 -0.30128668 -0.30128668 -0.30128668
 -0.30128668 -0.30128668 -0.30128668 -0.30128668 -0.30128668 -0.30128668
 -0.30128668 -0.30128668 -0.30128668 -0.30128668 -0.30128668 -0.30128668
 -0.30128668 -0.30128668  1.21066053  2.9051269   1.42459756 -0.30128668
 -0.30128668 -0.30128668 -0.30128668 -0.30128668 -0.30128668 -0.30128668
 -0.30128668 -0.30128668  5.19110699  3.71994196 -0.30128668 -0.30128668
 -0.30128668  2.41336049  7.41913265 -0.30128668  3.74955418  0.6185326
 -0.30128668 -0.30128668  3.52521518  2.50521526  4.58680306 -0.30128668
 -0.30128668 -0.30128668 -0.30128668 -0.30128668 -0.30128668 -0.30128668
 -0.30128668 -0.30128668 -0.30128668 -0.30128668 -0.30128668 -0.30128668
 -0.30128668 -0.30128668 -0.30128668 -0.30128668 -0.30128668 -0.30128668
 -0.30128668 -0.30128668 -0.30128668 -0.30128668 -0.30128668 -0.30128668
 -0.30128668 -0.30128668 -0.30128668 -0.30128668 -0.30128668 -0.30128668
 -0.30128668 -0.30128668 -0.30128668 -0.30128668 -0.30128668 -0.30128668
 -0.30128668 -0.30128668 -0.30128668 -0.30128668 -0.30128668 -0.30128668
 -0.30128668 -0.30128668 -0.30128668 -0.30128668 -0.30128668 -0.30128668
  0.06727541  1.86117007  0.29954959 -0.30128668 -0.30128668 -0.30128668
  3.70537918 -0.30128668  0.48240083  1.72036511  0.67741696  2.94674792
 -0.30128668 -0.30128668 -0.30128668  4.75842443  0.16265599  0.21459127
  2.81651497 -0.30128668 -0.30128668  4.76381101  0.63731726  0.39754356
 -0.16079218 -0.30128668 -0.30128668 -0.30128668 -0.30128668 -0.30128668
 -0.30128668 -0.30128668 -0.30128668  0.75707103 -0.30128668 -0.30128668
 -0.30128668 -0.30128668 -0.30128668  1.86117007 -0.30128668 -0.30128668
 -0.30128668 -0.30128668 -0.30128668 -0.30128668 -0.30128668 -0.30128668
 -0.30128668 -0.30128668 -0.30128668 -0.30128668 -0.30128668 -0.30128668
 -0.30128668 -0.30128668 -0.30128668 -0.30128668 -0.30128668 -0.30128668
 -0.30128668 -0.30128668 -0.30128668 -0.30128668 -0.30128668 -0.30128668
 -0.30128668 -0.30128668 -0.30128668 -0.30128668 -0.30128668 -0.30128668
 -0.30128668 -0.30128668 -0.30128668  2.53750659 -0.30128668 -0.30128668
 -0.30128668 -0.30128668 -0.30128668 -0.30128668 -0.30128668  1.21066053
 -0.30128668 -0.30128668 -0.30128668 -0.30128668 -0.30128668 -0.30128668
 -0.30128668 -0.30128668 -0.30128668 -0.30128668 -0.30128668  1.87931913
 -0.30128668 -0.30128668 -0.30128668 -0.30128668 -0.30128668 -0.30128668
 -0.30128668 -0.30128668 -0.30128668 -0.30128668 -0.30128668 -0.30128668
 -0.30128668  1.11086072 -0.30128668 -0.30128668 -0.30128668 -0.30128668
 -0.30128668 -0.30128668 -0.30128668 -0.30128668 -0.30128668 -0.30128668
 -0.30128668 -0.30128668 -0.30128668 -0.30128668 -0.30128668  1.2270217
 -0.30128668 -0.30128668 -0.30128668 -0.30128668 -0.30128668 -0.30128668
 -0.30128668 -0.30128668  0.17821292 -0.30128668 -0.30128668 -0.30128668
 -0.30128668 -0.30128668 -0.30128668 -0.30128668 -0.30128668 -0.30128668
 -0.30128668 -0.30128668 -0.30128668 -0.30128668 -0.30128668 -0.30128668
 -0.30128668 -0.30128668 -0.30128668 -0.30128668 -0.30128668 -0.30128668
 -0.30128668 -0.30128668 -0.30128668 -0.30128668 -0.30128668 -0.30128668
 -0.30128668  1.0246176  -0.30128668 -0.30128668 -0.30128668 -0.30128668
 -0.30128668 -0.30128668 -0.30128668 -0.30128668 -0.30128668 -0.30128668
 -0.30128668]",[0.05631677106329144]
1,"[-0.30322723 -0.30322723 -0.30322723 -0.30322723 -0.30322723 -0.30322723
 -0.30322723 -0.30322723 -0.30322723 -0.30322723 -0.30322723 -0.30322723
 -0.30322723 -0.30322723 -0.30322723 -0.30322723 -0.30322723 -0.30322723
 -0.30322723 -0.30322723 -0.30322723 -0.30322723 -0.30322723 -0.30322723
 -0.30322723 -0.30322723 -0.30322723 -0.30322723 -0.30322723 -0.30322723
 -0.30322723 -0.30322723 -0.30322723 -0.30322723 -0.30322723 -0.30322723
 -0.30322723 -0.30322723 -0.30322723 -0.30322723 -0.30322723 -0.30322723
 -0.30322723 -0.30322723 -0.30322723  4.27696598  2.20519429 -0.30322723
 -0.30322723 -0.30322723 -0.30322723 -0.30322723 -0.30322723 -0.30322723
 -0.30322723 -0.30322723 -0.20386518  6.0574096  -0.30322723 -0.30322723
 -0.30322723  4.49309993 -0.17629176 -0.30322723  5.54300152  0.86657696
 -0.30322723 -0.30322723  5.10195347  4.56681539 -0.14465518 -0.30322723
 -0.30322723 -0.30322723 -0.30322723 -0.30322723 -0.30322723 -0.30322723
 -0.30322723 -0.30322723 -0.30322723 -0.30322723 -0.30322723 -0.30322723
 -0.30322723 -0.30322723 -0.30322723 -0.30322723 -0.30322723 -0.30322723
 -0.30322723 -0.30322723 -0.30322723 -0.30322723 -0.30322723  0.10602395
 -0.30322723 -0.30322723 -0.30322723 -0.30322723 -0.30322723 -0.30322723
 -0.30322723 -0.30322723 -0.30322723 -0.30322723 -0.30322723 -0.30322723
 -0.30322723 -0.30322723 -0.04806624 -0.30322723 -0.30322723 -0.30322723
  0.45384845 -0.30322723 -0.30322723 -0.30322723  0.66591134 -0.30322723
  0.58249454 -0.30322723  0.74581748 -0.30322723  3.18300185 -0.30322723
  3.46520717 -0.30322723  1.62746496  1.00199133 -0.30322723 -0.30322723
  0.40303793 -0.30322723 -0.30322723  3.73933682  0.22705865  0.16363966
  3.29376346 -0.30322723 -0.30322723  3.59406035  1.01819323  1.16722913
 -0.0622035  -0.30322723 -0.30322723 -0.30322723 -0.30322723 -0.30322723
  2.60492929 -0.30322723 -0.30322723  1.53586467 -0.30322723 -0.30322723
 -0.30322723 -0.30322723 -0.30322723  0.35881207 -0.30322723 -0.30322723
 -0.30322723 -0.30322723 -0.30322723 -0.30322723 -0.30322723 -0.30322723
 -0.30322723 -0.30322723 -0.30322723 -0.30322723 -0.30322723  1.75050563
 -0.30322723 -0.30322723 -0.30322723 -0.30322723 -0.30322723 -0.30322723
 -0.30322723 -0.30322723 -0.30322723 -0.30322723 -0.30322723 -0.30322723
 -0.30322723 -0.30322723 -0.30322723 -0.30322723 -0.30322723 -0.30322723
 -0.30322723 -0.30322723 -0.30322723  3.50375824 -0.30322723 -0.30322723
  0.66591134 -0.30322723 -0.30322723 -0.30322723 -0.30322723 -0.30322723
 -0.30322723 -0.30322723 -0.30322723 -0.30322723 -0.30322723 -0.30322723
 -0.30322723 -0.30322723 -0.30322723 -0.30322723 -0.30322723  2.92317764
 -0.30322723 -0.30322723 -0.30322723 -0.30322723 -0.30322723 -0.30322723
 -0.30322723 -0.30322723 -0.30322723 -0.30322723 -0.30322723 -0.30322723
 -0.30322723 -0.30322723 -0.30322723 -0.30322723 -0.30322723 -0.30322723
 -0.30322723 -0.30322723 -0.30322723 -0.30322723 -0.30322723 -0.30322723
 -0.30322723 -0.30322723 -0.30322723 -0.30322723 -0.30322723  3.01377592
 -0.30322723 -0.30322723 -0.30322723 -0.30322723 -0.30322723 -0.30322723
 -0.30322723 -0.30322723 -0.30322723 -0.30322723 -0.30322723 -0.30322723
 -0.30322723 -0.01412226 -0.30322723 -0.30322723 -0.30322723 -0.30322723
 -0.30322723 -0.30322723 -0.30322723  0.40303793  1.65378501 -0.30322723
 -0.30322723 -0.30322723 -0.30322723 -0.30322723 -0.30322723 -0.30322723
 -0.30322723 -0.30322723 -0.30322723 -0.30322723 -0.30322723 -0.30322723
 -0.30322723 -0.30322723 -0.30322723 -0.01412226 -0.30322723 -0.30322723
 -0.30322723 -0.30322723  0.11393295 -0.30322723 -0.30322723 -0.30322723
 -0.30322723]",[0.024485738923230027]
1,"[-0.40477082 -0.40477082 -0.40477082 -0.40477082 -0.40477082 -0.40477082
 -0.40477082 -0.40477082 -0.40477082 -0.40477082 -0.40477082 -0.40477082
 -0.40477082 -0.40477082 -0.40477082 -0.40477082 -0.40477082  0.84948338
 -0.40477082 -0.40477082 -0.40477082 -0.40477082 -0.40477082 -0.40477082
 -0.40477082 -0.40477082 -0.40477082 -0.40477082 -0.40477082  0.32344623
 -0.40477082 -0.40477082 -0.40477082 -0.40477082 -0.40477082 -0.40477082
 -0.40477082  1.01922023 -0.40477082 -0.40477082 -0.40477082 -0.40477082
 -0.40477082 -0.40477082 -0.40477082  3.66628802  2.53493211 -0.40477082
 -0.40477082 -0.40477082  0.76059255 -0.40477082 -0.40477082  1.50094335
 -0.40477082 -0.40477082 -0.40477082  3.13985117 -0.40477082 -0.40477082
 -0.40477082  2.76972579  0.08957156 -0.40477082  3.90027777  0.88078254
 -0.40477082 -0.40477082  3.01668711  2.781516    1.64978376 -0.40477082
 -0.40477082 -0.40477082 -0.40477082 -0.40477082 -0.40477082 -0.40477082
 -0.40477082 -0.40477082 -0.40477082 -0.40477082 -0.40477082 -0.40477082
 -0.40477082 -0.40477082 -0.40477082 -0.40477082 -0.40477082 -0.40477082
 -0.40477082 -0.40477082  1.79872892 -0.40477082 -0.40477082  0.10913259
 -0.40477082 -0.40477082 -0.40477082 -0.40477082 -0.40477082 -0.40477082
 -0.40477082 -0.40477082 -0.40477082  0.7462466  -0.40477082 -0.40477082
 -0.40477082 -0.40477082  0.16674799 -0.40477082 -0.40477082 -0.40477082
  0.87432117 -0.40477082 -0.40477082 -0.40477082 -0.40477082  0.23971154
 -0.40477082 -0.40477082  0.84027419  1.21402996  1.71130631 -0.40477082
  1.61561689 -0.40477082  3.80524282  0.38880451  1.09797218  1.85851232
  0.95660956  0.52513692 -0.40477082  1.69795347 -0.09926172 -0.21690213
  2.8994051  -0.40477082 -0.40477082  3.2430043  -0.40477082  0.31404086
 -0.02269884 -0.40477082 -0.40477082 -0.40477082 -0.40477082 -0.40477082
  2.98297073 -0.40477082 -0.40477082  2.58959362 -0.40477082 -0.40477082
 -0.40477082 -0.40477082 -0.40477082  1.94912797 -0.40477082 -0.40477082
 -0.40477082 -0.40477082 -0.40477082 -0.40477082 -0.40477082 -0.40477082
 -0.40477082 -0.40477082 -0.40477082 -0.40477082 -0.40477082  3.33411489
 -0.40477082 -0.40477082 -0.40477082 -0.40477082 -0.40477082 -0.40477082
 -0.40477082 -0.40477082 -0.40477082 -0.40477082 -0.40477082 -0.40477082
 -0.40477082 -0.40477082 -0.40477082 -0.40477082 -0.40477082 -0.40477082
 -0.40477082 -0.40477082 -0.40477082  2.09727752 -0.40477082  0.77143508
  0.30040855 -0.40477082 -0.40477082 -0.40477082 -0.40477082 -0.40477082
 -0.40477082  1.86539327 -0.40477082 -0.40477082 -0.40477082 -0.40477082
 -0.40477082 -0.40477082 -0.40477082 -0.40477082 -0.40477082  1.80323173
 -0.40477082 -0.40477082 -0.40477082 -0.40477082 -0.40477082 -0.40477082
 -0.40477082 -0.40477082 -0.40477082 -0.40477082 -0.40477082 -0.40477082
 -0.40477082  0.18907374 -0.40477082 -0.40477082 -0.40477082 -0.40477082
 -0.40477082 -0.40477082 -0.40477082 -0.40477082  1.50094335 -0.40477082
 -0.40477082 -0.40477082  2.01484676 -0.40477082 -0.40477082  2.76254113
 -0.40477082 -0.40477082 -0.40477082 -0.40477082 -0.40477082 -0.40477082
 -0.40477082 -0.40477082 -0.40477082  0.49575299  0.18907374 -0.40477082
 -0.40477082  0.32824833 -0.40477082 -0.40477082 -0.40477082 -0.40477082
 -0.40477082 -0.40477082 -0.40477082 -0.40477082  4.68157876 -0.40477082
  0.41865758 -0.40477082 -0.40477082 -0.40477082 -0.40477082  0.18907374
 -0.40477082 -0.40477082 -0.40477082 -0.40477082 -0.40477082 -0.40477082
 -0.40477082 -0.40477082 -0.40477082 -0.40477082  2.07554376 -0.40477082
 -0.40477082 -0.40477082  6.13648962  1.79872892 -0.40477082 -0.40477082
 -0.40477082]",[-0.006221595446537387]
1,"[-0.26628221 -0.26628221 -0.26628221 -0.26628221 -0.26628221 -0.26628221
 -0.26628221 -0.26628221 -0.26628221 -0.26628221 -0.26628221 -0.26628221
 -0.26628221 -0.26628221 -0.26628221 -0.26628221 -0.26628221 -0.26628221
 -0.26628221 -0.26628221 -0.26628221 -0.26628221 -0.26628221 -0.26628221
 -0.26628221 -0.26628221 -0.26628221 -0.26628221 -0.26628221 -0.26628221
 -0.26628221 -0.26628221 -0.26628221 -0.26628221 -0.26628221 -0.26628221
 -0.26628221 -0.26628221 -0.26628221 -0.26628221 -0.26628221 -0.26628221
 -0.26628221 -0.26628221 -0.26628221  4.53762408  0.55227632 -0.26628221
 -0.26628221 -0.26628221 -0.26628221 -0.26628221 -0.26628221 -0.26628221
 -0.26628221 -0.26628221 -0.26628221  7.72113911 -0.26628221 -0.26628221
 -0.26628221  3.95031712  2.24716673 -0.26628221  4.19976243  0.45001866
 -0.26628221 -0.26628221  1.828356    5.09225802  1.21033352 -0.26628221
 -0.26628221 -0.26628221 -0.26628221 -0.26628221 -0.26628221 -0.26628221
 -0.26628221 -0.26628221 -0.26628221 -0.26628221 -0.26628221 -0.26628221
 -0.26628221 -0.26628221 -0.26628221 -0.26628221 -0.26628221 -0.26628221
 -0.26628221 -0.26628221 -0.26628221 -0.26628221  0.08256142 -0.26628221
 -0.26628221 -0.26628221 -0.26628221 -0.26628221 -0.26628221 -0.26628221
 -0.26628221 -0.26628221 -0.26628221 -0.26628221 -0.26628221 -0.26628221
 -0.26628221 -0.26628221  0.26132475 -0.26628221 -0.26628221 -0.26628221
 -0.26628221 -0.26628221  0.95751809 -0.26628221 -0.26628221 -0.26628221
 -0.26628221 -0.26628221  0.15641256 -0.26628221 -0.26628221 -0.26628221
  1.33964291 -0.26628221 -0.13126196  0.63155271 -0.26628221 -0.26628221
 -0.26628221 -0.26628221 -0.26628221  4.69206266 -0.26628221 -0.26628221
  3.46973027 -0.26628221 -0.26628221  4.59407277  0.31094242  0.45618995
 -0.12103469 -0.26628221 -0.26628221 -0.26628221 -0.26628221 -0.26628221
 -0.26628221 -0.26628221 -0.26628221  4.41179158 -0.26628221  1.1625223
  1.56329592 -0.26628221 -0.26628221 -0.26628221 -0.26628221 -0.26628221
 -0.26628221 -0.26628221 -0.26628221 -0.26628221 -0.26628221 -0.26628221
 -0.26628221 -0.26628221 -0.26628221 -0.26628221 -0.26628221 -0.26628221
 -0.26628221 -0.26628221 -0.26628221 -0.26628221 -0.26628221  1.10447835
 -0.26628221 -0.26628221 -0.26628221 -0.26628221 -0.26628221 -0.26628221
 -0.26628221 -0.26628221 -0.26628221 -0.26628221 -0.26628221 -0.26628221
 -0.26628221 -0.26628221 -0.26628221  3.32062335 -0.26628221 -0.26628221
 -0.26628221 -0.26628221 -0.26628221 -0.26628221 -0.26628221 -0.26628221
 -0.26628221 -0.26628221 -0.26628221 -0.26628221 -0.26628221 -0.26628221
 -0.26628221 -0.26628221 -0.26628221 -0.26628221 -0.26628221  2.37010559
 -0.26628221 -0.26628221 -0.26628221 -0.26628221 -0.26628221 -0.26628221
 -0.26628221 -0.26628221 -0.26628221 -0.26628221 -0.26628221 -0.26628221
 -0.26628221 -0.26628221 -0.26628221 -0.26628221 -0.26628221 -0.26628221
 -0.26628221 -0.26628221 -0.26628221 -0.26628221 -0.26628221 -0.26628221
 -0.26628221 -0.26628221 -0.26628221 -0.26628221 -0.26628221  4.99625954
 -0.26628221 -0.26628221 -0.26628221 -0.26628221 -0.26628221 -0.26628221
 -0.26628221 -0.26628221 -0.26628221 -0.26628221  0.95751809 -0.26628221
 -0.26628221  0.72434745 -0.26628221 -0.26628221 -0.26628221 -0.26628221
 -0.26628221 -0.26628221 -0.26628221 -0.26628221 -0.26628221 -0.26628221
 -0.26628221 -0.26628221 -0.26628221 -0.26628221 -0.26628221  0.66603216
 -0.26628221 -0.26628221 -0.26628221 -0.26628221 -0.26628221 -0.26628221
 -0.26628221 -0.26628221 -0.26628221 -0.26628221 -0.26628221 -0.26628221
 -0.26628221 -0.26628221 -0.26628221 -0.26628221 -0.26628221 -0.26628221
 -0.26628221]",[0.01920923998867824]
1,"[-0.3276821  -0.3276821  -0.3276821  -0.3276821  -0.3276821  -0.3276821
 -0.3276821  -0.3276821  -0.3276821  -0.3276821  -0.3276821  -0.3276821
 -0.3276821  -0.3276821  -0.3276821  -0.3276821  -0.3276821   0.93459677
 -0.3276821  -0.3276821   0.93459677 -0.3276821  -0.3276821  -0.3276821
 -0.3276821  -0.3276821  -0.3276821  -0.3276821  -0.3276821  -0.3276821
 -0.3276821  -0.3276821  -0.3276821  -0.3276821  -0.3276821  -0.3276821
  0.26900543 -0.3276821  -0.3276821  -0.3276821   0.22895922 -0.3276821
 -0.3276821  -0.3276821  -0.3276821   5.03448207  1.26546636 -0.3276821
 -0.3276821  -0.3276821  -0.3276821  -0.3276821  -0.3276821  -0.3276821
 -0.3276821  -0.3276821  -0.3276821   4.26872089 -0.3276821  -0.3276821
 -0.3276821   4.20303743  0.30025795 -0.3276821   5.80283338  0.12599708
 -0.3276821  -0.3276821   5.69859348  3.95860862 -0.3276821  -0.3276821
 -0.3276821  -0.3276821  -0.3276821  -0.3276821  -0.3276821  -0.3276821
 -0.3276821  -0.3276821  -0.3276821  -0.3276821  -0.3276821  -0.3276821
 -0.3276821  -0.3276821  -0.3276821  -0.3276821  -0.3276821  -0.3276821
 -0.3276821  -0.3276821  -0.3276821  -0.3276821   1.73651759  1.07329445
 -0.3276821  -0.3276821  -0.3276821  -0.3276821  -0.3276821  -0.3276821
 -0.3276821  -0.3276821  -0.3276821  -0.3276821  -0.3276821  -0.3276821
 -0.3276821  -0.3276821   0.95184861 -0.3276821  -0.3276821  -0.3276821
  0.61804525 -0.3276821  -0.3276821  -0.3276821   0.43614233 -0.3276821
 -0.06479793 -0.3276821  -0.26091702 -0.3276821   1.73651759 -0.3276821
  0.99565457 -0.3276821   0.60149016  0.65809146  1.12003981 -0.3276821
  0.56422535 -0.3276821  -0.3276821   2.03582017 -0.3276821   0.17830708
  2.23269672 -0.3276821  -0.3276821   3.19237085  0.71379252  0.17077234
  1.41176859 -0.3276821  -0.3276821  -0.3276821  -0.3276821  -0.3276821
  3.7264611  -0.3276821  -0.3276821   2.02045893 -0.3276821   0.43614233
 -0.3276821  -0.3276821  -0.3276821  -0.3276821  -0.3276821  -0.3276821
 -0.3276821  -0.3276821  -0.3276821  -0.3276821  -0.3276821  -0.3276821
 -0.3276821  -0.3276821  -0.3276821  -0.3276821  -0.3276821   2.65873938
 -0.3276821  -0.3276821  -0.3276821  -0.3276821  -0.3276821  -0.3276821
 -0.3276821  -0.3276821  -0.3276821  -0.3276821  -0.3276821  -0.3276821
 -0.3276821  -0.3276821  -0.3276821  -0.3276821   0.37039755 -0.3276821
 -0.3276821  -0.3276821  -0.3276821   3.13875323 -0.3276821  -0.3276821
 -0.3276821  -0.3276821  -0.3276821  -0.3276821  -0.3276821  -0.3276821
 -0.3276821  -0.3276821  -0.3276821  -0.3276821  -0.3276821  -0.3276821
 -0.3276821  -0.3276821  -0.3276821  -0.3276821  -0.3276821   2.75931875
 -0.3276821  -0.3276821  -0.3276821  -0.3276821  -0.3276821  -0.3276821
 -0.3276821  -0.3276821  -0.3276821  -0.3276821  -0.3276821  -0.3276821
 -0.3276821   0.31554855 -0.3276821  -0.3276821  -0.3276821  -0.3276821
 -0.3276821  -0.3276821  -0.3276821  -0.3276821  -0.3276821  -0.3276821
 -0.3276821  -0.3276821  -0.3276821  -0.3276821  -0.3276821   3.12814193
 -0.3276821  -0.3276821  -0.3276821  -0.3276821  -0.3276821  -0.3276821
 -0.3276821  -0.3276821  -0.3276821   0.0363292   0.31554855 -0.3276821
 -0.3276821  -0.3276821  -0.3276821  -0.3276821  -0.3276821  -0.3276821
 -0.3276821  -0.3276821  -0.3276821   1.92718402  2.14436923 -0.3276821
 -0.3276821  -0.3276821  -0.3276821  -0.3276821  -0.3276821  -0.3276821
 -0.3276821  -0.3276821  -0.3276821  -0.3276821  -0.3276821  -0.3276821
 -0.3276821  -0.3276821  -0.3276821  -0.3276821  -0.3276821  -0.3276821
 -0.3276821  -0.3276821   5.16093236 -0.3276821  -0.3276821  -0.3276821
 -0.3276821 ]",[-0.03392666066253114]
1,"[-2.38124215e-01 -2.38124215e-01 -2.38124215e-01 -2.38124215e-01
 -2.38124215e-01 -2.38124215e-01 -2.38124215e-01 -2.38124215e-01
 -2.38124215e-01 -2.38124215e-01 -2.38124215e-01 -2.38124215e-01
 -2.38124215e-01 -2.38124215e-01 -2.38124215e-01 -2.38124215e-01
 -2.38124215e-01  6.72914384e-02 -2.38124215e-01 -2.38124215e-01
 -2.38124215e-01 -2.38124215e-01 -2.38124215e-01 -2.38124215e-01
 -2.38124215e-01 -2.38124215e-01 -2.38124215e-01 -2.38124215e-01
 -2.38124215e-01 -2.38124215e-01 -2.38124215e-01 -2.38124215e-01
 -2.38124215e-01 -2.38124215e-01 -2.38124215e-01 -2.38124215e-01
 -2.38124215e-01 -2.38124215e-01 -2.38124215e-01 -2.38124215e-01
 -2.38124215e-01 -2.38124215e-01 -2.38124215e-01 -2.38124215e-01
 -2.38124215e-01  1.61677151e+00  6.39677925e-01 -2.38124215e-01
 -2.38124215e-01 -2.38124215e-01 -2.38124215e-01 -2.38124215e-01
 -2.38124215e-01 -2.38124215e-01 -2.38124215e-01 -2.38124215e-01
  4.45372951e-01  4.68292221e+00 -2.38124215e-01 -2.38124215e-01
 -2.38124215e-01  3.05243140e+00  8.24044493e+00 -2.38124215e-01
  5.21568808e+00  4.34405476e-01 -2.38124215e-01 -2.38124215e-01
  5.05597435e+00  3.75123487e+00  4.26595727e+00 -2.38124215e-01
 -2.38124215e-01 -2.38124215e-01 -2.38124215e-01 -2.38124215e-01
 -2.38124215e-01 -2.38124215e-01 -2.38124215e-01 -2.38124215e-01
 -2.38124215e-01 -2.38124215e-01 -2.38124215e-01 -2.38124215e-01
 -2.38124215e-01 -2.38124215e-01 -2.38124215e-01 -2.38124215e-01
 -2.38124215e-01 -2.38124215e-01 -2.38124215e-01 -2.38124215e-01
 -2.38124215e-01 -2.38124215e-01 -2.38124215e-01 -2.38124215e-01
 -2.38124215e-01 -2.38124215e-01 -2.38124215e-01 -2.38124215e-01
 -2.38124215e-01 -2.38124215e-01 -2.38124215e-01 -2.38124215e-01
 -2.38124215e-01 -2.38124215e-01 -2.38124215e-01 -2.38124215e-01
 -2.38124215e-01 -2.38124215e-01 -2.38124215e-01 -2.38124215e-01
 -2.38124215e-01 -2.38124215e-01 -2.38124215e-01 -2.38124215e-01
 -2.38124215e-01 -2.38124215e-01 -2.38124215e-01 -2.38124215e-01
 -2.38124215e-01 -2.38124215e-01  5.17869262e-02  1.72387061e+00
 -2.38124215e-01 -2.38124215e-01  3.51254010e+00 -2.38124215e-01
  3.73108631e-02  4.11497105e-01 -2.38124215e-01 -2.38124215e-01
 -2.38124215e-01 -2.38124215e-01 -2.38124215e-01  5.17588012e+00
 -2.38124215e-01 -7.06528718e-02  2.71672665e+00 -2.38124215e-01
 -2.38124215e-01  4.47274283e+00 -2.38124215e-01  1.44669331e-03
 -2.38124215e-01 -2.38124215e-01 -2.38124215e-01 -2.38124215e-01
 -2.38124215e-01 -2.38124215e-01 -2.38124215e-01 -2.38124215e-01
 -2.38124215e-01  8.85482680e-01 -2.38124215e-01 -2.38124215e-01
 -2.38124215e-01 -2.38124215e-01 -2.38124215e-01  5.72900301e-01
 -2.38124215e-01 -2.38124215e-01 -2.38124215e-01 -2.38124215e-01
 -2.38124215e-01 -2.38124215e-01 -2.38124215e-01 -2.38124215e-01
 -2.38124215e-01 -2.38124215e-01 -2.38124215e-01 -2.38124215e-01
 -2.38124215e-01  3.53058803e-01 -2.38124215e-01 -2.38124215e-01
 -2.38124215e-01 -2.38124215e-01 -2.38124215e-01 -2.38124215e-01
 -2.38124215e-01 -2.38124215e-01 -2.38124215e-01 -2.38124215e-01
 -2.38124215e-01 -2.38124215e-01 -2.38124215e-01 -2.38124215e-01
 -2.38124215e-01 -2.38124215e-01 -2.38124215e-01 -2.38124215e-01
 -2.38124215e-01 -2.38124215e-01 -2.38124215e-01  4.45877146e+00
 -2.38124215e-01 -2.38124215e-01 -2.38124215e-01 -2.38124215e-01
 -2.38124215e-01 -2.38124215e-01 -2.38124215e-01 -2.38124215e-01
 -2.38124215e-01 -2.38124215e-01 -2.38124215e-01 -2.38124215e-01
 -2.38124215e-01 -2.38124215e-01 -2.38124215e-01 -2.38124215e-01
 -2.38124215e-01 -2.38124215e-01 -2.38124215e-01  9.63343577e-01
 -2.38124215e-01 -2.38124215e-01 -2.38124215e-01 -2.38124215e-01
 -2.38124215e-01 -2.38124215e-01 -2.38124215e-01 -2.38124215e-01
 -2.38124215e-01 -2.38124215e-01 -2.38124215e-01 -2.38124215e-01
 -2.38124215e-01 -2.38124215e-01 -2.38124215e-01 -2.38124215e-01
 -2.38124215e-01 -2.38124215e-01 -2.38124215e-01 -2.38124215e-01
 -2.38124215e-01 -2.38124215e-01 -2.38124215e-01 -2.38124215e-01
 -2.38124215e-01 -2.38124215e-01 -2.38124215e-01 -2.38124215e-01
 -2.38124215e-01 -1.55503873e-01 -2.38124215e-01 -2.38124215e-01
 -2.38124215e-01 -2.38124215e-01 -2.38124215e-01 -2.38124215e-01
 -2.38124215e-01 -2.38124215e-01 -2.38124215e-01 -2.38124215e-01
 -2.38124215e-01 -2.38124215e-01 -2.38124215e-01 -2.38124215e-01
 -2.38124215e-01 -2.38124215e-01 -2.38124215e-01 -2.38124215e-01
 -2.38124215e-01 -2.38124215e-01 -2.38124215e-01 -2.38124215e-01
 -2.38124215e-01 -2.38124215e-01 -2.38124215e-01 -2.38124215e-01
 -2.38124215e-01 -2.38124215e-01 -2.38124215e-01  7.61666912e-01
 -2.38124215e-01 -2.38124215e-01 -2.38124215e-01 -2.38124215e-01
 -2.38124215e-01 -2.38124215e-01 -2.38124215e-01 -2.38124215e-01
 -2.38124215e-01 -2.38124215e-01 -2.38124215e-01 -2.38124215e-01
 -2.38124215e-01 -2.38124215e-01 -2.38124215e-01 -2.38124215e-01
 -2.38124215e-01 -2.38124215e-01 -2.38124215e-01]",[-0.07357119486708558]
1,"[-0.32254502 -0.32254502 -0.32254502 -0.32254502 -0.32254502 -0.32254502
 -0.32254502 -0.32254502 -0.32254502 -0.32254502 -0.32254502 -0.32254502
 -0.32254502 -0.32254502 -0.32254502 -0.32254502 -0.32254502 -0.32254502
 -0.32254502 -0.32254502 -0.32254502 -0.05008627 -0.32254502 -0.32254502
 -0.32254502 -0.32254502 -0.32254502 -0.32254502 -0.32254502  0.59726422
 -0.32254502 -0.32254502 -0.32254502 -0.32254502 -0.32254502 -0.32254502
 -0.32254502 -0.32254502 -0.32254502 -0.32254502 -0.32254502 -0.32254502
 -0.32254502 -0.32254502 -0.32254502  4.60149482  2.59100122 -0.32254502
 -0.32254502 -0.32254502 -0.32254502 -0.32254502 -0.32254502 -0.32254502
 -0.32254502 -0.32254502  1.49916376  3.71396414 -0.32254502 -0.32254502
 -0.32254502  1.90051274  1.98298519 -0.32254502  5.78416246  1.32118043
 -0.32254502 -0.32254502  5.55504637  3.31873967  0.43936693 -0.32254502
 -0.32254502 -0.32254502 -0.32254502 -0.32254502 -0.32254502 -0.32254502
 -0.32254502 -0.32254502 -0.32254502 -0.32254502 -0.32254502 -0.32254502
 -0.32254502 -0.32254502 -0.32254502 -0.32254502 -0.32254502 -0.32254502
 -0.32254502 -0.32254502 -0.32254502 -0.32254502  3.18317998 -0.32254502
 -0.32254502 -0.32254502 -0.32254502 -0.32254502 -0.32254502 -0.32254502
 -0.32254502 -0.32254502 -0.32254502 -0.32254502 -0.32254502 -0.32254502
 -0.32254502 -0.32254502  0.55199663 -0.32254502 -0.32254502 -0.32254502
 -0.32254502 -0.32254502  0.49865079 -0.32254502  0.42034643 -0.32254502
 -0.06686532 -0.32254502  0.4282525   1.68508429  2.29041359 -0.32254502
  1.71171863 -0.32254502  1.89210673  0.95643927 -0.32254502  0.98200603
 -0.32254502 -0.32254502 -0.32254502  2.33767037 -0.32254502 -0.21775263
  2.9659663  -0.32254502 -0.32254502  4.36283313  0.69038749  0.84629333
  1.36923518 -0.32254502 -0.32254502 -0.32254502 -0.32254502 -0.32254502
  4.17140246 -0.32254502 -0.32254502  1.21353808 -0.32254502 -0.32254502
 -0.32254502 -0.32254502 -0.32254502 -0.32254502 -0.32254502 -0.32254502
 -0.32254502 -0.32254502 -0.32254502 -0.32254502 -0.32254502 -0.32254502
 -0.32254502 -0.32254502 -0.32254502 -0.32254502 -0.32254502  0.04737788
 -0.32254502 -0.32254502 -0.32254502 -0.32254502 -0.32254502 -0.32254502
 -0.32254502 -0.32254502 -0.32254502 -0.32254502 -0.32254502 -0.32254502
 -0.32254502 -0.32254502 -0.32254502 -0.32254502 -0.32254502 -0.32254502
 -0.32254502 -0.32254502 -0.32254502  4.49316577 -0.32254502 -0.32254502
 -0.32254502 -0.32254502 -0.32254502 -0.32254502 -0.32254502 -0.32254502
 -0.32254502 -0.32254502 -0.32254502 -0.32254502 -0.32254502 -0.32254502
 -0.32254502 -0.32254502 -0.32254502 -0.32254502 -0.32254502  2.36017977
 -0.32254502 -0.32254502 -0.32254502 -0.32254502 -0.32254502 -0.32254502
 -0.32254502 -0.32254502 -0.32254502 -0.32254502 -0.32254502 -0.32254502
 -0.32254502  2.34981768 -0.32254502 -0.32254502 -0.32254502 -0.32254502
 -0.32254502 -0.32254502 -0.32254502 -0.32254502 -0.32254502 -0.32254502
 -0.32254502 -0.32254502 -0.32254502 -0.32254502 -0.32254502  0.42191343
 -0.32254502 -0.32254502 -0.32254502 -0.32254502 -0.32254502 -0.32254502
 -0.32254502 -0.32254502 -0.32254502 -0.32254502 -0.32254502 -0.32254502
 -0.32254502 -0.32254502 -0.32254502 -0.32254502 -0.32254502 -0.32254502
 -0.32254502 -0.32254502 -0.32254502 -0.32254502 -0.32254502 -0.32254502
 -0.32254502 -0.32254502 -0.32254502  2.22647059 -0.32254502 -0.32254502
 -0.32254502 -0.32254502 -0.32254502 -0.32254502 -0.32254502 -0.32254502
 -0.32254502 -0.32254502 -0.32254502 -0.32254502 -0.32254502 -0.32254502
 -0.32254502 -0.32254502  4.4998118  -0.32254502 -0.32254502 -0.32254502
 -0.32254502]",[0.026270058976837596]
1,"[-0.2183971  -0.2183971  -0.2183971  -0.2183971  -0.2183971  -0.2183971
 -0.2183971  -0.2183971  -0.2183971  -0.2183971  -0.2183971  -0.2183971
 -0.2183971  -0.2183971  -0.2183971  -0.2183971  -0.2183971  -0.2183971
 -0.2183971  -0.2183971  -0.2183971  -0.2183971  -0.2183971  -0.2183971
 -0.2183971  -0.2183971  -0.2183971  -0.2183971  -0.2183971  -0.2183971
 -0.2183971  -0.2183971  -0.2183971  -0.2183971  -0.2183971  -0.2183971
 -0.2183971  -0.2183971  -0.2183971  -0.2183971  -0.2183971  -0.2183971
 -0.2183971  -0.2183971  -0.2183971   1.06478047  1.55468115 -0.2183971
 -0.2183971  -0.2183971  -0.2183971  -0.2183971  -0.2183971  -0.2183971
 -0.2183971  -0.2183971  -0.2183971   2.80296834 -0.2183971  -0.2183971
 -0.2183971   2.85210527  9.56181726  4.19463365  1.62694859  1.91304281
 -0.2183971  -0.2183971   1.39370716  0.82817904  8.56386693 -0.2183971
 -0.2183971  -0.2183971  -0.2183971  -0.2183971  -0.2183971  -0.2183971
 -0.2183971  -0.2183971  -0.2183971  -0.2183971  -0.2183971  -0.2183971
 -0.2183971  -0.2183971  -0.2183971  -0.2183971  -0.2183971  -0.2183971
 -0.2183971  -0.2183971  -0.2183971  -0.2183971  -0.2183971  -0.2183971
 -0.2183971  -0.2183971  -0.2183971  -0.2183971  -0.2183971  -0.2183971
 -0.2183971  -0.2183971  -0.2183971  -0.2183971  -0.2183971  -0.2183971
 -0.2183971  -0.2183971   0.07793452 -0.2183971  -0.2183971  -0.2183971
 -0.2183971  -0.2183971  -0.2183971  -0.2183971  -0.2183971  -0.2183971
 -0.2183971  -0.2183971   0.13624574 -0.2183971  -0.2183971  -0.2183971
  1.39987728 -0.2183971   0.35492896  1.30425862 -0.2183971   1.37068543
 -0.2183971  -0.2183971  -0.2183971   3.45926308 -0.2183971  -0.05963238
  1.11488878 -0.2183971  -0.2183971   5.66067157  0.36842337 -0.09976283
 -0.2183971  -0.2183971  -0.2183971  -0.2183971  -0.2183971  -0.2183971
 -0.2183971  -0.2183971  -0.2183971   1.4773417  -0.2183971  -0.2183971
 -0.2183971  -0.2183971  -0.2183971  -0.2183971  -0.2183971  -0.2183971
 -0.2183971  -0.2183971  -0.2183971  -0.2183971  -0.2183971  -0.2183971
 -0.2183971  -0.2183971  -0.2183971  -0.2183971  -0.2183971  -0.2183971
 -0.2183971  -0.2183971  -0.2183971  -0.2183971  -0.2183971  -0.2183971
 -0.2183971  -0.2183971  -0.2183971  -0.2183971  -0.2183971  -0.2183971
 -0.2183971  -0.2183971  -0.2183971  -0.2183971  -0.2183971  -0.2183971
 -0.2183971  -0.2183971  -0.2183971   4.13748605 -0.2183971  -0.2183971
 -0.2183971  -0.2183971  -0.2183971  -0.2183971  -0.2183971  -0.2183971
 -0.2183971  -0.2183971  -0.2183971  -0.2183971  -0.2183971  -0.2183971
 -0.2183971  -0.2183971  -0.2183971  -0.2183971  -0.2183971   0.33378744
 -0.2183971  -0.2183971  -0.2183971  -0.2183971  -0.2183971  -0.2183971
 -0.2183971  -0.2183971  -0.2183971  -0.2183971  -0.2183971  -0.2183971
 -0.2183971  -0.2183971  -0.2183971  -0.2183971  -0.2183971  -0.2183971
 -0.2183971  -0.2183971  -0.2183971  -0.2183971  -0.2183971  -0.2183971
 -0.2183971  -0.2183971  -0.2183971  -0.2183971  -0.2183971   0.95834325
 -0.2183971  -0.2183971  -0.2183971  -0.2183971  -0.2183971  -0.2183971
 -0.2183971  -0.2183971  -0.2183971  -0.2183971  -0.2183971  -0.2183971
 -0.2183971  -0.2183971  -0.2183971  -0.2183971  -0.2183971  -0.2183971
 -0.2183971  -0.2183971  -0.2183971  -0.2183971  -0.2183971  -0.2183971
 -0.2183971  -0.2183971  -0.2183971  -0.2183971  -0.2183971  -0.2183971
 -0.2183971  -0.2183971  -0.2183971  -0.2183971  -0.2183971  -0.2183971
 -0.2183971  -0.2183971  -0.2183971  -0.03944423 -0.2183971  -0.2183971
 -0.2183971  -0.2183971  -0.2183971  -0.2183971  -0.2183971  -0.2183971
 -0.2183971 ]",[-0.006436029328156928]
1,"[-4.22863484e-01 -4.22863484e-01 -4.22863484e-01 -4.22863484e-01
 -4.22863484e-01 -4.22863484e-01 -4.22863484e-01 -4.22863484e-01
 -4.22863484e-01 -4.22863484e-01 -4.22863484e-01 -4.22863484e-01
 -4.22863484e-01 -4.22863484e-01 -4.22863484e-01  1.47750794e-01
 -4.22863484e-01 -4.24559780e-03 -4.22863484e-01 -4.22863484e-01
 -4.22863484e-01 -4.22863484e-01 -4.22863484e-01 -4.22863484e-01
 -4.22863484e-01 -4.22863484e-01 -4.22863484e-01 -4.22863484e-01
 -4.22863484e-01  7.58006849e-01 -4.22863484e-01 -4.22863484e-01
 -4.22863484e-01 -4.22863484e-01 -4.22863484e-01 -4.22863484e-01
 -4.22863484e-01  1.61142920e+00 -4.22863484e-01 -4.22863484e-01
 -4.22863484e-01 -4.22863484e-01 -4.22863484e-01 -4.22863484e-01
 -4.22863484e-01  2.89882189e+00  8.19496182e-01 -4.22863484e-01
 -4.22863484e-01 -4.22863484e-01 -4.22863484e-01 -4.22863484e-01
 -4.22863484e-01 -4.22863484e-01 -4.22863484e-01 -4.22863484e-01
 -1.86039485e-01  4.30515624e+00 -4.22863484e-01 -4.22863484e-01
 -4.22863484e-01  2.16666568e+00 -3.60962039e-01 -4.22863484e-01
  4.45301654e+00  6.68962448e-01 -4.22863484e-01 -4.22863484e-01
  3.65919295e+00  2.86797979e+00  3.01693592e+00 -4.22863484e-01
 -4.22863484e-01 -4.22863484e-01 -4.22863484e-01 -4.22863484e-01
 -4.22863484e-01 -4.22863484e-01 -4.22863484e-01 -4.22863484e-01
 -4.22863484e-01 -4.22863484e-01 -4.22863484e-01 -4.22863484e-01
 -4.22863484e-01  1.72128983e-01  6.53011472e-01 -4.22863484e-01
 -4.22863484e-01 -4.22863484e-01 -4.22863484e-01 -4.22863484e-01
  1.61142920e+00 -4.22863484e-01 -4.22863484e-01 -4.22863484e-01
 -4.22863484e-01 -4.22863484e-01 -4.22863484e-01 -4.22863484e-01
 -4.22863484e-01 -4.22863484e-01 -4.22863484e-01 -4.22863484e-01
  5.15772071e-02 -1.42631953e-01 -4.22863484e-01 -4.22863484e-01
 -4.22863484e-01 -4.22863484e-01  2.72245339e-01 -4.22863484e-01
 -4.22863484e-01 -4.22863484e-01  8.57096865e-02 -4.22863484e-01
 -4.22863484e-01 -4.22863484e-01  2.28165059e-01 -4.22863484e-01
 -4.22863484e-01 -4.22863484e-01  5.29364599e-01 -4.22863484e-01
  2.66945130e+00 -4.22863484e-01  3.57526139e+00 -4.22863484e-01
  2.87427984e+00  1.37366874e+00  8.91779091e-01  8.91779091e-01
 -4.22863484e-01  1.79127947e+00 -4.22863484e-01  3.11113643e+00
  1.13372435e+00  2.78210543e-01  3.14527328e+00 -4.22863484e-01
 -4.22863484e-01  2.29264258e+00  6.85482079e-01  1.15155648e+00
  8.11665389e-02  2.96786623e-01 -4.22863484e-01 -4.22863484e-01
 -4.22863484e-01 -4.22863484e-01  3.13523550e+00 -4.22863484e-01
 -4.22863484e-01  5.23386203e-01 -4.22863484e-01 -4.22863484e-01
 -4.22863484e-01 -4.22863484e-01 -4.22863484e-01  1.27870783e+00
 -4.22863484e-01 -4.22863484e-01 -4.22863484e-01 -4.22863484e-01
 -4.22863484e-01 -4.22863484e-01 -4.22863484e-01 -4.22863484e-01
 -4.22863484e-01 -4.22863484e-01 -4.22863484e-01 -4.22863484e-01
 -4.22863484e-01 -9.86837284e-02 -4.22863484e-01 -4.22863484e-01
 -4.22863484e-01 -4.22863484e-01 -4.22863484e-01 -4.22863484e-01
 -4.22863484e-01 -4.22863484e-01 -4.22863484e-01 -4.22863484e-01
 -4.22863484e-01 -4.22863484e-01 -4.22863484e-01 -4.22863484e-01
 -4.22863484e-01 -4.22863484e-01  1.72128983e-01 -4.22863484e-01
 -4.22863484e-01 -4.22863484e-01 -4.22863484e-01  3.08183421e+00
 -4.22863484e-01 -3.02311708e-01  5.67599335e-01 -4.22863484e-01
 -4.22863484e-01  4.96308739e-01 -4.22863484e-01 -4.22863484e-01
 -4.22863484e-01 -4.22863484e-01 -4.22863484e-01 -4.22863484e-01
 -4.22863484e-01 -4.80625553e-02 -4.22863484e-01 -4.22863484e-01
 -4.22863484e-01 -4.22863484e-01 -4.22863484e-01  2.83991298e+00
 -4.22863484e-01 -4.22863484e-01 -4.22863484e-01 -4.22863484e-01
 -4.22863484e-01 -4.22863484e-01 -4.22863484e-01 -4.22863484e-01
 -4.22863484e-01 -4.22863484e-01 -4.22863484e-01  8.91779091e-01
 -4.22863484e-01 -4.22863484e-01 -4.22863484e-01 -4.22863484e-01
  2.35919447e+00  3.83205920e-01 -4.22863484e-01  1.07162936e+00
 -4.22863484e-01 -4.22863484e-01 -4.22863484e-01 -4.22863484e-01
 -4.22863484e-01 -4.22863484e-01  2.09670784e+00 -4.22863484e-01
 -4.22863484e-01  4.59187896e+00 -4.22863484e-01 -4.22863484e-01
 -4.22863484e-01 -4.22863484e-01 -4.22863484e-01 -4.22863484e-01
 -4.22863484e-01 -4.22863484e-01  8.13147603e-01  1.77321981e+00
  9.56752134e-01  1.18927532e+00  3.37333734e-01  2.41703525e+00
 -4.22863484e-01 -4.22863484e-01 -4.22863484e-01 -4.22863484e-01
 -4.22863484e-01 -4.22863484e-01 -4.22863484e-01 -4.22863484e-01
 -4.22863484e-01 -4.22863484e-01  1.04204003e+00 -4.22863484e-01
 -4.22863484e-01 -4.22863484e-01 -4.22863484e-01 -4.22863484e-01
 -4.22863484e-01 -4.22863484e-01 -4.22863484e-01 -4.22863484e-01
 -4.22863484e-01 -4.22863484e-01 -4.22863484e-01  3.82979677e+00
 -4.22863484e-01  2.02519766e+00 -4.22863484e-01 -4.22863484e-01
 -4.22863484e-01 -4.22863484e-01  2.46197986e+00 -4.22863484e-01
 -4.22863484e-01 -4.22863484e-01 -4.22863484e-01]",[-0.27666694670890457]
1,"[ 1.94970404 -0.51671787 -0.51671787  0.98747433 -0.51671787 -0.51671787
 -0.51671787 -0.51671787 -0.51671787 -0.51671787  0.60724723 -0.51671787
 -0.51671787 -0.51671787 -0.51671787 -0.02886623  0.03988464  0.59369818
 -0.51671787  0.17243818  0.09855325 -0.31258142 -0.51671787 -0.51671787
 -0.51671787 -0.51671787 -0.51671787 -0.51671787 -0.08190882  1.29640328
  0.60724723 -0.51671787 -0.51671787 -0.51671787 -0.51671787 -0.51671787
  0.17243818  2.00837264  0.60724723 -0.51671787 -0.11109068 -0.51671787
 -0.51671787 -0.51671787 -0.51671787  3.65700686  1.93236061 -0.51671787
 -0.51671787 -0.51671787  2.85031843 -0.51671787 -0.51671787 -0.51671787
 -0.51671787 -0.51671787 -0.16141976  3.3908067  -0.51671787  0.60724723
 -0.51671787  2.05613519 -0.43405942 -0.51671787  4.55619895  0.2137226
 -0.51671787 -0.51671787  3.07707653  2.72899114  2.91918348 -0.51671787
 -0.51671787 -0.51671787 -0.51671787 -0.51671787 -0.51671787  0.84591099
 -0.51671787 -0.13649078 -0.51671787 -0.51671787 -0.51671787 -0.51671787
 -0.51671787 -0.00802389 -0.51671787 -0.51671787  0.98747433 -0.51671787
 -0.51671787 -0.51671787  0.98747433 -0.51671787 -0.51671787  0.6957454
 -0.51671787 -0.51671787 -0.51671787 -0.51671787 -0.51671787  0.98747433
 -0.51671787  0.17243818 -0.51671787  0.42516215 -0.51671787 -0.51671787
  0.09855325 -0.51671787  0.57911261 -0.51671787 -0.51671787 -0.51671787
 -0.51671787 -0.51671787 -0.51671787 -0.51671787  1.30136218 -0.51671787
 -0.51671787 -0.13649078  1.45933837  0.09855325  2.09539516 -0.51671787
  2.52290302 -0.51671787  3.12907545  1.82523782  0.82573893  0.46070137
  0.73571413  1.24392988 -0.51671787  2.71457907 -0.27557762  0.25095263
  2.86467577 -0.51671787 -0.51671787  2.89481111  0.74475966  0.97619171
 -0.01234116 -0.51671787 -0.51671787 -0.51671787 -0.51671787 -0.51671787
  3.39941592 -0.51671787 -0.51671787  1.27209366 -0.51671787 -0.17860705
 -0.51671787 -0.51671787 -0.51671787  0.26913642 -0.51671787 -0.51671787
 -0.51671787 -0.51671787 -0.51671787 -0.51671787 -0.51671787  0.98747433
 -0.51671787 -0.51671787 -0.51671787 -0.51671787 -0.51671787  2.9948965
 -0.51671787 -0.51671787 -0.51671787 -0.51671787 -0.51671787 -0.51671787
 -0.51671787 -0.51671787 -0.51671787 -0.51671787 -0.51671787 -0.51671787
 -0.51671787 -0.51671787 -0.51671787 -0.51671787 -0.51671787 -0.51671787
 -0.51671787 -0.51671787 -0.51671787  2.59775213 -0.51671787 -0.41365108
  0.33008693 -0.51671787 -0.51671787 -0.51671787 -0.51671787 -0.51671787
 -0.51671787 -0.51671787 -0.51671787 -0.51671787 -0.51671787  0.01478942
 -0.51671787 -0.51671787  0.17243818 -0.51671787  0.40311078  2.36578643
 -0.51671787 -0.51671787 -0.51671787 -0.51671787  0.98747433 -0.51671787
 -0.51671787 -0.51671787 -0.51671787 -0.51671787 -0.51671787 -0.51671787
 -0.51671787 -0.04799262 -0.51671787 -0.51671787  2.18602801  0.35290024
 -0.30564989 -0.51671787 -0.51671787 -0.51671787 -0.51671787 -0.51671787
 -0.51671787 -0.51671787  1.63741155 -0.51671787 -0.51671787  3.62840632
 -0.51671787 -0.51671787 -0.51671787  0.98747433 -0.51671787 -0.51671787
 -0.51671787 -0.51671787 -0.17226426  2.23581703  0.76101179  0.70394547
 -0.11109068  1.46163311 -0.51671787 -0.51671787 -0.51671787 -0.51671787
  0.98747433 -0.51671787 -0.51671787 -0.51671787 -0.51671787 -0.51671787
  1.70698938 -0.51671787 -0.51671787 -0.51671787 -0.51671787  0.21726416
  0.98747433 -0.51671787 -0.51671787 -0.51671787 -0.51671787 -0.51671787
 -0.51671787  0.17243818 -0.51671787  2.70751896  1.07597249 -0.51671787
 -0.51671787 -0.51671787 -0.38555524 -0.51671787 -0.51671787 -0.51671787
 -0.51671787]",[-0.22208814227000345]
1,"[-0.37667462 -0.37667462 -0.37667462 -0.37667462 -0.37667462 -0.37667462
 -0.37667462 -0.37667462 -0.37667462 -0.37667462 -0.37667462 -0.37667462
 -0.37667462 -0.37667462 -0.37667462 -0.37667462 -0.37667462  2.01968773
 -0.37667462  0.45652243 -0.37667462 -0.37667462 -0.37667462 -0.37667462
 -0.37667462 -0.37667462 -0.37667462 -0.37667462 -0.37667462  0.98221125
 -0.37667462 -0.37667462 -0.37667462 -0.37667462 -0.37667462 -0.37667462
 -0.37667462  0.36719476 -0.37667462 -0.37667462 -0.37667462 -0.37667462
 -0.37667462 -0.37667462 -0.37667462  4.52936671  0.81943715 -0.37667462
 -0.37667462 -0.37667462  0.73540808 -0.37667462 -0.37667462 -0.37667462
 -0.37667462 -0.37667462 -0.13188049  2.84570429 -0.37667462 -0.37667462
 -0.37667462  2.5656509   4.97998385 -0.37667462  4.36349172  1.02970539
 -0.37667462 -0.37667462  4.99707387  2.89097412  3.80747613 -0.37667462
 -0.37667462 -0.37667462 -0.37667462 -0.37667462  0.08302401 -0.37667462
 -0.37667462 -0.37667462 -0.37667462 -0.37667462 -0.37667462 -0.37667462
 -0.37667462  1.12573401 -0.37667462 -0.37667462 -0.37667462 -0.37667462
 -0.37667462 -0.37667462  1.44190988 -0.37667462 -0.37667462  0.27570945
 -0.37667462 -0.37667462 -0.37667462 -0.37667462 -0.37667462 -0.37667462
 -0.37667462 -0.37667462 -0.37667462 -0.37667462 -0.37667462 -0.37667462
 -0.37667462 -0.37667462  0.41551739 -0.37667462 -0.37667462 -0.37667462
  0.14901419 -0.37667462 -0.37667462 -0.37667462 -0.37667462 -0.37667462
 -0.37667462 -0.37667462  0.99233701  0.36719476  2.43973053 -0.37667462
  2.81950207 -0.37667462  4.04040667  1.21048166 -0.37667462 -0.37667462
 -0.37667462  2.00860374 -0.37667462  3.01202599  0.18375654  0.01073995
  3.68037425 -0.37667462 -0.37667462  3.50941689  0.76897147  1.31730102
  0.45025456 -0.37667462 -0.37667462 -0.37667462 -0.37667462  0.73540808
  1.93231751 -0.37667462 -0.37667462  0.92464123 -0.37667462 -0.37667462
 -0.37667462 -0.37667462 -0.37667462  3.0160981  -0.37667462 -0.37667462
 -0.37667462 -0.37667462 -0.37667462 -0.37667462 -0.37667462 -0.37667462
 -0.37667462 -0.37667462 -0.37667462 -0.37667462 -0.37667462 -0.37667462
 -0.37667462 -0.37667462 -0.37667462 -0.37667462 -0.37667462 -0.37667462
 -0.37667462 -0.37667462 -0.37667462  0.57343164  0.73540808 -0.37667462
 -0.37667462 -0.37667462 -0.37667462 -0.37667462  0.23834186 -0.37667462
 -0.37667462 -0.37667462 -0.37667462  2.3960421  -0.37667462 -0.37667462
  0.49180362 -0.37667462 -0.37667462 -0.37667462 -0.37667462 -0.37667462
 -0.37667462 -0.37667462 -0.37667462 -0.37667462 -0.37667462 -0.37667462
 -0.37667462 -0.37667462 -0.37667462 -0.37667462 -0.37667462  2.59161511
 -0.37667462 -0.37667462 -0.37667462 -0.37667462 -0.37667462 -0.37667462
 -0.37667462 -0.37667462  0.57343164 -0.37667462 -0.37667462 -0.37667462
  2.43973053  0.73540808 -0.37667462 -0.37667462 -0.37667462 -0.37667462
 -0.37667462 -0.37667462 -0.37667462 -0.37667462 -0.37667462 -0.37667462
 -0.37667462 -0.37667462 -0.37667462 -0.37667462 -0.37667462  0.01170546
 -0.37667462 -0.37667462 -0.37667462 -0.37667462 -0.37667462 -0.37667462
 -0.37667462 -0.37667462  0.13970845 -0.37667462 -0.37667462 -0.37667462
 -0.37667462 -0.37667462 -0.37667462 -0.37667462 -0.37667462 -0.37667462
 -0.37667462 -0.37667462 -0.37667462 -0.37667462 -0.37667462 -0.37667462
  1.55792315 -0.37667462 -0.37667462 -0.37667462 -0.37667462 -0.37667462
 -0.37667462 -0.37667462 -0.37667462 -0.37667462 -0.37667462 -0.37667462
 -0.37667462 -0.37667462 -0.37667462  0.40910645  3.33977366 -0.37667462
 -0.37667462 -0.37667462 -0.37667462 -0.37667462 -0.37667462 -0.37667462
 -0.37667462]",[0.020334429861144365]
1,"[-0.24496991 -0.24496991 -0.24496991 -0.24496991 -0.24496991 -0.24496991
 -0.24496991 -0.24496991 -0.24496991 -0.24496991 -0.24496991 -0.24496991
 -0.24496991 -0.24496991 -0.24496991 -0.24496991 -0.24496991 -0.24496991
 -0.24496991 -0.24496991 -0.24496991 -0.24496991 -0.24496991 -0.24496991
 -0.24496991 -0.24496991 -0.24496991 -0.24496991 -0.24496991  0.3747308
 -0.24496991 -0.24496991 -0.24496991 -0.24496991 -0.24496991 -0.24496991
 -0.24496991 -0.24496991 -0.24496991 -0.24496991 -0.24496991 -0.24496991
 -0.24496991 -0.24496991 -0.24496991  1.66971543  0.40479806 -0.24496991
 -0.24496991 -0.24496991 -0.24496991 -0.24496991 -0.24496991 -0.24496991
 -0.24496991 -0.24496991  5.97711558  3.13914475 -0.24496991 -0.24496991
 -0.24496991  2.28664985  9.27312955 -0.24496991  4.19273113  0.44583059
 -0.24496991 -0.24496991  2.52581498  2.52581498  3.17304392 -0.24496991
 -0.24496991 -0.24496991 -0.24496991 -0.24496991 -0.24496991 -0.24496991
 -0.24496991 -0.24496991 -0.24496991 -0.24496991 -0.24496991 -0.24496991
 -0.24496991 -0.24496991 -0.24496991 -0.24496991 -0.24496991 -0.24496991
 -0.24496991 -0.24496991 -0.24496991 -0.24496991 -0.24496991 -0.24496991
 -0.24496991 -0.24496991 -0.24496991 -0.24496991 -0.24496991 -0.24496991
 -0.24496991 -0.24496991 -0.24496991 -0.24496991 -0.24496991 -0.24496991
 -0.24496991 -0.24496991  0.11208002 -0.24496991 -0.24496991 -0.24496991
 -0.24496991 -0.24496991 -0.24496991 -0.24496991 -0.24496991 -0.24496991
 -0.24496991 -0.24496991 -0.01643009 -0.24496991 -0.24496991 -0.24496991
  2.38501938 -0.24496991 -0.07957951  0.11775537 -0.24496991 -0.24496991
 -0.24496991 -0.24496991 -0.24496991  4.21102752 -0.02307808 -0.24496991
  2.34904123 -0.24496991 -0.24496991  6.26289503 -0.24496991  0.14908837
 -0.24496991 -0.24496991 -0.24496991 -0.24496991 -0.24496991 -0.24496991
 -0.24496991 -0.24496991 -0.24496991 -0.11645979 -0.24496991 -0.24496991
 -0.24496991 -0.24496991 -0.24496991  0.68142987 -0.24496991 -0.24496991
 -0.24496991 -0.24496991 -0.24496991 -0.24496991 -0.24496991 -0.24496991
 -0.24496991 -0.24496991 -0.24496991 -0.24496991 -0.24496991 -0.24496991
 -0.24496991 -0.24496991 -0.24496991 -0.24496991 -0.24496991 -0.24496991
 -0.24496991 -0.24496991 -0.24496991 -0.24496991 -0.24496991 -0.24496991
 -0.24496991 -0.24496991 -0.24496991 -0.24496991 -0.24496991 -0.24496991
 -0.24496991 -0.24496991 -0.24496991  3.25151434 -0.24496991 -0.24496991
 -0.24496991 -0.24496991 -0.24496991 -0.24496991 -0.24496991 -0.24496991
 -0.24496991 -0.24496991 -0.24496991 -0.24496991 -0.24496991 -0.24496991
 -0.24496991 -0.24496991 -0.24496991 -0.24496991 -0.24496991  1.43411615
 -0.24496991 -0.24496991 -0.24496991 -0.24496991 -0.24496991 -0.24496991
 -0.24496991 -0.24496991 -0.24496991 -0.24496991 -0.24496991 -0.24496991
 -0.24496991  1.54333189  1.2541001  -0.24496991 -0.24496991 -0.24496991
 -0.24496991 -0.24496991 -0.24496991 -0.24496991 -0.24496991 -0.24496991
 -0.24496991 -0.24496991 -0.24496991 -0.24496991 -0.24496991  1.15351315
 -0.24496991 -0.24496991 -0.24496991 -0.24496991 -0.24496991 -0.24496991
 -0.24496991 -0.24496991  0.59426999 -0.24496991 -0.24496991 -0.24496991
 -0.24496991 -0.24496991 -0.24496991 -0.24496991 -0.24496991 -0.24496991
 -0.24496991 -0.24496991 -0.24496991 -0.24496991 -0.24496991 -0.24496991
 -0.24496991 -0.24496991 -0.24496991  3.41990129 -0.24496991 -0.24496991
 -0.24496991 -0.24496991 -0.24496991 -0.24496991 -0.24496991 -0.24496991
 -0.24496991 -0.24496991 -0.24496991 -0.24496991 -0.24496991 -0.24496991
 -0.24496991 -0.24496991 -0.24496991 -0.24496991 -0.24496991 -0.24496991
 -0.24496991]",[-0.05027220036674154]
2,"[-0.2663321  -0.2663321  -0.2663321  -0.2663321  -0.2663321  -0.2663321
 -0.2663321  -0.2663321  -0.2663321  -0.2663321  -0.2663321  -0.2663321
 -0.2663321  -0.2663321  -0.2663321  -0.2663321  -0.2663321  -0.2663321
 -0.2663321   1.84418575 -0.2663321  -0.2663321  -0.2663321  -0.2663321
 -0.2663321  -0.2663321  -0.2663321  -0.2663321  -0.2663321  -0.2663321
 -0.2663321  -0.2663321  -0.2663321  -0.2663321  -0.2663321  -0.2663321
 -0.2663321  -0.2663321  -0.2663321  -0.2663321   1.59155014 -0.2663321
 -0.2663321  -0.2663321  -0.2663321   3.35738989  0.44520711 -0.2663321
 -0.2663321  -0.2663321  -0.2663321  -0.2663321  -0.2663321  -0.2663321
 -0.2663321  -0.2663321  -0.2663321   6.42601341 -0.2663321  -0.2663321
 -0.2663321   4.557608   -0.15741877 -0.2663321   3.9527196   0.04013767
 -0.2663321  -0.2663321   5.89642167  5.2133702  -0.03795532 -0.2663321
 -0.2663321  -0.2663321  -0.2663321  -0.2663321  -0.2663321  -0.2663321
 -0.2663321  -0.2663321  -0.2663321  -0.2663321  -0.2663321  -0.2663321
 -0.2663321  -0.2663321  -0.2663321  -0.2663321  -0.2663321  -0.2663321
 -0.2663321  -0.2663321  -0.2663321  -0.2663321  -0.2663321  -0.2663321
 -0.2663321  -0.2663321  -0.2663321  -0.2663321  -0.2663321  -0.2663321
 -0.2663321  -0.2663321  -0.2663321  -0.2663321  -0.2663321  -0.2663321
 -0.2663321  -0.2663321   0.1922949  -0.2663321  -0.2663321  -0.2663321
 -0.2663321  -0.2663321   0.79746709 -0.2663321  -0.2663321   1.67699522
 -0.2663321   0.39107771  0.0369033   0.79746709 -0.2663321  -0.2663321
  2.55145305 -0.2663321  -0.2663321   2.15481903 -0.2663321  -0.2663321
 -0.2663321  -0.2663321  -0.2663321   4.22209678 -0.2663321   0.52101309
  3.43150754 -0.2663321  -0.2663321   5.8505286   1.37204342  0.09250964
 -0.2663321  -0.2663321  -0.2663321  -0.2663321  -0.2663321  -0.2663321
 -0.2663321  -0.2663321  -0.2663321   0.72365688 -0.2663321   0.31825899
 -0.2663321  -0.2663321  -0.2663321  -0.2663321  -0.2663321  -0.2663321
 -0.2663321  -0.2663321  -0.2663321  -0.2663321  -0.2663321  -0.2663321
 -0.2663321  -0.2663321  -0.2663321   1.32404481 -0.2663321   0.212876
 -0.2663321  -0.2663321  -0.2663321  -0.2663321  -0.2663321  -0.2663321
 -0.2663321  -0.2663321  -0.2663321  -0.2663321  -0.2663321  -0.2663321
 -0.2663321  -0.2663321  -0.2663321  -0.2663321  -0.2663321  -0.2663321
 -0.2663321  -0.2663321  -0.2663321   5.06775951 -0.2663321  -0.2663321
 -0.2663321  -0.2663321  -0.2663321  -0.2663321  -0.2663321  -0.2663321
 -0.2663321  -0.2663321  -0.2663321  -0.2663321  -0.2663321  -0.2663321
 -0.2663321  -0.2663321  -0.2663321  -0.2663321  -0.2663321  -0.2663321
 -0.2663321  -0.2663321  -0.2663321  -0.2663321  -0.2663321  -0.2663321
 -0.2663321  -0.2663321  -0.2663321  -0.2663321  -0.2663321  -0.2663321
 -0.2663321  -0.2663321  -0.2663321  -0.2663321  -0.2663321  -0.2663321
 -0.2663321  -0.2663321  -0.2663321  -0.2663321  -0.2663321  -0.2663321
 -0.2663321  -0.2663321  -0.2663321  -0.2663321  -0.2663321   0.65461205
 -0.2663321  -0.2663321  -0.2663321  -0.2663321  -0.2663321  -0.2663321
 -0.2663321  -0.2663321  -0.2663321  -0.2663321  -0.2663321  -0.2663321
 -0.2663321  -0.2663321  -0.2663321  -0.2663321  -0.2663321  -0.2663321
 -0.2663321  -0.2663321  -0.2663321  -0.2663321  -0.2663321  -0.2663321
 -0.2663321  -0.2663321  -0.2663321   3.03573144 -0.2663321   0.54409038
 -0.2663321  -0.2663321  -0.2663321  -0.2663321  -0.2663321  -0.2663321
 -0.2663321  -0.2663321  -0.2663321  -0.2663321  -0.2663321  -0.2663321
 -0.2663321  -0.2663321   0.14791098 -0.2663321  -0.2663321  -0.2663321
 -0.2663321 ]",[0.08056754833877677]
2,"[-0.24707297 -0.24707297 -0.24707297 -0.24707297 -0.24707297 -0.24707297
 -0.24707297 -0.24707297 -0.24707297 -0.24707297 -0.24707297 -0.24707297
 -0.24707297 -0.24707297 -0.24707297 -0.24707297 -0.24707297 -0.24707297
 -0.24707297 -0.24707297 -0.24707297 -0.24707297 -0.24707297 -0.24707297
 -0.24707297 -0.24707297 -0.24707297 -0.24707297 -0.24707297 -0.24707297
 -0.24707297 -0.24707297 -0.24707297 -0.24707297 -0.24707297 -0.24707297
 -0.24707297 -0.24707297 -0.24707297 -0.24707297 -0.24707297 -0.24707297
 -0.24707297 -0.24707297 -0.24707297  3.12769543  0.88574145 -0.24707297
 -0.24707297 -0.24707297 -0.24707297 -0.24707297 -0.24707297 -0.24707297
 -0.24707297 -0.24707297 -0.24707297  7.27662761 -0.24707297 -0.24707297
 -0.24707297  4.55758368 -0.19148217 -0.24707297  6.1111288   0.74699033
 -0.24707297 -0.24707297  1.20064458  5.13084925 -0.09026534 -0.24707297
 -0.24707297 -0.24707297 -0.24707297 -0.24707297 -0.24707297 -0.24707297
 -0.24707297 -0.24707297 -0.24707297 -0.24707297 -0.24707297 -0.24707297
 -0.24707297 -0.24707297 -0.24707297 -0.24707297 -0.24707297 -0.24707297
 -0.24707297 -0.24707297 -0.24707297 -0.24707297 -0.24707297 -0.24707297
 -0.24707297 -0.24707297 -0.24707297 -0.24707297 -0.24707297 -0.24707297
 -0.24707297 -0.24707297 -0.24707297 -0.24707297 -0.24707297 -0.24707297
 -0.24707297 -0.24707297  0.65992171 -0.24707297 -0.24707297 -0.24707297
  0.939512   -0.24707297 -0.24707297 -0.24707297  1.21095073 -0.24707297
 -0.24707297  0.40759987  1.53226307 -0.24707297 -0.24707297 -0.24707297
  3.30405438 -0.24707297 -0.07617899  0.76549083 -0.24707297 -0.24707297
 -0.24707297 -0.24707297 -0.24707297  5.741917   -0.24707297 -0.11188724
  4.31304415 -0.24707297 -0.24707297  5.2923949   0.25259568  0.31729023
 -0.12134093 -0.24707297 -0.24707297 -0.24707297 -0.24707297 -0.24707297
 -0.24707297 -0.24707297 -0.24707297  3.20036513 -0.24707297 -0.24707297
  1.33668278 -0.24707297 -0.24707297 -0.24707297 -0.24707297 -0.24707297
 -0.24707297 -0.24707297 -0.24707297 -0.24707297 -0.24707297 -0.24707297
 -0.24707297 -0.24707297 -0.24707297 -0.24707297 -0.24707297 -0.24707297
 -0.24707297 -0.24707297 -0.24707297 -0.24707297 -0.24707297 -0.24707297
 -0.24707297 -0.24707297 -0.24707297 -0.24707297 -0.24707297 -0.24707297
 -0.24707297  0.62879344 -0.24707297 -0.24707297 -0.24707297 -0.24707297
 -0.24707297 -0.24707297 -0.24707297  4.16057338 -0.24707297 -0.24707297
 -0.24707297 -0.24707297 -0.24707297 -0.24707297 -0.24707297 -0.24707297
 -0.24707297 -0.24707297 -0.24707297 -0.24707297 -0.24707297 -0.24707297
 -0.24707297 -0.24707297 -0.24707297 -0.24707297 -0.24707297 -0.06664184
 -0.24707297 -0.24707297 -0.24707297 -0.24707297 -0.24707297 -0.24707297
 -0.24707297 -0.24707297 -0.24707297 -0.24707297 -0.24707297 -0.24707297
 -0.24707297 -0.24707297 -0.24707297 -0.24707297 -0.24707297 -0.24707297
 -0.24707297 -0.24707297 -0.24707297 -0.24707297 -0.24707297 -0.24707297
 -0.24707297 -0.24707297 -0.24707297 -0.24707297 -0.24707297  1.08115319
 -0.24707297 -0.24707297 -0.24707297 -0.24707297 -0.24707297 -0.24707297
 -0.24707297 -0.24707297  1.23029012 -0.24707297 -0.24707297 -0.24707297
 -0.24707297 -0.24707297 -0.24707297 -0.24707297 -0.24707297 -0.24707297
 -0.24707297 -0.24707297 -0.24707297 -0.24707297 -0.24707297 -0.24707297
 -0.24707297 -0.24707297 -0.24707297 -0.24707297 -0.24707297 -0.24707297
 -0.24707297 -0.24707297 -0.24707297 -0.24707297 -0.24707297 -0.24707297
 -0.24707297 -0.24707297 -0.24707297 -0.24707297 -0.24707297 -0.24707297
 -0.24707297 -0.24707297 -0.0212379  -0.24707297 -0.24707297 -0.24707297
 -0.24707297]",[-0.0071997493934183865]
2,"[-0.36160876 -0.36160876 -0.36160876 -0.36160876 -0.36160876 -0.36160876
 -0.36160876 -0.36160876 -0.36160876 -0.36160876 -0.36160876 -0.36160876
 -0.36160876 -0.36160876 -0.36160876 -0.36160876  0.46635528  0.5076507
 -0.36160876 -0.36160876 -0.36160876 -0.36160876 -0.36160876 -0.36160876
 -0.36160876 -0.36160876 -0.36160876 -0.36160876 -0.36160876  0.6635329
 -0.36160876 -0.36160876 -0.36160876 -0.36160876 -0.36160876 -0.36160876
  0.6635329   2.12291625 -0.36160876 -0.36160876 -0.36160876 -0.36160876
 -0.36160876 -0.36160876 -0.36160876  4.29508442  1.11005272 -0.36160876
 -0.36160876 -0.36160876  1.87592524 -0.36160876 -0.36160876 -0.36160876
 -0.36160876 -0.36160876 -0.36160876  4.30620038 -0.36160876 -0.36160876
 -0.36160876  3.41023077  1.06780397  0.46635528  4.17309161  0.61131653
 -0.36160876 -0.36160876  4.94049228  2.86559948  1.78552986 -0.36160876
 -0.36160876 -0.36160876 -0.36160876 -0.36160876 -0.36160876 -0.36160876
 -0.36160876 -0.36160876 -0.36160876 -0.36160876 -0.36160876 -0.36160876
 -0.36160876  0.80737462 -0.36160876 -0.36160876 -0.36160876 -0.36160876
 -0.36160876 -0.36160876 -0.36160876 -0.36160876  0.1029363  -0.36160876
 -0.36160876 -0.36160876 -0.36160876 -0.36160876 -0.36160876 -0.36160876
 -0.36160876 -0.36160876 -0.36160876 -0.36160876 -0.36160876 -0.36160876
 -0.36160876 -0.36160876 -0.36160876 -0.36160876 -0.36160876 -0.36160876
  0.28518361 -0.36160876 -0.36160876 -0.36160876  0.89804046  0.09143031
  0.14134189 -0.36160876 -0.36160876 -0.36160876  2.47930866 -0.36160876
  1.78422009 -0.36160876  0.84103806  0.74333571 -0.36160876 -0.36160876
  0.24177466  0.55362671 -0.36160876  2.74003071 -0.36160876  0.11505497
  2.15826704 -0.36160876 -0.36160876  2.21054118  0.07007642  0.44457777
  0.38866773 -0.36160876 -0.36160876 -0.36160876 -0.36160876 -0.36160876
  3.10361503 -0.36160876 -0.36160876  0.66897387 -0.36160876 -0.36160876
 -0.36160876 -0.36160876 -0.36160876 -0.36160876 -0.36160876 -0.36160876
 -0.36160876 -0.36160876 -0.36160876 -0.36160876 -0.36160876 -0.36160876
 -0.36160876  0.28518361 -0.36160876 -0.36160876 -0.36160876  3.52399291
 -0.36160876 -0.36160876 -0.36160876 -0.36160876 -0.36160876 -0.36160876
 -0.36160876 -0.36160876 -0.36160876 -0.36160876 -0.36160876 -0.36160876
 -0.36160876 -0.36160876 -0.36160876 -0.36160876 -0.36160876 -0.36160876
 -0.36160876 -0.36160876 -0.36160876  2.17143716 -0.36160876 -0.36160876
 -0.36160876 -0.36160876 -0.36160876 -0.36160876 -0.36160876 -0.36160876
 -0.36160876 -0.36160876 -0.36160876 -0.36160876 -0.36160876 -0.36160876
 -0.36160876 -0.36160876 -0.36160876 -0.36160876 -0.36160876  1.50142389
 -0.36160876 -0.36160876 -0.36160876 -0.36160876 -0.36160876 -0.36160876
 -0.36160876 -0.36160876 -0.36160876 -0.36160876 -0.36160876 -0.36160876
 -0.36160876  0.33563504  1.00666577 -0.36160876  1.87592524  0.28518361
 -0.36160876 -0.36160876 -0.36160876 -0.36160876 -0.36160876 -0.36160876
 -0.36160876 -0.36160876 -0.36160876 -0.36160876 -0.36160876  3.49981614
 -0.36160876 -0.36160876 -0.36160876 -0.36160876 -0.36160876 -0.36160876
 -0.36160876 -0.36160876 -0.36160876  0.03296918  0.73021299 -0.36160876
 -0.36160876  0.24177466 -0.36160876 -0.36160876 -0.36160876 -0.36160876
 -0.36160876 -0.36160876 -0.36160876  4.91761567  1.72261009 -0.36160876
 -0.36160876 -0.36160876 -0.36160876 -0.36160876 -0.36160876 -0.36160876
 -0.36160876 -0.36160876 -0.36160876 -0.36160876 -0.36160876 -0.36160876
 -0.36160876 -0.36160876 -0.36160876 -0.11461775 -0.36160876 -0.36160876
 -0.36160876 -0.36160876  6.34362746  2.22556074 -0.36160876 -0.36160876
 -0.36160876]",[-0.05597010947894365]
2,"[-0.22483313 -0.22483313 -0.22483313 -0.22483313 -0.22483313 -0.22483313
 -0.22483313 -0.22483313 -0.22483313 -0.22483313 -0.22483313 -0.22483313
 -0.22483313 -0.22483313 -0.22483313 -0.22483313 -0.22483313  0.05504675
 -0.22483313 -0.22483313 -0.22483313 -0.22483313 -0.22483313 -0.22483313
 -0.22483313 -0.22483313 -0.22483313 -0.22483313 -0.22483313  0.27232886
 -0.22483313 -0.22483313 -0.22483313 -0.22483313 -0.22483313 -0.22483313
 -0.22483313 -0.22483313 -0.22483313 -0.22483313 -0.22483313 -0.22483313
 -0.22483313 -0.22483313 -0.22483313  0.46134107  1.0029296  -0.22483313
 -0.22483313 -0.22483313 -0.22483313 -0.22483313 -0.22483313 -0.22483313
 -0.22483313 -0.22483313 -0.01104932  5.72273951 -0.22483313 -0.22483313
 -0.22483313  3.79666264  6.52202685  3.22833529  1.27138833  4.20405418
 -0.22483313 -0.22483313  2.42664584  2.53061931  7.59439645 -0.22483313
 -0.22483313 -0.22483313 -0.22483313 -0.22483313 -0.22483313 -0.22483313
 -0.22483313 -0.22483313 -0.22483313 -0.22483313 -0.22483313 -0.22483313
 -0.22483313 -0.22483313 -0.22483313 -0.22483313 -0.22483313 -0.22483313
 -0.22483313 -0.22483313 -0.22483313 -0.22483313 -0.22483313  0.23459811
 -0.22483313 -0.22483313 -0.22483313 -0.22483313 -0.22483313 -0.22483313
 -0.22483313 -0.22483313 -0.22483313 -0.22483313 -0.22483313 -0.22483313
 -0.22483313 -0.22483313  0.06161426 -0.22483313 -0.22483313 -0.22483313
 -0.22483313 -0.22483313 -0.22483313 -0.22483313  0.86313575 -0.22483313
 -0.22483313 -0.22483313  0.04083856  0.97781295 -0.22483313 -0.22483313
  0.09686542 -0.22483313 -0.22483313  0.34322446 -0.22483313 -0.22483313
 -0.22483313 -0.22483313 -0.22483313  2.01238534 -0.22483313 -0.22483313
  0.65171772 -0.22483313 -0.22483313  5.61569372  0.34241378 -0.22483313
 -0.22483313 -0.22483313 -0.22483313 -0.22483313 -0.22483313 -0.22483313
 -0.22483313 -0.22483313 -0.22483313 -0.22483313 -0.22483313 -0.22483313
 -0.22483313 -0.22483313 -0.22483313 -0.22483313 -0.22483313 -0.22483313
 -0.22483313 -0.22483313 -0.22483313 -0.22483313 -0.22483313 -0.22483313
 -0.22483313 -0.22483313 -0.22483313 -0.22483313 -0.22483313 -0.22483313
 -0.22483313 -0.22483313 -0.22483313 -0.22483313 -0.22483313 -0.22483313
 -0.22483313 -0.22483313 -0.22483313 -0.22483313 -0.22483313 -0.22483313
 -0.22483313 -0.22483313 -0.22483313 -0.22483313 -0.22483313 -0.22483313
 -0.22483313 -0.22483313 -0.22483313  7.05665701 -0.22483313 -0.22483313
 -0.22483313 -0.22483313 -0.22483313 -0.22483313 -0.22483313 -0.22483313
 -0.22483313 -0.22483313 -0.22483313 -0.22483313 -0.22483313 -0.22483313
 -0.22483313 -0.22483313 -0.22483313 -0.22483313 -0.22483313  1.50253008
 -0.22483313 -0.22483313 -0.22483313 -0.22483313 -0.22483313 -0.22483313
 -0.22483313 -0.22483313 -0.22483313 -0.22483313 -0.22483313 -0.22483313
 -0.22483313 -0.22483313 -0.22483313 -0.22483313 -0.22483313 -0.22483313
 -0.22483313 -0.22483313 -0.22483313 -0.22483313 -0.22483313 -0.22483313
 -0.22483313 -0.22483313 -0.22483313 -0.22483313 -0.22483313  0.89711592
 -0.22483313 -0.22483313 -0.22483313 -0.22483313 -0.22483313 -0.22483313
 -0.22483313 -0.22483313 -0.22483313 -0.22483313 -0.22483313 -0.22483313
 -0.22483313 -0.22483313 -0.22483313 -0.22483313 -0.22483313 -0.22483313
 -0.22483313 -0.22483313 -0.22483313 -0.22483313 -0.22483313 -0.22483313
 -0.22483313 -0.22483313 -0.22483313 -0.22483313 -0.22483313 -0.22483313
 -0.22483313 -0.22483313 -0.22483313 -0.22483313 -0.22483313 -0.22483313
 -0.22483313 -0.22483313 -0.22483313 -0.22483313 -0.22483313 -0.22483313
 -0.22483313 -0.22483313  0.03154526 -0.22483313 -0.22483313 -0.22483313
 -0.22483313]",[0.004238652727856673]
2,"[-0.3247295  -0.3247295   2.07931268 -0.3247295  -0.3247295  -0.3247295
 -0.3247295  -0.3247295  -0.3247295  -0.3247295  -0.3247295  -0.3247295
 -0.3247295  -0.3247295  -0.3247295  -0.3247295  -0.3247295  -0.3247295
 -0.3247295  -0.3247295  -0.3247295  -0.3247295  -0.3247295  -0.3247295
 -0.3247295  -0.3247295  -0.3247295  -0.3247295  -0.3247295  -0.3247295
 -0.3247295  -0.3247295  -0.3247295  -0.3247295  -0.3247295  -0.3247295
 -0.3247295  -0.3247295  -0.3247295  -0.3247295  -0.3247295  -0.3247295
 -0.3247295  -0.3247295  -0.3247295   3.22530693  1.50962407 -0.3247295
 -0.3247295  -0.3247295  -0.3247295  -0.3247295  -0.3247295  -0.3247295
 -0.3247295  -0.3247295  -0.3247295   4.88878294 -0.3247295  -0.3247295
 -0.3247295   3.6368871  -0.25650159 -0.3247295   5.60925675  0.54785525
 -0.3247295  -0.3247295   4.46404945  2.66444286 -0.24931325 -0.3247295
 -0.3247295  -0.3247295  -0.3247295  -0.3247295  -0.3247295  -0.3247295
 -0.3247295  -0.3247295  -0.3247295  -0.3247295  -0.3247295  -0.3247295
 -0.3247295  -0.3247295  -0.3247295  -0.3247295  -0.3247295  -0.3247295
 -0.3247295  -0.3247295  -0.3247295  -0.3247295   1.84896004 -0.3247295
 -0.3247295  -0.3247295  -0.3247295  -0.3247295  -0.3247295  -0.3247295
 -0.3247295  -0.3247295  -0.3247295   0.05818418 -0.3247295  -0.3247295
 -0.3247295  -0.3247295   0.25868378 -0.3247295  -0.3247295  -0.3247295
  0.37019453 -0.3247295  -0.3247295  -0.3247295  -0.3247295  -0.3247295
 -0.3247295  -0.3247295   0.69824624  0.65861407  2.72759745 -0.3247295
  4.02716841 -0.3247295   3.39416147  0.57219308  0.16202289 -0.3247295
 -0.3247295  -0.3247295  -0.3247295   3.20968223  0.4161215   0.1874056
  3.38770544 -0.3247295  -0.3247295   0.70333886  0.13907994 -0.06623946
 -0.00884076 -0.3247295  -0.3247295  -0.3247295  -0.3247295  -0.3247295
  3.68064979 -0.3247295  -0.3247295   0.47846    -0.3247295  -0.3247295
 -0.3247295  -0.3247295  -0.3247295   1.47162307 -0.3247295  -0.3247295
 -0.3247295  -0.3247295  -0.3247295  -0.3247295  -0.3247295  -0.3247295
 -0.3247295  -0.3247295  -0.3247295  -0.3247295  -0.3247295   4.82685202
 -0.3247295  -0.3247295  -0.3247295  -0.3247295  -0.3247295  -0.3247295
 -0.3247295  -0.3247295  -0.3247295  -0.3247295  -0.3247295  -0.3247295
 -0.3247295  -0.3247295  -0.3247295  -0.3247295  -0.3247295  -0.3247295
 -0.3247295  -0.3247295  -0.3247295   3.03520261 -0.3247295  -0.3247295
  0.8233383  -0.3247295  -0.3247295  -0.3247295  -0.3247295  -0.3247295
 -0.3247295  -0.3247295  -0.3247295  -0.3247295  -0.3247295  -0.3247295
 -0.3247295  -0.3247295  -0.3247295  -0.3247295  -0.3247295   3.70277012
 -0.3247295  -0.3247295  -0.3247295  -0.3247295  -0.3247295  -0.3247295
 -0.3247295  -0.3247295  -0.3247295  -0.3247295  -0.3247295  -0.3247295
 -0.3247295  -0.3247295  -0.3247295  -0.3247295   1.14536646 -0.3247295
 -0.3247295  -0.3247295  -0.3247295  -0.3247295  -0.3247295  -0.3247295
 -0.3247295  -0.3247295  -0.3247295  -0.3247295  -0.3247295   2.9719591
 -0.3247295  -0.3247295  -0.3247295  -0.3247295  -0.3247295  -0.3247295
 -0.3247295  -0.3247295   0.35789299  0.81127362 -0.3247295  -0.3247295
 -0.3247295  -0.3247295  -0.3247295  -0.3247295  -0.3247295  -0.3247295
 -0.3247295  -0.3247295  -0.3247295  -0.3247295  -0.3247295  -0.3247295
 -0.3247295  -0.3247295  -0.3247295  -0.3247295  -0.3247295  -0.3247295
 -0.3247295  -0.3247295  -0.3247295  -0.3247295  -0.3247295  -0.3247295
 -0.3247295   2.07931268 -0.3247295   1.93073313 -0.3247295  -0.3247295
 -0.3247295  -0.3247295   3.32768839 -0.3247295  -0.3247295  -0.3247295
 -0.3247295 ]",[-0.04878268314791001]
2,"[-2.07298719e-01 -2.07298719e-01 -2.07298719e-01 -2.07298719e-01
 -2.07298719e-01 -2.07298719e-01 -2.07298719e-01 -2.07298719e-01
 -2.07298719e-01 -2.07298719e-01 -2.07298719e-01 -2.07298719e-01
 -2.07298719e-01 -2.07298719e-01 -2.07298719e-01 -2.07298719e-01
 -2.07298719e-01 -2.07298719e-01 -2.07298719e-01 -2.07298719e-01
 -2.07298719e-01 -2.07298719e-01 -2.07298719e-01 -2.07298719e-01
 -2.07298719e-01 -2.07298719e-01 -2.07298719e-01 -2.07298719e-01
 -2.07298719e-01 -2.07298719e-01 -2.07298719e-01 -2.07298719e-01
 -2.07298719e-01 -2.07298719e-01 -2.07298719e-01 -2.07298719e-01
 -2.07298719e-01 -2.07298719e-01 -2.07298719e-01 -2.07298719e-01
 -2.07298719e-01 -2.07298719e-01 -2.07298719e-01 -2.07298719e-01
 -2.07298719e-01 -2.07298719e-01 -2.07298719e-01 -2.07298719e-01
 -2.07298719e-01 -2.07298719e-01 -2.07298719e-01 -2.07298719e-01
 -2.07298719e-01 -2.07298719e-01 -2.07298719e-01 -2.07298719e-01
 -2.07298719e-01  3.87055747e+00 -2.07298719e-01 -2.07298719e-01
 -2.07298719e-01  5.08065669e-01  5.33921593e+00 -2.07298719e-01
  8.71491135e+00  1.16393640e+00 -2.07298719e-01 -2.07298719e-01
  4.50962531e+00  2.69524138e+00  3.40562153e-01 -2.07298719e-01
 -2.07298719e-01 -2.07298719e-01 -2.07298719e-01 -2.07298719e-01
 -2.07298719e-01 -2.07298719e-01 -2.07298719e-01 -2.07298719e-01
 -2.07298719e-01 -2.07298719e-01 -2.07298719e-01 -2.07298719e-01
 -2.07298719e-01 -2.07298719e-01 -2.07298719e-01 -2.07298719e-01
 -2.07298719e-01 -2.07298719e-01 -2.07298719e-01 -2.07298719e-01
 -2.07298719e-01 -2.07298719e-01 -2.07298719e-01 -2.07298719e-01
 -2.07298719e-01 -2.07298719e-01 -2.07298719e-01 -2.07298719e-01
 -2.07298719e-01 -2.07298719e-01 -2.07298719e-01 -2.07298719e-01
 -2.07298719e-01 -2.07298719e-01 -2.07298719e-01 -2.07298719e-01
 -2.07298719e-01 -2.07298719e-01  4.00535329e-01 -2.07298719e-01
 -2.07298719e-01 -2.07298719e-01 -2.07298719e-01 -2.07298719e-01
 -2.07298719e-01 -2.07298719e-01 -2.07298719e-01 -2.07298719e-01
 -2.07298719e-01 -2.07298719e-01 -5.50274865e-03 -2.07298719e-01
 -2.07298719e-01 -2.07298719e-01  1.51294833e+00 -2.07298719e-01
  2.04378609e-01  2.59321970e-01 -2.07298719e-01 -2.07298719e-01
 -2.07298719e-01 -2.07298719e-01 -2.07298719e-01  5.36481989e+00
 -2.07298719e-01 -2.07298719e-01  1.52579317e+00 -2.07298719e-01
 -2.07298719e-01  6.88510882e+00 -2.07298719e-01 -2.07298719e-01
 -2.07298719e-01 -2.07298719e-01 -2.07298719e-01 -2.07298719e-01
 -2.07298719e-01 -2.07298719e-01 -2.07298719e-01 -2.07298719e-01
 -2.07298719e-01 -2.07298719e-01 -2.07298719e-01  1.19509682e+00
 -2.07298719e-01 -2.07298719e-01 -2.07298719e-01 -2.07298719e-01
 -2.07298719e-01 -2.07298719e-01 -2.07298719e-01 -2.07298719e-01
 -2.07298719e-01 -2.07298719e-01 -2.07298719e-01 -2.07298719e-01
 -2.07298719e-01 -2.07298719e-01 -2.07298719e-01 -2.07298719e-01
 -2.07298719e-01 -2.07298719e-01 -2.07298719e-01 -2.07298719e-01
 -2.07298719e-01 -2.07298719e-01 -2.07298719e-01 -2.07298719e-01
 -2.07298719e-01 -2.07298719e-01 -2.07298719e-01 -2.07298719e-01
 -2.07298719e-01 -2.07298719e-01 -2.07298719e-01 -2.07298719e-01
 -2.07298719e-01 -2.07298719e-01 -2.07298719e-01 -2.07298719e-01
 -2.07298719e-01 -2.07298719e-01 -2.07298719e-01  5.30525593e-01
 -2.07298719e-01 -2.07298719e-01 -2.07298719e-01 -2.07298719e-01
 -2.07298719e-01 -2.07298719e-01 -2.07298719e-01 -2.07298719e-01
 -2.07298719e-01 -2.07298719e-01 -2.07298719e-01 -2.07298719e-01
 -2.07298719e-01 -2.07298719e-01 -2.07298719e-01 -2.07298719e-01
 -2.07298719e-01 -2.07298719e-01 -2.07298719e-01  3.67969088e+00
 -2.07298719e-01 -2.07298719e-01 -2.07298719e-01 -2.07298719e-01
 -2.07298719e-01 -2.07298719e-01 -2.07298719e-01 -2.07298719e-01
 -2.07298719e-01 -2.07298719e-01 -2.07298719e-01 -2.07298719e-01
 -2.07298719e-01 -2.07298719e-01 -2.07298719e-01 -2.07298719e-01
 -2.07298719e-01 -2.07298719e-01 -2.07298719e-01 -2.07298719e-01
 -2.07298719e-01 -2.07298719e-01 -2.07298719e-01 -2.07298719e-01
 -2.07298719e-01 -2.07298719e-01 -2.07298719e-01 -2.07298719e-01
 -2.07298719e-01  2.42625532e+00 -2.07298719e-01 -2.07298719e-01
 -2.07298719e-01 -2.07298719e-01 -2.07298719e-01 -2.07298719e-01
 -2.07298719e-01 -2.07298719e-01 -2.07298719e-01 -2.07298719e-01
 -2.07298719e-01 -2.07298719e-01 -2.07298719e-01 -2.07298719e-01
 -2.07298719e-01 -2.07298719e-01 -2.07298719e-01 -2.07298719e-01
 -2.07298719e-01 -2.07298719e-01 -2.07298719e-01 -2.07298719e-01
 -2.07298719e-01 -2.07298719e-01 -2.07298719e-01 -2.07298719e-01
 -2.07298719e-01 -2.07298719e-01 -2.07298719e-01 -2.07298719e-01
 -2.07298719e-01 -2.07298719e-01 -2.07298719e-01 -2.07298719e-01
 -2.07298719e-01 -2.07298719e-01 -2.07298719e-01 -2.07298719e-01
 -2.07298719e-01 -2.07298719e-01 -2.07298719e-01 -2.07298719e-01
 -2.07298719e-01 -2.07298719e-01  5.67876133e+00 -2.07298719e-01
 -2.07298719e-01 -2.07298719e-01 -2.07298719e-01]",[-0.12258038557552403]
2,"[-3.56340190e-01 -3.56340190e-01 -3.56340190e-01 -3.56340190e-01
 -3.56340190e-01 -3.56340190e-01 -3.56340190e-01 -3.56340190e-01
 -3.56340190e-01 -3.56340190e-01 -3.56340190e-01 -3.56340190e-01
 -3.56340190e-01 -3.56340190e-01 -3.56340190e-01  6.00886509e-02
 -3.56340190e-01  1.06425749e+00 -3.56340190e-01 -3.56340190e-01
  5.26549610e-01 -3.56340190e-01 -3.56340190e-01 -3.56340190e-01
 -3.56340190e-01 -3.56340190e-01 -3.56340190e-01 -3.56340190e-01
 -3.56340190e-01  8.63771753e-03 -3.56340190e-01 -3.56340190e-01
 -3.56340190e-01 -3.56340190e-01 -3.56340190e-01 -3.56340190e-01
 -3.56340190e-01  5.26549610e-01 -3.56340190e-01 -3.56340190e-01
 -3.56340190e-01 -3.56340190e-01 -3.56340190e-01 -3.56340190e-01
 -3.56340190e-01  4.11721874e+00 -1.44811584e-01 -3.56340190e-01
 -3.56340190e-01 -3.56340190e-01 -3.56340190e-01 -3.56340190e-01
 -3.56340190e-01 -3.56340190e-01 -3.56340190e-01 -3.56340190e-01
 -3.56340190e-01  2.98641788e+00 -3.56340190e-01 -3.56340190e-01
 -3.56340190e-01  2.29288540e+00  4.45576650e+00 -3.56340190e-01
  4.93891157e+00  4.11585247e-01 -3.56340190e-01 -3.56340190e-01
  4.82064353e+00  2.60696922e+00  3.71484776e+00 -3.56340190e-01
 -3.56340190e-01 -3.56340190e-01 -3.56340190e-01 -3.56340190e-01
 -3.56340190e-01 -3.56340190e-01 -3.56340190e-01 -3.56340190e-01
 -3.56340190e-01 -3.56340190e-01 -3.56340190e-01 -3.56340190e-01
 -3.56340190e-01  3.73615625e-01 -3.56340190e-01 -3.56340190e-01
 -3.56340190e-01 -3.56340190e-01 -3.56340190e-01 -3.56340190e-01
 -3.56340190e-01 -3.56340190e-01 -1.04672917e-01  1.02442151e+00
 -3.56340190e-01 -3.56340190e-01 -3.56340190e-01 -3.56340190e-01
 -3.56340190e-01 -3.56340190e-01 -3.56340190e-01 -3.56340190e-01
 -3.56340190e-01 -3.56340190e-01 -3.56340190e-01 -3.56340190e-01
 -3.56340190e-01 -3.56340190e-01 -1.46052651e-01 -3.56340190e-01
 -3.56340190e-01 -3.56340190e-01 -3.56340190e-01 -3.56340190e-01
 -3.56340190e-01 -3.56340190e-01 -3.56340190e-01 -3.56340190e-01
 -3.56340190e-01 -3.56340190e-01 -1.09368834e-03  9.63577662e-01
  2.22859153e+00 -3.56340190e-01  2.14189216e+00 -3.56340190e-01
  3.83339463e+00  3.59212977e-01  1.15748853e+00  1.42685091e+00
 -3.56340190e-01  1.07216050e+00 -3.56340190e-01  1.83816543e+00
  1.63328086e-01 -1.43555711e-01  3.46084960e+00 -3.56340190e-01
 -3.56340190e-01  3.56204382e+00 -3.56340190e-01  1.76943954e+00
 -2.51553845e-01 -3.56340190e-01 -3.56340190e-01 -3.56340190e-01
 -3.56340190e-01 -3.56340190e-01  3.05677761e+00 -3.56340190e-01
 -3.56340190e-01  1.35607049e+00 -3.56340190e-01 -3.56340190e-01
 -3.56340190e-01 -3.56340190e-01 -3.56340190e-01  1.98646124e+00
 -3.56340190e-01 -3.56340190e-01 -3.56340190e-01 -3.56340190e-01
 -3.56340190e-01 -3.56340190e-01 -3.56340190e-01 -3.56340190e-01
 -3.56340190e-01 -3.56340190e-01 -3.56340190e-01 -3.56340190e-01
 -3.56340190e-01  3.16262072e-01 -3.56340190e-01 -3.56340190e-01
 -3.56340190e-01 -3.56340190e-01 -3.56340190e-01 -3.56340190e-01
 -3.56340190e-01 -3.56340190e-01 -3.56340190e-01 -3.56340190e-01
 -3.56340190e-01 -3.56340190e-01 -3.56340190e-01 -3.56340190e-01
 -3.56340190e-01 -3.56340190e-01 -3.56340190e-01 -3.56340190e-01
 -3.56340190e-01 -3.56340190e-01 -3.56340190e-01  1.92716394e+00
 -3.56340190e-01 -3.56340190e-01  1.28835503e-01 -3.56340190e-01
 -3.56340190e-01 -3.56340190e-01 -3.56340190e-01 -3.56340190e-01
 -3.56340190e-01 -3.56340190e-01 -3.56340190e-01 -3.56340190e-01
 -3.56340190e-01 -3.56340190e-01 -3.56340190e-01 -3.56340190e-01
 -3.56340190e-01 -3.56340190e-01 -3.56340190e-01  3.21130605e+00
 -3.56340190e-01 -3.56340190e-01 -3.56340190e-01 -3.56340190e-01
 -3.56340190e-01 -3.56340190e-01 -3.56340190e-01 -3.56340190e-01
  7.71329731e-01 -3.56340190e-01 -3.56340190e-01 -3.56340190e-01
 -3.56340190e-01  3.16262072e-01 -3.56340190e-01 -3.56340190e-01
 -3.56340190e-01 -3.56340190e-01 -3.56340190e-01 -3.56340190e-01
 -3.56340190e-01 -3.56340190e-01 -3.56340190e-01 -3.56340190e-01
 -3.56340190e-01 -3.56340190e-01 -3.56340190e-01 -3.56340190e-01
 -3.56340190e-01  4.44047198e-01  1.25650542e+00 -3.56340190e-01
 -3.56340190e-01 -3.56340190e-01 -3.56340190e-01 -3.56340190e-01
 -3.56340190e-01 -3.56340190e-01 -3.56340190e-01 -3.56340190e-01
 -3.56340190e-01 -3.56340190e-01 -3.56340190e-01 -3.56340190e-01
 -3.56340190e-01 -3.56340190e-01 -3.56340190e-01 -3.56340190e-01
 -3.56340190e-01 -3.56340190e-01 -3.56340190e-01 -3.56340190e-01
 -3.56340190e-01 -3.56340190e-01  1.44085035e+00 -3.56340190e-01
 -3.56340190e-01 -3.56340190e-01 -3.56340190e-01  3.16262072e-01
 -3.56340190e-01 -3.56340190e-01 -3.56340190e-01 -3.56340190e-01
  1.25650542e+00 -3.56340190e-01 -3.56340190e-01 -3.56340190e-01
 -3.56340190e-01  7.90605549e-01  4.70284272e+00 -3.56340190e-01
 -3.56340190e-01 -3.56340190e-01  4.58511198e+00  1.25650542e+00
 -3.56340190e-01 -3.56340190e-01 -3.56340190e-01]",[-0.08370788241616572]
2,"[-0.29524211 -0.29524211 -0.29524211 -0.29524211 -0.29524211 -0.29524211
 -0.29524211 -0.29524211 -0.29524211 -0.29524211 -0.29524211 -0.29524211
 -0.29524211 -0.29524211 -0.29524211 -0.29524211 -0.29524211 -0.29524211
 -0.29524211 -0.29524211 -0.29524211 -0.29524211 -0.29524211 -0.29524211
 -0.29524211 -0.29524211 -0.29524211 -0.29524211 -0.29524211  1.53247049
 -0.29524211 -0.29524211 -0.29524211 -0.29524211 -0.29524211 -0.29524211
 -0.29524211 -0.29524211 -0.29524211 -0.29524211 -0.29524211 -0.29524211
 -0.29524211 -0.29524211 -0.29524211  1.13702633  0.11132804 -0.29524211
 -0.29524211 -0.29524211 -0.29524211 -0.29524211 -0.29524211 -0.29524211
 -0.29524211 -0.29524211  5.86943227  3.85056475 -0.29524211 -0.29524211
 -0.29524211  3.02488474  6.19544488 -0.29524211  4.468293    1.03976068
 -0.29524211 -0.29524211  4.26945185  2.75257788  3.97754385 -0.29524211
 -0.29524211 -0.29524211 -0.29524211 -0.29524211 -0.29524211 -0.29524211
 -0.29524211 -0.29524211 -0.29524211 -0.29524211 -0.29524211 -0.29524211
 -0.29524211 -0.29524211 -0.29524211 -0.29524211 -0.29524211 -0.29524211
 -0.29524211 -0.29524211 -0.29524211 -0.29524211 -0.29524211  0.16007484
 -0.29524211 -0.29524211 -0.29524211 -0.29524211 -0.29524211 -0.29524211
 -0.29524211 -0.29524211 -0.29524211 -0.29524211 -0.29524211 -0.29524211
 -0.29524211 -0.29524211  0.85598905 -0.29524211 -0.29524211 -0.29524211
 -0.29524211 -0.29524211 -0.29524211 -0.29524211 -0.29524211 -0.29524211
 -0.09558566 -0.29524211  1.62873062  1.4866095  -0.29524211 -0.29524211
  2.73443111 -0.29524211  1.85277099  1.0469724   0.29473335 -0.29524211
 -0.29524211 -0.29524211 -0.29524211  3.64239065 -0.11882101  0.1136295
  2.592933   -0.29524211 -0.29524211  5.04531644 -0.29524211 -0.18159187
 -0.02708847 -0.29524211 -0.29524211 -0.29524211 -0.29524211 -0.29524211
 -0.29524211 -0.29524211 -0.29524211  0.35081583 -0.29524211 -0.29524211
 -0.29524211 -0.29524211 -0.29524211  3.77546722 -0.29524211 -0.29524211
 -0.29524211 -0.29524211 -0.29524211 -0.29524211 -0.29524211 -0.29524211
 -0.29524211 -0.29524211 -0.29524211 -0.29524211 -0.29524211  0.61275184
 -0.29524211 -0.29524211 -0.29524211 -0.29524211 -0.29524211 -0.29524211
 -0.29524211 -0.29524211 -0.29524211 -0.29524211 -0.29524211 -0.29524211
 -0.29524211 -0.29524211 -0.29524211 -0.29524211 -0.29524211 -0.29524211
 -0.29524211 -0.29524211 -0.29524211  4.03982593 -0.29524211 -0.29524211
 -0.29524211 -0.29524211 -0.29524211 -0.29524211 -0.29524211 -0.29524211
 -0.29524211 -0.29524211 -0.29524211 -0.29524211 -0.29524211 -0.29524211
 -0.29524211 -0.29524211 -0.29524211 -0.29524211 -0.29524211  1.97079175
 -0.29524211 -0.29524211 -0.29524211 -0.29524211 -0.29524211 -0.29524211
 -0.29524211 -0.29524211 -0.29524211 -0.29524211 -0.29524211 -0.29524211
 -0.29524211  1.4866095  -0.29524211 -0.29524211 -0.29524211 -0.29524211
 -0.29524211 -0.29524211 -0.29524211 -0.29524211 -0.29524211 -0.29524211
 -0.29524211 -0.29524211 -0.29524211 -0.29524211 -0.29524211  1.44420139
 -0.29524211 -0.29524211 -0.29524211 -0.29524211 -0.29524211 -0.29524211
 -0.29524211 -0.29524211 -0.03002651 -0.29524211 -0.29524211 -0.29524211
 -0.29524211 -0.29524211 -0.29524211 -0.29524211 -0.29524211 -0.29524211
 -0.29524211 -0.29524211 -0.29524211 -0.29524211 -0.29524211 -0.29524211
 -0.29524211 -0.29524211 -0.29524211  2.61861286 -0.29524211 -0.29524211
 -0.29524211 -0.29524211 -0.29524211 -0.29524211 -0.29524211 -0.29524211
 -0.29524211 -0.29524211 -0.29524211 -0.29524211 -0.29524211 -0.29524211
 -0.29524211 -0.29524211  0.34789895 -0.29524211 -0.29524211 -0.29524211
 -0.29524211]",[-0.053768938113914366]
