Time Point,X,y
1,"[ 9.33964672e-01  1.87732639e+00 -3.29511006e-01 -5.50951939e-01
 -5.50951939e-01 -5.50951939e-01 -5.50951939e-01 -5.50951939e-01
 -5.50951939e-01 -5.50951939e-01 -5.50951939e-01 -5.50951939e-01
 -5.50951939e-01 -5.50951939e-01 -5.50951939e-01 -5.50951939e-01
  2.82312280e+00  6.42637461e-01 -5.50951939e-01 -4.68055408e-02
  8.31294007e-01  2.84351513e+00  1.24318313e+00  2.49378036e+00
  1.90391883e+00 -5.50951939e-01 -5.50951939e-01 -5.50951939e-01
 -5.50951939e-01 -3.40681634e-01 -5.50951939e-01 -5.50951939e-01
 -5.50951939e-01 -5.50951939e-01 -5.50951939e-01 -5.50951939e-01
 -5.50951939e-01 -5.50951939e-01 -5.50951939e-01 -5.50951939e-01
 -5.50951939e-01  6.92429492e-01 -5.50951939e-01  2.14795344e-03
 -5.10391202e-02 -5.50951939e-01 -5.50951939e-01 -5.50951939e-01
 -5.50951939e-01  9.53355311e-01  3.11391036e-01  1.23309082e+00
  1.38566684e+00 -5.50951939e-01  1.08282895e-01  2.04145899e+00
  4.42305124e-01 -5.50951939e-01 -5.50951939e-01 -5.50951939e-01
 -5.50951939e-01 -5.50951939e-01 -5.50951939e-01 -5.50951939e-01
 -5.50951939e-01 -5.50951939e-01 -1.03520849e-01  7.74697841e-01
 -5.50951939e-01 -5.50951939e-01 -5.50951939e-01  2.70253345e-01
  3.21696574e+00  1.87732639e+00 -5.50951939e-01 -5.50951939e-01
 -5.50951939e-01  1.34569564e+00 -5.50951939e-01 -5.50951939e-01
 -5.50951939e-01 -5.50951939e-01 -5.50951939e-01 -2.92535683e-01
 -5.50951939e-01  2.56857771e+00 -5.50951939e-01 -5.50951939e-01
 -5.50951939e-01 -5.50951939e-01 -5.50951939e-01 -5.50951939e-01
  3.05767807e+00 -5.50951939e-01]",[0.12867557674151026]
1,"[-0.50322329 -0.50322329 -0.26693013 -0.50322329 -0.50322329 -0.50322329
 -0.50322329 -0.50322329 -0.50322329 -0.50322329 -0.50322329  0.46310917
 -0.50322329 -0.50322329 -0.50322329 -0.50322329  3.20053495  0.46310917
 -0.50322329 -0.37169612  0.60721745  3.35123952  1.13030734 -0.47447584
  2.65238577 -0.50322329 -0.50322329 -0.50322329 -0.50322329 -0.41734111
 -0.50322329 -0.50322329 -0.50322329 -0.50322329 -0.50322329 -0.50322329
 -0.50322329 -0.50322329 -0.50322329 -0.50322329 -0.50322329  1.51907775
 -0.50322329  0.30456453 -0.33354644  0.1540218  -0.50322329 -0.50322329
 -0.50322329  1.75061981  0.64437886  2.54218632  0.88493864 -0.50322329
  2.40646837  0.28554897 -0.50322329 -0.50322329 -0.50322329  1.23069172
 -0.50322329 -0.50322329 -0.50322329 -0.50322329 -0.50322329 -0.50322329
 -0.50322329  1.81637524 -0.50322329 -0.50322329 -0.50322329 -0.50322329
  3.6286202  -0.50322329 -0.50322329 -0.50322329 -0.50322329  0.49236201
 -0.50322329  0.59869914  0.31991559 -0.50322329 -0.50322329  1.9852361
 -0.50322329  2.14189503 -0.50322329 -0.50322329 -0.50322329 -0.50322329
 -0.50322329 -0.50322329 -0.50322329 -0.50322329]",[-0.0557646625929229]
1,"[-0.41858667 -0.41858667  1.42347367 -0.41858667 -0.41858667 -0.41858667
 -0.41858667 -0.41858667 -0.41858667 -0.41858667 -0.41858667 -0.41858667
 -0.41858667 -0.41858667 -0.41858667 -0.41858667  1.88531649 -0.06618281
 -0.41858667  1.66542245  0.82581762  4.13525427  1.84612422  0.57869663
  3.09781414 -0.41858667 -0.41858667 -0.41858667 -0.41858667  0.90207456
 -0.41858667 -0.41858667 -0.41858667 -0.41858667 -0.41858667 -0.41858667
 -0.41858667 -0.41858667 -0.41858667 -0.41858667 -0.41858667 -0.41858667
  2.36157397  0.4280738  -0.41858667 -0.41858667 -0.41858667 -0.41858667
 -0.41858667  1.03903245 -0.41858667  2.45489785  1.90879315 -0.41858667
  1.59061003 -0.18243572 -0.41858667 -0.41858667 -0.41858667 -0.25042053
 -0.41858667 -0.41858667 -0.41858667 -0.41858667 -0.41858667 -0.41858667
 -0.41858667 -0.41858667 -0.41858667 -0.41858667 -0.41858667 -0.41858667
  4.58818473 -0.41858667 -0.41858667 -0.41858667 -0.41858667  0.74329284
 -0.41858667 -0.41858667 -0.41858667 -0.41858667 -0.41858667 -0.41858667
 -0.41858667 -0.41858667 -0.41858667 -0.41858667 -0.41858667 -0.41858667
 -0.41858667 -0.41858667 -0.41858667 -0.41858667]",[-0.03454324114270407]
1,"[-0.51928593 -0.51928593 -0.37467823 -0.51928593 -0.51928593 -0.51928593
 -0.51928593  0.4899946   0.95372268 -0.51928593 -0.51928593 -0.51928593
 -0.51928593 -0.51928593 -0.51928593  0.23688946  2.34961537  1.65367903
 -0.51928593 -0.41636316  0.10347501  2.28323848 -0.03079732 -0.50794629
  0.45963319 -0.51928593 -0.51928593 -0.51928593 -0.51928593 -0.32127422
  0.88270092 -0.51928593 -0.51928593 -0.51928593 -0.51928593 -0.51928593
 -0.51928593 -0.51928593  1.84432917 -0.51928593 -0.51928593  2.66664002
 -0.30241549  0.59276468  2.23949583 -0.51928593 -0.51928593 -0.51928593
 -0.51928593  1.65277445  2.52910087  1.56335147  3.01076382 -0.51928593
  1.47956583  0.78427879 -0.51928593 -0.51928593 -0.51928593  2.00983984
 -0.51928593 -0.51928593 -0.51928593 -0.51928593 -0.51928593 -0.51928593
  0.75521093 -0.51928593 -0.51928593 -0.51928593 -0.51928593 -0.51928593
 -0.51928593 -0.51928593 -0.51928593 -0.51928593 -0.51928593  0.19224585
 -0.51928593  0.34299144 -0.51928593 -0.51928593 -0.51928593 -0.44357226
 -0.51928593  4.03575892 -0.51928593 -0.51928593 -0.51928593 -0.51928593
 -0.51928593 -0.51928593 -0.51928593 -0.51928593]",[-0.03123584326894313]
1,"[ 1.69941821 -0.63586062  2.09876239 -0.63586062 -0.63586062 -0.63586062
 -0.63586062 -0.63586062  0.3015469  -0.63586062 -0.63586062 -0.63586062
 -0.63586062 -0.63586062 -0.63586062 -0.63586062  2.14290159  0.04977413
 -0.63586062 -0.5239702   0.16970875  2.10704682  2.23915088  0.57141401
  2.94587707 -0.63586062 -0.63586062 -0.63586062 -0.63586062  1.02303708
 -0.63586062 -0.63586062 -0.63586062 -0.63586062 -0.63586062 -0.63586062
 -0.63586062 -0.63586062  1.15841741  0.13941802 -0.63586062  2.32124068
  0.04421074  1.69665259  0.66396356 -0.63586062 -0.63586062 -0.63586062
 -0.63586062  1.07623235  1.02543534  2.0046185   1.22112343 -0.63586062
 -0.45393619  1.74919554 -0.18230613  1.15841741 -0.63586062  1.18100279
 -0.63586062 -0.63586062 -0.63586062 -0.63586062 -0.63586062 -0.63586062
 -0.63586062 -0.3125073  -0.63586062 -0.63586062 -0.63586062  2.01914301
  2.09546492 -0.63586062 -0.63586062 -0.63586062  2.21729447  0.69577081
 -0.63586062 -0.63586062 -0.63586062 -0.63586062 -0.63586062  0.64448567
 -0.63586062  0.34157099 -0.63586062 -0.63586062 -0.63586062 -0.63586062
 -0.63586062 -0.63586062  0.18620026 -0.63586062]",[-0.01962457443939769]
1,"[-0.46375017 -0.46375017 -0.28245055 -0.46375017 -0.46375017 -0.46375017
 -0.46375017 -0.46375017 -0.46375017 -0.46375017 -0.46375017 -0.46375017
 -0.46375017 -0.46375017 -0.46375017 -0.46375017  2.23681906  0.8585613
 -0.46375017 -0.46375017  1.71746462  3.78964694  1.62917113 -0.46375017
  1.5268652  -0.46375017 -0.46375017 -0.46375017 -0.46375017 -0.1130896
 -0.46375017 -0.46375017 -0.46375017 -0.46375017 -0.46375017 -0.46375017
 -0.46375017 -0.46375017 -0.46375017 -0.46375017 -0.46375017  1.48718894
  1.39587872  0.47247452 -0.46375017 -0.46375017 -0.46375017 -0.46375017
 -0.46375017  0.9400115   1.48264391  1.39159936  1.74619597 -0.46375017
  0.44827772  3.20787561  0.32855865  1.45296846 -0.46375017 -0.32456057
 -0.46375017 -0.46375017 -0.46375017 -0.46375017 -0.46375017 -0.46375017
 -0.24166709  0.10111181 -0.46375017 -0.46375017 -0.46375017 -0.46375017
  4.98980648 -0.46375017 -0.46375017 -0.46375017 -0.46375017  0.74529421
 -0.46375017 -0.46375017 -0.2915083  -0.46375017 -0.46375017 -0.31996279
 -0.46375017 -0.46375017 -0.46375017 -0.46375017 -0.46375017 -0.46375017
 -0.46375017 -0.46375017  0.69608586 -0.46375017]",[0.047061752342563656]
1,"[ 1.24531863 -0.42101633  0.12933577 -0.42101633 -0.42101633 -0.42101633
 -0.42101633 -0.42101633 -0.42101633 -0.42101633 -0.42101633 -0.42101633
 -0.42101633 -0.42101633 -0.42101633 -0.42101633  2.16873619  0.75657434
 -0.42101633 -0.42101633  0.78640057  4.52254728  1.20604178 -0.18431054
  3.36622737 -0.42101633 -0.42101633 -0.42101633 -0.42101633  0.03473849
 -0.42101633 -0.42101633 -0.42101633 -0.42101633 -0.42101633 -0.42101633
 -0.42101633 -0.42101633 -0.42101633 -0.42101633 -0.42101633  0.08231092
 -0.13237414  1.44933526 -0.42101633 -0.42101633 -0.42101633 -0.42101633
 -0.42101633  1.33157595  2.64401173  2.5436     -0.2650441  -0.42101633
  1.65071033  2.02746163 -0.42101633 -0.42101633 -0.42101633 -0.42101633
 -0.42101633 -0.42101633 -0.42101633 -0.42101633 -0.42101633 -0.42101633
 -0.42101633 -0.42101633 -0.42101633 -0.42101633 -0.42101633 -0.42101633
  3.76349505 -0.42101633 -0.42101633 -0.42101633 -0.42101633  1.42061877
 -0.42101633 -0.42101633 -0.42101633 -0.42101633 -0.42101633 -0.23413535
 -0.42101633 -0.42101633 -0.42101633 -0.42101633 -0.42101633 -0.42101633
 -0.42101633 -0.42101633 -0.42101633 -0.42101633]",[-0.06746725424294342]
1,"[-0.60405993 -0.60405993  0.38381863 -0.60405993 -0.60405993 -0.60405993
 -0.60405993 -0.60405993  0.99011733 -0.60405993 -0.60405993 -0.60405993
 -0.60405993 -0.60405993 -0.60405993  0.06885269  1.49737528  0.60932617
 -0.60405993 -0.36232971  0.61076325  2.00440937  1.79962858 -0.53668312
  1.72356764 -0.60405993 -0.60405993 -0.60405993 -0.60405993  0.06885269
 -0.60405993 -0.60405993 -0.60405993  0.8646784  -0.60405993 -0.60405993
 -0.60405993 -0.60405993  1.67054552  0.03055825 -0.60405993  1.32738795
  0.36797435  1.10761165 -0.22689956 -0.60405993 -0.60405993 -0.60405993
 -0.60405993  1.22778746  1.50516641  1.44969971  0.90105534  1.02680563
  1.59166646  2.25297098 -0.60405993 -0.60405993 -0.60405993  3.23878506
  1.15487675 -0.60405993 -0.60405993 -0.60405993 -0.60405993 -0.60405993
  0.77607491 -0.60405993 -0.60405993 -0.60405993 -0.60405993 -0.60405993
 -0.60405993 -0.60405993 -0.60405993 -0.60405993 -0.60405993  1.79810579
 -0.60405993 -0.60405993 -0.60405993 -0.60405993 -0.60405993  0.43752242
 -0.60405993 -0.60405993 -0.60405993 -0.60405993 -0.60405993  1.32963901
 -0.60405993 -0.60405993  4.15794447 -0.60405993]",[0.040738865064197216]
1,"[-0.43241016 -0.43241016  0.00625333 -0.43241016 -0.43241016 -0.43241016
 -0.43241016 -0.43241016 -0.43241016 -0.43241016 -0.43241016 -0.43241016
 -0.43241016 -0.43241016 -0.43241016 -0.43241016  0.89771255  0.41631665
 -0.43241016 -0.29390435  0.64702255  2.37977219  1.99645996 -0.38736415
  2.0200863  -0.43241016 -0.43241016 -0.43241016 -0.43241016 -0.18392698
 -0.43241016 -0.43241016 -0.43241016 -0.43241016 -0.43241016 -0.43241016
 -0.43241016 -0.43241016 -0.43241016 -0.43241016 -0.43241016  0.0534378
 -0.02315654  0.53526235 -0.43241016  0.25970739 -0.43241016 -0.43241016
 -0.43241016  1.02788093  0.51832168  1.14037611  0.43045835 -0.43241016
  1.04809975  0.92580458 -0.43241016 -0.43241016 -0.43241016  4.57521611
  0.92580458 -0.43241016 -0.43241016 -0.43241016 -0.43241016 -0.43241016
  0.53828503 -0.43241016 -0.43241016 -0.43241016 -0.43241016 -0.43241016
 -0.43241016 -0.43241016 -0.43241016 -0.43241016 -0.43241016  0.98577786
 -0.43241016 -0.43241016  0.13494249 -0.43241016 -0.43241016  3.05220395
 -0.43241016 -0.43241016 -0.43241016 -0.43241016 -0.43241016 -0.43241016
 -0.43241016 -0.43241016  5.34463012 -0.43241016]",[-0.01747556997623617]
1,"[-0.46907497 -0.46907497  0.33742469 -0.46907497 -0.46907497 -0.46907497
 -0.46907497 -0.46907497 -0.46907497 -0.46907497 -0.46907497 -0.46907497
 -0.46907497 -0.46907497 -0.46907497  0.40239484  0.24378388  0.17419218
 -0.46907497 -0.46907497 -0.44774987  3.26805678  2.69173018 -0.46907497
  1.62018995 -0.46907497 -0.46907497 -0.46907497 -0.46907497  2.32219151
 -0.46907497 -0.46907497 -0.46907497 -0.46907497 -0.46907497 -0.46907497
 -0.46907497 -0.46907497  1.94598029  0.04385945 -0.46907497  1.64934805
 -0.46907497  1.65047726  0.0193746  -0.46907497 -0.46907497 -0.46907497
 -0.46907497  1.97468422 -0.09772779  2.65479222  2.79060792 -0.46907497
 -0.46907497  2.80434506 -0.46907497 -0.46907497 -0.46907497 -0.46907497
 -0.46907497 -0.46907497 -0.46907497 -0.46907497 -0.46907497 -0.46907497
 -0.46907497 -0.46907497 -0.46907497 -0.46907497 -0.46907497 -0.46907497
 -0.46907497  1.94598029 -0.46907497 -0.46907497 -0.46907497  2.39402741
 -0.46907497 -0.46907497 -0.46907497 -0.46907497 -0.46907497  0.39622169
 -0.46907497  2.52013796 -0.46907497 -0.46907497 -0.46907497 -0.46907497
 -0.46907497 -0.46907497 -0.46907497 -0.46907497]",[-0.059613610840557996]
1,"[-0.38271022 -0.38271022 -0.24947139 -0.38271022 -0.38271022 -0.38271022
 -0.38271022 -0.38271022 -0.38271022 -0.38271022 -0.38271022 -0.38271022
 -0.38271022 -0.38271022 -0.38271022  0.74845074  0.15121589  0.56072753
 -0.38271022 -0.09484207  2.33833514  4.24788017  2.04833604 -0.38271022
  0.19706667 -0.38271022 -0.38271022 -0.38271022 -0.38271022 -0.21273963
 -0.38271022 -0.38271022 -0.38271022 -0.38271022 -0.38271022 -0.38271022
 -0.38271022 -0.38271022 -0.38271022 -0.38271022 -0.38271022  1.36931184
 -0.20777757  0.27327304 -0.18409138 -0.38271022 -0.38271022 -0.38271022
 -0.38271022  1.65792138 -0.23947591  1.25582711  1.44549977 -0.38271022
 -0.38271022  2.98880756  0.24138362 -0.38271022 -0.38271022 -0.38271022
 -0.38271022 -0.38271022 -0.38271022 -0.38271022 -0.38271022 -0.38271022
 -0.38271022 -0.38271022 -0.38271022 -0.38271022 -0.38271022 -0.38271022
  2.68447179 -0.38271022 -0.38271022 -0.38271022 -0.38271022  0.70786906
 -0.38271022 -0.38271022 -0.38271022 -0.38271022 -0.38271022 -0.38271022
 -0.38271022 -0.38271022 -0.38271022 -0.38271022 -0.38271022 -0.38271022
 -0.38271022 -0.38271022  5.44444592 -0.38271022]",[-0.2306760237832955]
1,"[ 1.70136981  1.70136981  0.66893331 -0.5406192  -0.5406192  -0.5406192
  0.15801284 -0.5406192  -0.5406192  -0.5406192  -0.5406192  -0.5406192
 -0.5406192  -0.5406192  -0.5406192  -0.5406192   3.20418271  1.24476874
 -0.5406192   2.17513606  0.52483329 -0.05930299  0.15879486  4.14010474
  0.50164424 -0.5406192  -0.5406192  -0.5406192  -0.5406192   0.3208787
 -0.5406192  -0.5406192  -0.5406192  -0.5406192  -0.5406192  -0.5406192
 -0.5406192  -0.5406192  -0.5406192   0.42810815 -0.5406192   0.6073742
 -0.5406192   0.72721239  1.80403027 -0.5406192  -0.5406192  -0.5406192
 -0.5406192   0.59833613  1.35161464  1.55351412  2.90481382 -0.5406192
 -0.5406192   2.55826796 -0.5406192  -0.5406192  -0.5406192  -0.44105906
 -0.5406192  -0.5406192  -0.5406192  -0.5406192  -0.5406192  -0.5406192
 -0.24602408  1.43773719 -0.5406192  -0.5406192  -0.5406192   2.36001486
  0.48656356 -0.5406192  -0.5406192  -0.5406192  -0.5406192   0.65928662
 -0.5406192  -0.5406192  -0.5406192  -0.5406192  -0.5406192  -0.11210984
 -0.5406192   1.48122192 -0.5406192  -0.5406192  -0.5406192  -0.5406192
 -0.5406192  -0.5406192  -0.5406192  -0.5406192 ]",[2.8438187065239426]
2,"[-0.55898795 -0.55898795 -0.24434403 -0.55898795 -0.55898795 -0.55898795
 -0.55898795  0.31952712  0.72317316 -0.55898795 -0.55898795 -0.55898795
 -0.55898795 -0.55898795 -0.55898795 -0.55898795  2.63993917  1.42661441
 -0.55898795 -0.39148246  0.79332332  2.41866619  1.73348861 -0.51118572
  2.01650506 -0.55898795 -0.55898795 -0.55898795 -0.55898795 -0.39826505
 -0.55898795 -0.55898795 -0.55898795  1.26505298 -0.55898795 -0.55898795
  0.8776443  -0.55898795 -0.55898795 -0.55898795 -0.55898795  2.17237755
 -0.45719767  0.98517862  0.08197293 -0.55898795 -0.55898795 -0.55898795
 -0.55898795  1.57394614  2.03741277  1.92007062  1.47373125 -0.55898795
  2.85476495  0.3829482  -0.55898795 -0.55898795 -0.55898795  1.15254145
 -0.55898795 -0.55898795 -0.55898795 -0.55898795 -0.55898795 -0.55898795
 -0.22688809  1.44943262 -0.55898795 -0.55898795 -0.55898795 -0.55898795
  3.0013585  -0.55898795 -0.55898795 -0.55898795 -0.55898795  1.04225492
 -0.55898795 -0.55898795 -0.55898795 -0.55898795 -0.55898795 -0.46266515
 -0.55898795  2.81578624  0.19157013 -0.55898795 -0.55898795 -0.55898795
 -0.55898795 -0.55898795 -0.55898795 -0.55898795]",[0.0043388849000263185]
2,"[-0.45312991 -0.45312991  2.26189321 -0.45312991 -0.45312991 -0.45312991
 -0.45312991 -0.45312991 -0.45312991 -0.45312991 -0.45312991 -0.45312991
 -0.45312991 -0.45312991 -0.45312991 -0.45312991  1.35937147  0.25779053
 -0.45312991  1.77059563  0.70665168  3.13100451  2.31167042  0.76384088
  3.13832566 -0.45312991 -0.45312991 -0.45312991 -0.45312991  1.03859593
 -0.45312991 -0.45312991 -0.45312991 -0.45312991 -0.45312991 -0.45312991
 -0.45312991 -0.45312991 -0.45312991  0.21007768 -0.45312991 -0.45312991
  4.58828166  0.54057658 -0.45312991 -0.45312991 -0.45312991 -0.45312991
 -0.45312991  0.42188442  0.4835896   1.79753276  0.8031844  -0.45312991
  1.77717161 -0.45312991 -0.45312991 -0.45312991 -0.45312991  0.07539329
  1.05080609 -0.45312991 -0.45312991 -0.45312991 -0.45312991 -0.45312991
 -0.45312991 -0.45312991 -0.45312991 -0.45312991 -0.45312991 -0.45312991
  3.39564025 -0.45312991 -0.45312991 -0.45312991 -0.45312991  0.68351434
 -0.45312991 -0.45312991 -0.45312991 -0.45312991 -0.45312991 -0.39516865
 -0.45312991 -0.45312991 -0.45312991 -0.45312991 -0.45312991 -0.45312991
 -0.45312991 -0.45312991 -0.45312991 -0.45312991]",[-0.18111929913905006]
2,"[-0.55052177 -0.55052177 -0.2549549  -0.55052177 -0.55052177 -0.55052177
 -0.11961198 -0.55052177  0.6836293  -0.55052177 -0.55052177 -0.55052177
 -0.55052177 -0.55052177 -0.55052177 -0.55052177  2.01005219  1.14750168
 -0.55052177 -0.38928846  0.13124595  2.05541593 -0.23930692 -0.04278249
  0.09693183 -0.55052177 -0.55052177 -0.55052177 -0.55052177 -0.33167456
 -0.55052177 -0.55052177 -0.55052177  0.83231633 -0.55052177 -0.55052177
  0.83231633 -0.55052177  3.21994685 -0.55052177  3.02679677  1.89066114
 -0.17255632  0.64729428  0.30445966 -0.11961198 -0.55052177 -0.55052177
 -0.55052177  1.30355488  1.54518936  2.15216144  2.39010555 -0.55052177
  1.17149974  0.83231633 -0.55052177 -0.55052177 -0.55052177  2.07523628
 -0.55052177 -0.55052177 -0.55052177 -0.55052177 -0.55052177 -0.55052177
  0.63788826 -0.55052177 -0.55052177 -0.55052177 -0.55052177 -0.55052177
 -0.50931223 -0.55052177 -0.55052177 -0.55052177 -0.55052177 -0.18968451
 -0.55052177 -0.55052177 -0.40739949 -0.55052177 -0.55052177  0.1322814
 -0.55052177  2.88183677 -0.55052177  3.25633028 -0.55052177 -0.55052177
 -0.55052177 -0.55052177 -0.55052177 -0.55052177]",[0.07225663079236283]
2,"[ 1.99982029 -0.65548519  2.16860515 -0.65548519 -0.65548519 -0.65548519
 -0.65548519 -0.65548519 -0.65548519 -0.65548519 -0.65548519 -0.65548519
 -0.65548519 -0.65548519 -0.65548519 -0.65548519  2.00576224  0.48645392
 -0.65548519 -0.55532017  0.26809688  2.03106499  2.12340079 -0.50645594
  2.88805691 -0.65548519 -0.65548519 -0.65548519 -0.65548519  1.4008718
 -0.65548519 -0.65548519 -0.65548519  0.9507641  -0.65548519  0.54473919
 -0.65548519 -0.65548519 -0.65548519  0.3720303  -0.65548519  2.32154632
  0.72492425  1.7577183   0.15242932 -0.15495766 -0.65548519  0.54473919
 -0.65548519  1.02802513  1.31370607  1.89061601  1.00149246 -0.65548519
 -0.49262527  1.37874777 -0.65548519  0.70893643 -0.65548519  1.05216339
 -0.65548519 -0.65548519 -0.65548519 -0.65548519 -0.65548519 -0.65548519
 -0.65548519 -0.65548519 -0.65548519 -0.65548519 -0.65548519  1.6712786
  1.84644818 -0.65548519 -0.65548519 -0.65548519  2.26411672  0.72148095
 -0.65548519 -0.65548519 -0.56721849 -0.65548519 -0.65548519  1.09938833
 -0.65548519 -0.65548519 -0.65548519 -0.65548519 -0.65548519  0.54473919
 -0.65548519 -0.65548519  1.03255556 -0.65548519]",[0.08001166258003822]
2,"[-0.41668841 -0.41668841 -0.27994574 -0.41668841 -0.41668841 -0.41668841
 -0.41668841 -0.41668841 -0.41668841 -0.41668841 -0.41668841 -0.41668841
 -0.41668841 -0.41668841 -0.41668841 -0.41668841  0.00768538  0.33303191
 -0.41668841 -0.41668841  0.88305255  2.63764291  1.90733533 -0.41668841
  1.44160667 -0.41668841 -0.41668841 -0.41668841 -0.41668841 -0.30516556
 -0.41668841 -0.41668841 -0.41668841 -0.41668841 -0.41668841 -0.41668841
 -0.41668841 -0.41668841 -0.41668841 -0.41668841 -0.41668841 -0.41668841
  0.6650646   0.37642823 -0.41668841 -0.41668841 -0.41668841 -0.41668841
 -0.41668841  0.99153496 -0.07459944  0.56431042  2.41064319 -0.41668841
 -0.41668841  2.44868881  2.53423467 -0.41668841 -0.41668841 -0.22927778
 -0.41668841 -0.41668841 -0.41668841 -0.41668841 -0.41668841 -0.41668841
 -0.41668841  1.53952875 -0.41668841 -0.41668841 -0.41668841  3.07130045
  3.54144063 -0.41668841 -0.41668841 -0.41668841 -0.41668841  0.49010679
 -0.41668841 -0.41668841 -0.41668841 -0.41668841 -0.41668841 -0.18076699
 -0.41668841 -0.41668841 -0.41668841 -0.41668841 -0.41668841 -0.41668841
 -0.41668841 -0.41668841  4.81099659 -0.41668841]",[-0.09429589642245162]
2,"[-0.48848359 -0.48848359  0.13759318 -0.48848359 -0.48848359 -0.48848359
 -0.48848359 -0.48848359 -0.48848359 -0.48848359 -0.48848359 -0.48848359
 -0.48848359 -0.48848359 -0.48848359 -0.48848359  2.18215659  1.41863554
 -0.48848359 -0.325452    0.97669385  3.10692478  1.38876297 -0.48848359
  3.56939564 -0.48848359 -0.48848359 -0.48848359 -0.48848359  0.93569759
 -0.48848359 -0.48848359 -0.48848359 -0.48848359 -0.48848359 -0.48848359
 -0.48848359 -0.48848359 -0.48848359  0.21652164  1.7322898  -0.16547064
 -0.48848359  1.55982572 -0.48848359 -0.48848359 -0.48848359 -0.48848359
 -0.48848359  1.37618491  1.13498771  2.42960838 -0.2121531  -0.48848359
  1.74954827  1.4552239  -0.48848359 -0.48848359 -0.48848359 -0.37238669
 -0.48848359 -0.48848359 -0.48848359 -0.48848359 -0.48848359 -0.48848359
 -0.48848359  0.15889761 -0.48848359 -0.48848359 -0.48848359 -0.48848359
  4.60318896 -0.48848359 -0.48848359 -0.48848359  0.47892611  1.45178967
 -0.48848359  0.8773799  -0.48848359 -0.48848359 -0.48848359 -0.36855172
 -0.48848359 -0.13368177 -0.48848359  0.8773799  -0.48848359 -0.48848359
 -0.48848359 -0.48848359 -0.48848359 -0.48848359]",[0.03588172288377339]
2,"[-0.56332106 -0.56332106  0.33118237 -0.56332106 -0.56332106 -0.56332106
 -0.56332106 -0.56332106  0.66188809 -0.56332106 -0.56332106  0.18791249
 -0.56332106 -0.56332106 -0.56332106  0.18791249  1.23699106  0.7912922
 -0.56332106 -0.22289803  0.54167337  2.42110613  2.51569725 -0.5409726
  1.87116145 -0.56332106 -0.56332106 -0.56332106 -0.56332106  0.30079439
 -0.56332106 -0.56332106 -0.56332106 -0.56332106  0.18791249 -0.56332106
 -0.56332106 -0.56332106  1.07636512  0.14516093 -0.56332106  0.98474976
  0.15328219  1.09388449 -0.56332106 -0.56332106 -0.56332106 -0.56332106
 -0.56332106  1.19346689  1.52337304  1.15989367  0.81797187 -0.56332106
  1.4394447   2.29990116 -0.56332106 -0.56332106 -0.56332106  3.3879737
  0.5372162  -0.56332106 -0.56332106 -0.56332106 -0.56332106 -0.56332106
  0.5954473  -0.56332106 -0.56332106 -0.56332106 -0.56332106 -0.56332106
 -0.56332106 -0.56332106 -0.56332106 -0.56332106 -0.56332106  1.88984455
 -0.56332106 -0.56332106 -0.56332106 -0.56332106 -0.56332106  0.0664137
 -0.56332106 -0.3407965  -0.56332106 -0.56332106 -0.56332106  1.216404
 -0.56332106 -0.56332106  4.65093503 -0.56332106]",[-0.16994918531402803]
2,"[-0.61338624  1.03740487 -0.33449444 -0.61338624 -0.61338624 -0.61338624
 -0.61338624 -0.61338624 -0.61338624  1.03740487 -0.61338624 -0.61338624
 -0.61338624 -0.61338624 -0.61338624 -0.61338624  0.47837351  0.8798627
 -0.61338624  0.19974534  0.77486481  2.33589277  2.29093229  1.08751672
  1.5560571  -0.61338624 -0.61338624 -0.61338624 -0.61338624 -0.35213292
 -0.61338624 -0.61338624 -0.61338624 -0.61338624  0.72624323 -0.61338624
 -0.61338624 -0.61338624 -0.61338624 -0.61338624 -0.61338624  0.46551145
 -0.09897892  0.22128041  1.70678994 -0.61338624 -0.61338624  1.03740487
 -0.61338624  0.97036203  0.36372437  1.1996892   1.65948938 -0.61338624
 -0.23447311  2.56161442  0.98316948 -0.61338624 -0.61338624 -0.02567214
 -0.26171684 -0.61338624 -0.61338624 -0.61338624 -0.61338624 -0.61338624
 -0.61338624  0.77249868 -0.61338624 -0.61338624 -0.61338624  1.62959612
  3.1217795   1.03740487 -0.61338624 -0.61338624 -0.61338624  1.2402003
 -0.61338624 -0.61338624 -0.52267187 -0.61338624 -0.61338624  0.09600967
  0.62012076  0.21015269 -0.61338624 -0.61338624 -0.61338624 -0.61338624
 -0.61338624 -0.61338624  4.49205955 -0.61338624]",[0.1719950039883278]
2,"[ 2.32154863e-01  3.45288312e+00  6.02478277e-01 -5.95896656e-01
 -5.95896656e-01 -5.95896656e-01  3.49287591e-02 -5.95896656e-01
 -5.95896656e-01 -5.95896656e-01 -5.95896656e-01 -5.95896656e-01
 -5.95896656e-01 -5.95896656e-01 -5.95896656e-01  3.31591561e-01
  1.97829335e+00  1.77669110e-01 -5.95896656e-01  2.80729994e+00
  4.23067341e-01  8.70701765e-04  4.83498325e-01  3.78546964e+00
  6.85262569e-01 -5.95896656e-01 -5.95896656e-01 -5.95896656e-01
 -5.95896656e-01  4.64817928e-01 -5.95896656e-01 -5.95896656e-01
 -5.95896656e-01 -5.95896656e-01 -5.95896656e-01 -5.95896656e-01
 -5.95896656e-01 -5.95896656e-01 -5.95896656e-01 -5.95896656e-01
 -5.95896656e-01  5.21915960e-01 -2.22885471e-01  6.27875599e-01
  1.04176325e+00 -5.95896656e-01 -5.95896656e-01 -5.95896656e-01
 -5.95896656e-01  5.42311452e-01  1.17679343e+00  1.04606464e+00
  2.17628337e+00 -5.95896656e-01 -5.95896656e-01  2.41031245e+00
 -5.95896656e-01  1.12371271e+00 -5.95896656e-01 -5.95896656e-01
 -5.95896656e-01 -5.95896656e-01 -5.95896656e-01 -5.95896656e-01
 -5.95896656e-01 -5.95896656e-01  3.49287591e-02  1.61397008e+00
 -5.95896656e-01 -5.95896656e-01 -5.95896656e-01  1.67614806e+00
  2.88836290e-01 -5.95896656e-01 -5.95896656e-01 -5.95896656e-01
  1.17458570e+00  7.22759061e-01 -5.95896656e-01 -5.95896656e-01
 -5.95896656e-01  2.30319950e+00 -5.95896656e-01  1.52135997e+00
 -5.95896656e-01  1.10947568e+00 -5.95896656e-01 -5.95896656e-01
 -5.95896656e-01 -5.95896656e-01 -5.95896656e-01 -5.95896656e-01
 -5.95896656e-01 -5.95896656e-01]",[-0.29354913873467936]
3,"[-0.45474338 -0.45474338 -0.33256201 -0.45474338 -0.45474338 -0.45474338
 -0.45474338 -0.45474338 -0.45474338 -0.45474338 -0.45474338 -0.45474338
 -0.45474338 -0.45474338 -0.45474338  1.4160031   0.70058545  1.67849502
 -0.45474338 -0.20011673 -0.00833942  3.4826937   0.31589317 -0.39909049
  2.30238311 -0.45474338 -0.45474338 -0.45474338 -0.45474338 -0.36958429
 -0.45474338 -0.45474338 -0.45474338 -0.45474338 -0.45474338 -0.45474338
 -0.45474338 -0.45474338 -0.45474338 -0.45474338 -0.45474338  0.43843096
 -0.45474338  0.02922702  0.14898539 -0.45474338 -0.45474338 -0.45474338
 -0.45474338  1.06696651 -0.45474338  1.98554094  3.04894111 -0.45474338
  2.95848962  0.39298926 -0.45474338 -0.45474338 -0.45474338  3.95937801
 -0.45474338 -0.45474338 -0.45474338 -0.45474338 -0.45474338 -0.45474338
  0.08178508 -0.45474338 -0.45474338 -0.45474338 -0.45474338 -0.45474338
 -0.45474338 -0.45474338 -0.45474338 -0.45474338 -0.45474338  1.92428497
 -0.45474338  1.67849502 -0.03213645 -0.45474338 -0.45474338  2.56298823
 -0.45474338  2.09182334 -0.45474338 -0.45474338 -0.45474338 -0.45474338
 -0.45474338 -0.45474338 -0.45474338 -0.45474338]",[0.010062307900797707]
3,"[-0.55464907 -0.55464907 -0.45624718 -0.55464907 -0.55464907 -0.55464907
  0.36421621 -0.55464907  1.07630007 -0.55464907 -0.55464907 -0.55464907
 -0.55464907 -0.55464907 -0.55464907  0.1337852   3.71514758  2.02904602
 -0.55464907 -0.37945004  0.42666975  2.49631938  1.46734888 -0.53416882
  0.53411665 -0.55464907 -0.55464907 -0.55464907 -0.55464907 -0.30594738
 -0.55464907 -0.55464907 -0.55464907  1.35317009 -0.55464907 -0.55464907
 -0.55464907 -0.55464907  1.77242326  0.83475268  0.05997765  3.39462538
 -0.55464907  1.11973181  1.41938363 -0.55464907 -0.55464907 -0.55464907
 -0.55464907  1.84028138  0.72579568  1.22001158  2.78107879 -0.55464907
  1.85996099 -0.35448101 -0.55464907 -0.55464907 -0.55464907  0.09004839
 -0.55464907 -0.55464907 -0.55464907 -0.55464907 -0.55464907 -0.55464907
 -0.27777905 -0.09539253 -0.55464907 -0.55464907 -0.55464907 -0.55464907
  1.66122265 -0.55464907 -0.55464907 -0.55464907 -0.55464907  1.80163497
 -0.55464907 -0.55464907 -0.55464907 -0.55464907 -0.55464907  0.31769096
 -0.55464907  1.7423195  -0.55464907 -0.55464907 -0.55464907 -0.55464907
 -0.55464907 -0.55464907 -0.55464907 -0.55464907]",[-0.09279509006531139]
3,"[-0.63424921 -0.63424921  0.36867618  2.32808075 -0.63424921 -0.63424921
 -0.63424921 -0.63424921 -0.63424921 -0.63424921 -0.63424921  2.32808075
 -0.63424921 -0.63424921 -0.63424921 -0.63424921 -0.63424921 -0.63424921
  1.83129567  0.18421448 -0.56355195  0.71309788  0.29958768  0.1885916
  0.57591308  0.9552665  -0.63424921 -0.63424921  2.54280819  0.07318676
 -0.63424921  1.83129567 -0.63424921 -0.63424921 -0.63424921 -0.63424921
 -0.63424921 -0.63424921 -0.63424921 -0.63424921 -0.63424921  0.34137667
  0.97240453  0.02386938 -0.63424921  0.91931137 -0.63424921 -0.63424921
 -0.63424921 -0.16046718  0.49677435  0.27549045  0.64766599 -0.63424921
  0.09769997 -0.63424921 -0.63424921 -0.63424921 -0.63424921 -0.42879797
  0.17738931 -0.63424921 -0.63424921  3.11284437  2.50601629  2.04270194
 -0.63424921 -0.63424921  2.42416795 -0.63424921  1.21299048 -0.63424921
  0.44283986 -0.63424921 -0.63424921 -0.63424921 -0.63424921 -0.63424921
  2.46660361 -0.63424921 -0.63424921 -0.63424921 -0.63424921  0.56155105
 -0.63424921 -0.63424921  2.06424218 -0.18538775  1.64117822 -0.63424921
 -0.63424921 -0.63424921  0.84319687 -0.63424921]",[0.1900521931201828]
3,"[-0.47826514 -0.47826514 -0.34472299 -0.47826514 -0.47826514 -0.47826514
  0.53782375 -0.47826514  0.38982894 -0.47826514 -0.47826514 -0.47826514
 -0.47826514 -0.47826514 -0.47826514  0.28301122  3.48752669  2.33837328
 -0.47826514 -0.47826514 -0.21450569  1.83999293 -0.2307791   0.07723925
  0.13956207 -0.47826514 -0.47826514 -0.47826514 -0.47826514 -0.14594804
 -0.47826514 -0.47826514 -0.47826514 -0.47826514 -0.47826514 -0.47826514
 -0.47826514 -0.47826514  2.37033861 -0.47826514 -0.47826514  2.87584425
 -0.47826514  0.49453934  1.88200447  0.0395123  -0.47826514 -0.47826514
 -0.47826514  1.79927779  1.46524509  2.08578164  3.71915019 -0.47826514
  0.8289823   0.21522588 -0.47826514 -0.47826514 -0.47826514  1.19038322
  0.10886449 -0.47826514 -0.47826514 -0.47826514 -0.47826514 -0.47826514
  0.09777716 -0.47826514 -0.47826514 -0.47826514 -0.47826514 -0.47826514
 -0.38253475 -0.47826514 -0.47826514 -0.47826514 -0.47826514 -0.341956
 -0.47826514 -0.47826514 -0.47826514 -0.47826514 -0.47826514 -0.27090669
 -0.47826514  3.74591755 -0.47826514 -0.47826514 -0.47826514 -0.47826514
 -0.47826514 -0.47826514  0.04985493 -0.47826514]",[0.006394623100380081]
3,"[ 4.28870084 -0.57547353  1.69642705 -0.57547353 -0.57547353  0.99855506
 -0.57547353 -0.57547353  1.13298639 -0.57547353 -0.57547353 -0.57547353
 -0.57547353 -0.57547353 -0.57547353 -0.57547353  2.49909551  1.45355136
 -0.57547353 -0.57547353 -0.57547353  1.31279674  1.84830196 -0.57547353
  2.61336665  0.38706078 -0.57547353 -0.57547353 -0.57547353  1.17112945
 -0.57547353 -0.57547353 -0.57547353 -0.57547353 -0.57547353  0.38706078
 -0.57547353 -0.57547353  1.67866746  0.99855506 -0.57547353  2.49734623
 -0.21161238  1.52753141  0.33101815 -0.57547353 -0.57547353 -0.57547353
 -0.57547353  0.72609379  1.55753237  1.74172794  0.93851131 -0.57547353
 -0.51785578  1.20120545 -0.57547353 -0.57547353 -0.57547353 -0.23721332
 -0.0192895  -0.57547353 -0.57547353 -0.57547353 -0.57547353 -0.57547353
 -0.57547353 -0.57547353 -0.57547353 -0.57547353 -0.57547353  1.33981217
  0.60471437 -0.57547353 -0.57547353 -0.57547353  2.04124012  0.36473138
 -0.57547353 -0.57547353 -0.57547353 -0.57547353 -0.57547353 -0.50326664
 -0.57547353 -0.57547353 -0.57547353 -0.57547353 -0.57547353 -0.57547353
 -0.57547353 -0.57547353 -0.16912325 -0.57547353]",[-0.05582851995025362]
3,"[-0.59007972 -0.59007972  2.1127285  -0.59007972 -0.59007972 -0.59007972
  0.82658772 -0.59007972 -0.59007972 -0.59007972 -0.59007972 -0.59007972
 -0.59007972 -0.59007972 -0.59007972 -0.59007972 -0.25927046 -0.01061464
 -0.59007972  0.47626325 -0.05385514  2.2502781   1.88861637  1.42955381
  2.55803612 -0.59007972 -0.59007972 -0.59007972 -0.59007972  1.37666988
 -0.59007972 -0.59007972 -0.59007972 -0.59007972  0.75539652 -0.59007972
 -0.59007972 -0.59007972 -0.59007972 -0.59007972 -0.59007972  1.0610354
  0.16971587  1.40461997 -0.59007972 -0.59007972 -0.59007972 -0.59007972
 -0.59007972  1.67549627  1.06816899  1.93372603  1.99254237 -0.59007972
  1.1357585  -0.59007972 -0.59007972  3.54704096 -0.59007972  0.30291934
 -0.59007972 -0.59007972 -0.59007972 -0.59007972 -0.59007972 -0.59007972
  2.93328433  0.29766867 -0.59007972 -0.59007972 -0.59007972 -0.59007972
  2.47262629 -0.59007972 -0.59007972 -0.59007972  0.15169811  0.66326765
 -0.59007972  1.19899717 -0.59007972 -0.59007972 -0.59007972 -0.41528078
 -0.59007972  0.30663541 -0.59007972  0.08785096 -0.59007972 -0.59007972
 -0.59007972 -0.59007972  1.24678112 -0.59007972]",[0.04834534916253619]
3,"[-0.51098431 -0.51098431 -0.40035429 -0.51098431 -0.51098431 -0.51098431
 -0.51098431 -0.51098431  1.08972288 -0.51098431 -0.51098431 -0.51098431
 -0.51098431 -0.51098431 -0.51098431 -0.51098431  1.33974486  2.34043232
 -0.51098431 -0.21579446  0.42750027  1.27854482  1.12956326  0.26638323
 -0.06931271 -0.51098431 -0.51098431 -0.51098431 -0.51098431 -0.24037589
 -0.51098431 -0.51098431 -0.51098431 -0.51098431 -0.51098431 -0.51098431
 -0.51098431 -0.51098431 -0.51098431 -0.51098431 -0.51098431  0.89105061
 -0.51098431  0.83777736  2.50693264 -0.51098431 -0.51098431 -0.51098431
 -0.51098431  1.34163816  1.09950895  1.23328637  2.89926001  0.58579313
 -0.44533071  3.58427448  1.73594349 -0.51098431 -0.51098431 -0.23335544
 -0.51098431 -0.51098431 -0.51098431 -0.51098431 -0.51098431 -0.51098431
 -0.27531286 -0.18776114 -0.51098431 -0.51098431 -0.51098431  0.97074712
  1.3636413  -0.51098431 -0.51098431 -0.51098431 -0.51098431  1.7688064
 -0.51098431 -0.51098431 -0.51098431 -0.51098431 -0.51098431 -0.28715934
 -0.51098431  0.18579411 -0.51098431 -0.51098431 -0.51098431  0.42604592
 -0.51098431 -0.51098431  4.73339234 -0.51098431]",[-0.08050131556166473]
3,"[-0.45260186 -0.45260186  0.64325162 -0.45260186 -0.45260186 -0.45260186
 -0.45260186 -0.45260186 -0.45260186 -0.45260186 -0.45260186 -0.45260186
 -0.45260186 -0.45260186 -0.45260186 -0.45260186  2.44163526  0.96347004
 -0.45260186 -0.28357732  0.92997878  3.36716139  1.03677468 -0.45260186
  3.59191776 -0.45260186 -0.45260186 -0.45260186 -0.45260186  0.41467191
 -0.45260186 -0.45260186 -0.45260186 -0.45260186 -0.45260186 -0.45260186
 -0.45260186 -0.45260186 -0.45260186  0.27831897  1.20488544 -0.45260186
 -0.45260186  1.58569256  0.36641487 -0.45260186 -0.45260186 -0.45260186
 -0.45260186  1.24277307  1.19183265  2.9538127  -0.25378227 -0.45260186
  1.39531083  2.38325656 -0.45260186 -0.45260186 -0.45260186 -0.3322373
 -0.45260186 -0.45260186 -0.45260186 -0.45260186 -0.45260186 -0.45260186
 -0.45260186 -0.45260186 -0.45260186 -0.45260186 -0.45260186 -0.45260186
  3.88870731 -0.45260186 -0.45260186 -0.45260186  0.55036929  2.57409352
 -0.45260186 -0.45260186 -0.45260186 -0.45260186 -0.45260186 -0.45260186
 -0.45260186 -0.45260186 -0.45260186 -0.45260186 -0.45260186 -0.45260186
 -0.45260186 -0.45260186 -0.45260186 -0.45260186]",[-0.03375144463153973]
3,"[-0.16342187 -0.73327025  0.34120581 -0.73327025 -0.73327025 -0.73327025
 -0.73327025  0.4501303   1.03555566 -0.73327025 -0.73327025 -0.73327025
 -0.73327025 -0.73327025 -0.73327025 -0.73327025  1.01921178  0.65987412
 -0.73327025 -0.29423774  0.48680407  1.63457292  1.88401609 -0.49193867
  1.5429526  -0.73327025 -0.73327025 -0.73327025 -0.73327025  0.12887443
 -0.73327025 -0.73327025 -0.73327025 -0.73327025  0.54328719 -0.73327025
 -0.73327025 -0.73327025  1.03555566  0.15792231 -0.16342187  0.9960847
 -0.08786278  1.13111501  1.10221738 -0.73327025 -0.73327025 -0.73327025
 -0.73327025  0.91672259  1.61841917  1.35451316  1.32007945 -0.05347485
  1.32374691  2.0071082  -0.38111364 -0.73327025 -0.73327025  3.17460287
  1.46967701 -0.73327025 -0.73327025 -0.73327025 -0.73327025 -0.73327025
  0.43592455 -0.30747263 -0.73327025  0.65987412 -0.21775923  0.5897909
  1.06551004 -0.73327025 -0.73327025 -0.73327025 -0.73327025  1.70657466
 -0.73327025 -0.73327025 -0.6567141  -0.73327025 -0.73327025  0.83600229
 -0.73327025  0.95584368 -0.73327025  1.03555566 -0.73327025  0.87756589
 -0.73327025 -0.73327025  3.98403872 -0.73327025]",[0.18330849847603936]
3,"[-0.50923268 -0.50923268  2.17890251 -0.50923268 -0.50923268 -0.50923268
  1.55511312 -0.50923268 -0.50923268 -0.50923268 -0.50923268 -0.50923268
 -0.50923268 -0.50923268 -0.50923268 -0.50923268 -0.37878527 -0.19508564
 -0.50923268  0.04637131  2.17892667  3.79063319  0.87300132  1.3418686
  2.4009827  -0.50923268 -0.50923268 -0.50923268 -0.50923268  1.57988487
 -0.50923268 -0.50923268 -0.50923268 -0.50923268 -0.50923268 -0.50923268
 -0.50923268 -0.50923268 -0.50923268 -0.50923268 -0.50923268  1.79488457
 -0.06565374  0.99539328  0.89020083  0.54271434 -0.50923268 -0.50923268
 -0.50923268  1.28773823  1.3275504   2.10049843  1.53413173 -0.50923268
  0.65377851 -0.50923268 -0.50923268  3.23922469 -0.50923268 -0.50923268
 -0.50923268 -0.50923268 -0.50923268 -0.50923268 -0.50923268 -0.50923268
  2.6900601  -0.50923268 -0.50923268 -0.50923268 -0.50923268 -0.50923268
  2.20015298 -0.50923268 -0.50923268 -0.50923268 -0.50923268  0.57456694
 -0.50923268 -0.50923268 -0.50923268 -0.50923268 -0.50923268 -0.50923268
 -0.50923268 -0.50923268 -0.50923268 -0.50923268 -0.50923268 -0.50923268
 -0.50923268 -0.50923268 -0.50923268 -0.50923268]",[-0.05117633469290428]
3,"[ 1.68969874  3.54323069  0.17483636 -0.54078595 -0.54078595 -0.54078595
  0.08516534 -0.54078595 -0.54078595 -0.54078595 -0.54078595 -0.54078595
 -0.54078595 -0.54078595 -0.54078595 -0.54078595  1.40662015  0.80746126
 -0.54078595  1.52723124 -0.14734313 -0.23292079  0.04716567  3.89588687
  0.27830965 -0.54078595 -0.54078595 -0.54078595 -0.54078595  0.31248312
 -0.54078595 -0.54078595 -0.54078595 -0.54078595 -0.54078595 -0.54078595
 -0.54078595 -0.54078595 -0.54078595 -0.54078595 -0.54078595  0.1853527
 -0.39845931  0.5838694   0.22323045 -0.54078595 -0.54078595 -0.54078595
 -0.54078595  0.62292841  0.88388693  1.19163238  1.98236088 -0.54078595
 -0.54078595  1.43454959 -0.54078595 -0.54078595 -0.54078595 -0.54078595
 -0.54078595 -0.54078595 -0.54078595 -0.54078595 -0.54078595 -0.54078595
  0.22057441  2.17539923 -0.54078595 -0.54078595 -0.54078595  0.7644922
  0.05524383 -0.54078595 -0.54078595 -0.54078595  0.20251955 -0.04973943
 -0.54078595 -0.54078595 -0.24554181  2.00965037 -0.54078595  3.61104962
 -0.54078595  2.13746828 -0.54078595 -0.54078595 -0.54078595 -0.54078595
 -0.54078595  2.00965037 -0.54078595 -0.54078595]",[-2.444982053267883]
3,"[ 2.40123798  3.69975405  0.77892541 -0.6210275  -0.6210275  -0.6210275
 -0.13343463 -0.6210275   0.54818062 -0.6210275  -0.6210275  -0.6210275
 -0.6210275  -0.6210275  -0.6210275   0.09586918 -0.08834682  0.54818062
 -0.6210275   2.77413961  0.79959472  0.10068165  0.80207383  2.47481339
  0.96646207 -0.6210275  -0.6210275  -0.6210275  -0.6210275   1.18926319
 -0.6210275  -0.6210275  -0.6210275  -0.6210275  -0.6210275  -0.6210275
 -0.6210275  -0.6210275  -0.6210275   0.37993489 -0.6210275  -0.6210275
  1.0993541   1.3599985   2.39466873 -0.6210275  -0.6210275  -0.6210275
 -0.6210275   0.98193658  1.7902677   1.47376424  2.22769814 -0.6210275
 -0.6210275   1.94329813 -0.6210275  -0.6210275  -0.6210275  -0.6210275
 -0.6210275  -0.6210275  -0.6210275  -0.6210275  -0.6210275  -0.6210275
 -0.41542216  1.22570054 -0.6210275  -0.6210275  -0.6210275   1.43906516
 -0.08917716  0.94371301 -0.6210275  -0.6210275   0.25986377  1.00127969
 -0.6210275  -0.6210275  -0.6210275  -0.6210275  -0.6210275  -0.4257573
 -0.6210275   1.47541371 -0.6210275  -0.6210275  -0.6210275  -0.6210275
 -0.6210275   0.94371301 -0.32608575 -0.6210275 ]",[0.04776507075141123]
4,"[ 0.41223047 -0.54498177 -0.32327812 -0.54498177 -0.54498177 -0.54498177
  0.18424074 -0.54498177  0.6776164  -0.54498177 -0.54498177 -0.54498177
 -0.54498177 -0.54498177 -0.54498177 -0.54498177  2.62918264  0.60529285
 -0.54498177  0.45080947  0.70200164  2.64300819  1.17875402  1.62142053
  2.34347804 -0.54498177 -0.54498177 -0.54498177 -0.54498177 -0.47265822
 -0.54498177 -0.54498177 -0.54498177 -0.54498177 -0.54498177 -0.54498177
 -0.54498177 -0.54498177  3.74365516  0.73901535 -0.54498177  0.43303982
 -0.37917367  0.26316243 -0.35672296 -0.54498177 -0.54498177 -0.54498177
 -0.54498177  1.20148074 -0.54498177  1.84039681  0.91450247  0.18424074
  2.85696992  0.03214348 -0.54498177 -0.54498177 -0.54498177 -0.54498177
 -0.54498177 -0.54498177 -0.54498177 -0.54498177 -0.54498177 -0.54498177
  0.47775316  0.3956045  -0.54498177 -0.54498177 -0.54498177 -0.54498177
  3.65398097 -0.54498177 -0.54498177 -0.54498177 -0.54498177  1.69363689
 -0.54498177 -0.54498177 -0.41638532 -0.54498177 -0.54498177  1.15516779
 -0.54498177  0.3641458  -0.54498177 -0.54498177 -0.54498177 -0.54498177
 -0.54498177  1.79517552 -0.54498177 -0.54498177]",[0.06347327832805066]
4,"[-0.64744416 -0.64744416 -0.38042208 -0.64744416 -0.64744416 -0.64744416
  0.79772329 -0.64744416 -0.64744416 -0.64744416 -0.64744416 -0.64744416
 -0.64744416 -0.64744416 -0.64744416  0.49445182  3.74612069  1.56943438
 -0.64744416 -0.22787114  0.96405063  2.49316224  1.68911107  0.35186643
  1.28988721 -0.64744416 -0.64744416 -0.64744416 -0.64744416 -0.34180374
 -0.64744416  0.62380894 -0.64744416  1.51264409  0.13202111  0.39292179
 -0.64744416 -0.64744416  1.05386221  0.08766292 -0.64744416  2.02226382
 -0.64744416  1.0939944   0.61111629 -0.64744416 -0.64744416 -0.64744416
 -0.64744416  1.74489133  1.1932562   2.00760196  1.7340837  -0.64744416
  2.87696322  0.31875512 -0.64744416 -0.64744416 -0.64744416 -0.38409481
 -0.64744416 -0.64744416 -0.64744416 -0.64744416 -0.64744416 -0.64744416
  0.14072674  0.75476223 -0.64744416 -0.64744416 -0.64744416 -0.07208928
  2.58904157 -0.64744416 -0.64744416 -0.64744416 -0.64744416  1.17396723
 -0.64744416 -0.64744416 -0.39738757 -0.64744416 -0.64744416  1.12515706
 -0.64744416  1.10181964  0.241391   -0.64744416 -0.64744416 -0.64744416
 -0.64744416 -0.64744416  0.13202111 -0.64744416]",[-0.31527724723413975]
4,"[-0.44419702 -0.44419702  3.26008349 -0.44419702 -0.44419702 -0.44419702
 -0.44419702 -0.44419702  1.33947371 -0.44419702 -0.44419702 -0.44419702
 -0.44419702 -0.44419702 -0.44419702 -0.44419702  0.65559888  0.54269864
 -0.44419702  2.58923373  0.65994151  4.25932622  1.88041661  0.51644193
  2.94762901 -0.44419702 -0.44419702 -0.44419702 -0.44419702  0.21583297
 -0.44419702 -0.44419702 -0.44419702 -0.44419702 -0.44419702 -0.44419702
 -0.44419702 -0.44419702 -0.44419702 -0.44419702 -0.44419702 -0.02237687
  0.34502477  0.29732708 -0.44419702 -0.44419702 -0.44419702 -0.44419702
 -0.44419702  0.24416353  0.8561516   1.61101919  1.25901222 -0.44419702
  2.16030297 -0.44419702 -0.44419702 -0.44419702 -0.44419702 -0.44419702
  0.76217675 -0.44419702 -0.44419702 -0.44419702 -0.44419702 -0.44419702
 -0.44419702 -0.44419702 -0.44419702 -0.44419702 -0.44419702 -0.44419702
  4.02922818 -0.44419702 -0.44419702 -0.44419702 -0.44419702  1.49301788
 -0.44419702 -0.44419702 -0.44419702 -0.44419702 -0.44419702 -0.36373553
 -0.44419702 -0.44419702 -0.44419702 -0.44419702 -0.44419702 -0.44419702
 -0.44419702 -0.44419702 -0.44419702 -0.44419702]",[-0.16468715703879117]
4,"[-0.47187052 -0.47187052 -0.09413705 -0.47187052 -0.47187052 -0.47187052
 -0.47187052 -0.47187052  0.58734751 -0.47187052 -0.47187052 -0.47187052
 -0.47187052 -0.47187052 -0.47187052 -0.47187052  3.52035393  1.28630883
 -0.47187052 -0.47187052  0.53473036  3.37512486  0.51835774 -0.41747842
  2.32389387 -0.47187052 -0.47187052 -0.47187052 -0.47187052 -0.19672408
 -0.47187052 -0.47187052 -0.47187052 -0.47187052 -0.47187052 -0.47187052
 -0.47187052 -0.47187052 -0.47187052 -0.47187052 -0.47187052  0.64762283
 -0.47187052  0.63211524 -0.17210074 -0.47187052 -0.47187052  1.04307204
 -0.47187052  1.77388261  1.97265562  1.96040603  3.55983845 -0.47187052
  2.4315847   0.1004409  -0.47187052 -0.47187052 -0.47187052  3.12956863
 -0.47187052 -0.47187052 -0.47187052 -0.47187052 -0.47187052 -0.47187052
  0.7679256  -0.47187052 -0.47187052 -0.47187052 -0.47187052 -0.47187052
 -0.47187052 -0.47187052 -0.47187052 -0.47187052 -0.47187052  1.9171148
 -0.47187052 -0.47187052 -0.47187052 -0.47187052 -0.47187052 -0.42408913
 -0.47187052  1.09560481 -0.47187052  0.21377547 -0.47187052 -0.47187052
 -0.47187052 -0.47187052 -0.47187052 -0.47187052]",[-0.030193001679228837]
4,"[ 2.62538936 -0.63130205  1.64651483 -0.63130205 -0.63130205 -0.63130205
 -0.13595956 -0.63130205  0.19917811 -0.63130205 -0.63130205 -0.63130205
 -0.63130205 -0.63130205 -0.63130205 -0.63130205  2.0592203   0.55648903
 -0.63130205 -0.30127558  0.61549883  2.09428427  2.26472664 -0.63130205
  2.79915094 -0.63130205 -0.63130205 -0.63130205 -0.63130205  0.84390203
 -0.63130205 -0.63130205 -0.63130205 -0.63130205 -0.63130205  0.01890813
 -0.63130205 -0.63130205  0.95830787  0.0555428  -0.63130205  2.38126275
  0.06341603  1.57640803  0.20917707 -0.63130205 -0.63130205  0.55648903
 -0.63130205  1.29515574  0.25991506  1.92819213  1.17403651 -0.63130205
 -0.2664321   1.97097283 -0.63130205  0.3407604  -0.63130205  0.82362219
 -0.63130205 -0.63130205 -0.63130205 -0.63130205 -0.63130205 -0.63130205
 -0.63130205 -0.06451295 -0.63130205 -0.63130205 -0.63130205  2.72688204
  2.57378525 -0.63130205 -0.63130205 -0.63130205  1.2900203   0.94507552
 -0.63130205 -0.63130205 -0.63130205 -0.63130205 -0.63130205  0.50299884
 -0.63130205  0.36008885 -0.63130205 -0.63130205 -0.63130205 -0.63130205
 -0.63130205 -0.63130205 -0.3316726  -0.63130205]",[0.0904525326608755]
4,"[-0.54173437 -0.54173437  2.63946749 -0.54173437 -0.54173437 -0.54173437
 -0.54173437 -0.54173437 -0.54173437 -0.54173437 -0.54173437 -0.54173437
 -0.54173437 -0.54173437 -0.54173437 -0.54173437 -0.22565249 -0.21785951
 -0.54173437 -0.06936798 -0.25270714  2.67156937  2.01579149  1.53081135
  2.78905147 -0.54173437 -0.54173437 -0.54173437 -0.54173437  1.95924595
 -0.54173437 -0.54173437 -0.54173437  1.89015003 -0.54173437 -0.54173437
 -0.54173437 -0.54173437 -0.54173437  0.2858686  -0.54173437  0.02558794
 -0.29005592  1.52172102  0.03702779 -0.54173437 -0.54173437 -0.54173437
 -0.54173437  1.84308931  0.87947864  2.63586959  2.00255111  0.05512083
  2.01581994 -0.54173437 -0.54173437  1.58507072 -0.54173437  0.01640829
 -0.13370031 -0.54173437 -0.54173437 -0.54173437 -0.54173437 -0.54173437
  1.72656564 -0.54173437 -0.54173437 -0.54173437 -0.54173437 -0.54173437
  2.96770516 -0.54173437 -0.54173437 -0.54173437  0.53655156  1.8028609
 -0.54173437 -0.54173437 -0.54173437 -0.54173437 -0.54173437 -0.54173437
 -0.54173437 -0.28179552 -0.54173437 -0.54173437 -0.54173437 -0.54173437
 -0.54173437 -0.54173437  0.16702007 -0.54173437]",[-0.021001825895160975]
4,"[ 0.25106855  2.02382696 -0.2871961  -0.59148563 -0.59148563 -0.59148563
  0.05038819 -0.59148563 -0.59148563 -0.59148563 -0.59148563 -0.59148563
 -0.59148563 -0.59148563 -0.59148563 -0.59148563  1.16185978  1.59518243
 -0.59148563  0.05764962 -0.02825151  2.13701851  1.93627025  2.53986563
  0.77413029 -0.59148563 -0.59148563 -0.59148563 -0.59148563 -0.13955994
 -0.59148563 -0.59148563 -0.59148563  1.46835982 -0.59148563 -0.59148563
 -0.59148563 -0.59148563  1.46835982 -0.59148563 -0.59148563  0.46324255
  0.3087427  -0.02093584  0.76130472 -0.59148563 -0.59148563  0.94767567
 -0.59148563  0.76787029  0.19306044  0.73552195  2.1378448  -0.59148563
 -0.59148563  2.40053888  1.8338444  -0.59148563 -0.59148563 -0.59148563
 -0.59148563 -0.59148563 -0.59148563 -0.59148563 -0.59148563 -0.59148563
 -0.21194145  1.07343541 -0.59148563 -0.59148563 -0.59148563  1.46835982
  2.08238607 -0.59148563 -0.59148563 -0.59148563 -0.59148563  0.76322212
 -0.59148563 -0.59148563 -0.59148563 -0.59148563 -0.59148563 -0.49699241
 -0.59148563  0.89076597 -0.59148563 -0.59148563 -0.59148563 -0.59148563
 -0.59148563 -0.59148563  4.38221912 -0.59148563]",[0.18408422245698147]
4,"[-0.54996175 -0.54996175  0.43856689 -0.54996175 -0.54996175 -0.54996175
 -0.54996175 -0.54996175  0.58657445 -0.54996175 -0.54996175 -0.54996175
 -0.54996175 -0.54996175 -0.54996175 -0.54996175  1.18320196  0.7066131
 -0.54996175 -0.02431127  0.46117204  2.090131    2.39324641 -0.54996175
  2.0017111  -0.54996175 -0.54996175 -0.54996175 -0.54996175  0.4901486
 -0.54996175 -0.54996175 -0.54996175 -0.54996175 -0.54996175 -0.54996175
 -0.54996175 -0.54996175 -0.54996175 -0.54996175 -0.54996175  1.18788255
  0.19222958  1.20701008  1.37475875 -0.54996175 -0.54996175 -0.54996175
 -0.54996175  1.19163062  1.83272621  1.08336155  0.84240939 -0.54996175
  1.51107063  1.88081521 -0.54996175 -0.54996175 -0.54996175  3.2600335
  0.79494883 -0.54996175 -0.54996175 -0.54996175 -0.54996175 -0.54996175
  0.86683468 -0.54996175 -0.54996175 -0.54996175 -0.54996175 -0.54996175
 -0.50463441 -0.54996175 -0.54996175 -0.54996175 -0.54996175  1.9386153
 -0.54996175 -0.54996175 -0.16143401 -0.54996175 -0.54996175  1.82509119
 -0.54996175 -0.54996175 -0.54996175 -0.54996175 -0.54996175  0.58657445
 -0.54996175 -0.54996175  4.5105355  -0.54996175]",[-0.009245922652267757]
4,"[-0.56040901 -0.56040901  2.05938596 -0.56040901 -0.56040901 -0.56040901
  0.57553089 -0.56040901 -0.56040901 -0.56040901 -0.56040901 -0.56040901
 -0.56040901 -0.56040901 -0.56040901 -0.56040901 -0.17624303 -0.34377463
 -0.56040901  0.17321547  0.93188327  2.55431582  1.50673322  1.77192717
  2.85258334 -0.56040901 -0.56040901 -0.56040901 -0.56040901  1.73999579
 -0.56040901 -0.56040901 -0.56040901 -0.56040901 -0.56040901 -0.56040901
 -0.56040901 -0.56040901 -0.56040901 -0.56040901 -0.56040901  2.51512646
 -0.13146466  0.9042627   0.87891511 -0.56040901 -0.56040901 -0.56040901
 -0.56040901  1.39074047  1.1167503   1.88852281  1.36280602 -0.56040901
  0.54114505 -0.46125867 -0.56040901  3.04483699 -0.56040901  0.47662319
 -0.56040901 -0.56040901 -0.56040901 -0.56040901 -0.56040901 -0.56040901
  3.23533925 -0.14088112 -0.56040901 -0.56040901 -0.56040901 -0.56040901
  2.49295682 -0.56040901 -0.56040901 -0.56040901  0.30101127  0.68550176
 -0.56040901 -0.56040901 -0.56040901 -0.56040901 -0.56040901  0.85880299
 -0.56040901 -0.24447928 -0.56040901 -0.56040901 -0.56040901 -0.56040901
 -0.56040901 -0.56040901  0.94495699 -0.56040901]",[0.02327759569055643]
4,"[-0.43533169  1.79111861 -0.12743828 -0.43533169 -0.43533169 -0.43533169
 -0.43533169 -0.43533169 -0.43533169 -0.43533169 -0.43533169 -0.43533169
 -0.43533169 -0.43533169 -0.43533169 -0.43533169  1.1417758  -0.43533169
 -0.43533169  0.11375136  0.07665151 -0.39877177 -0.40626822  4.78662376
 -0.3284896  -0.43533169 -0.43533169 -0.43533169 -0.43533169 -0.02000145
 -0.43533169 -0.43533169 -0.43533169 -0.43533169 -0.43533169 -0.43533169
 -0.43533169 -0.43533169  2.75313193  0.16506286 -0.43533169  0.05169027
 -0.27758011  0.06713342  2.5146738  -0.43533169 -0.43533169 -0.43533169
 -0.43533169  0.40606461  0.15844014  0.22219518  1.19807334 -0.43533169
 -0.43533169  2.02637866 -0.43533169 -0.43533169 -0.43533169 -0.43533169
 -0.43533169 -0.43533169 -0.43533169 -0.43533169 -0.43533169 -0.43533169
 -0.27758011  1.52931317 -0.43533169 -0.43533169 -0.43533169 -0.43533169
 -0.24900857  1.79111861 -0.43533169 -0.43533169 -0.43533169 -0.43533169
 -0.43533169 -0.43533169  1.39724295 -0.43533169 -0.43533169  4.35498501
 -0.43533169  2.04515425 -0.43533169 -0.43533169 -0.43533169 -0.43533169
 -0.43533169  1.79111861 -0.43533169 -0.43533169]",[-0.1312114871277869]
4,"[ 1.02417233  2.36677862  0.29106321 -0.57326243 -0.57326243 -0.57326243
 -0.03886486 -0.57326243 -0.57326243 -0.57326243 -0.57326243 -0.57326243
 -0.57326243 -0.57326243 -0.57326243  0.57778567  1.0179457   1.20390899
 -0.57326243  0.9225254   0.09709711 -0.17252615 -0.0884171   3.7224874
 -0.17054522 -0.57326243 -0.57326243 -0.57326243 -0.57326243  0.52054021
 -0.57326243 -0.57326243 -0.57326243 -0.57326243 -0.57326243 -0.57326243
 -0.57326243 -0.57326243 -0.57326243  0.76040614 -0.57326243  0.64370472
  0.26355661  0.99278065  3.60118159 -0.57326243 -0.57326243 -0.57326243
 -0.57326243  1.30670636  1.4195932   1.66259927  2.99844199 -0.57326243
 -0.57326243  1.81235247 -0.13976235 -0.57326243 -0.57326243 -0.42828591
 -0.57326243 -0.57326243 -0.57326243 -0.57326243 -0.57326243 -0.57326243
  0.5883033   2.45882411 -0.57326243 -0.57326243 -0.57326243  1.14167964
 -0.11841192 -0.57326243 -0.57326243 -0.57326243 -0.57326243  0.65438079
 -0.57326243 -0.57326243 -0.57326243 -0.57326243 -0.57326243 -0.53284566
 -0.57326243  1.97417416 -0.57326243 -0.57326243 -0.57326243 -0.57326243
 -0.57326243  1.88267849 -0.39352577 -0.57326243]",[-0.10359326001823654]
5,"[-0.4815085  -0.4815085  -0.42590111 -0.4815085  -0.4815085  -0.4815085
  0.57111855 -0.4815085  -0.4815085  -0.4815085  -0.4815085  -0.4815085
 -0.4815085  -0.4815085  -0.4815085   0.50683217  2.88037385  1.09211795
 -0.4815085  -0.4815085   0.21614536  2.23134437  1.5753952  -0.45210632
  1.54496725 -0.4815085  -0.4815085  -0.4815085  -0.4815085  -0.4815085
 -0.4815085  -0.4815085  -0.4815085  -0.4815085  -0.4815085  -0.4815085
 -0.4815085  -0.4815085   2.25742441 -0.4815085  -0.4815085   2.45550732
 -0.4815085   0.15519851 -0.16255042 -0.4815085  -0.4815085  -0.4815085
 -0.4815085   1.00352774  1.4861765   1.38985278  1.26412711 -0.4815085
  1.97324105  1.99137224 -0.4815085  -0.4815085  -0.4815085   1.57876969
 -0.4815085  -0.4815085  -0.4815085  -0.4815085  -0.4815085  -0.4815085
 -0.4815085  -0.4815085  -0.4815085  -0.4815085  -0.4815085  -0.4815085
  3.8433151  -0.4815085  -0.4815085  -0.4815085  -0.4815085   0.42499156
 -0.4815085  -0.4815085  -0.4815085  -0.4815085  -0.4815085   0.02492051
 -0.4815085   3.79792487 -0.4815085  -0.4815085  -0.4815085  -0.4815085
 -0.4815085  -0.4815085  -0.4815085  -0.4815085 ]",[-0.03977332934642136]
5,"[-0.9627214  -0.9627214   0.05788907 -0.9627214  -0.9627214  -0.9627214
 -0.9627214  -0.11076341  0.54946999  0.80617969 -0.9627214   0.80617969
  1.71871448 -0.9627214  -0.9627214   0.52754244  2.78519775  1.24575462
 -0.9627214   0.28616708  0.10031632  1.41325523  0.78101014  2.13731377
  1.25181877 -0.9627214  -0.9627214  -0.9627214  -0.9627214  -0.05820683
 -0.9627214   0.43048218 -0.9627214  -0.9627214   2.20935795 -0.9627214
 -0.9627214  -0.9627214   1.42574162  0.69570376 -0.11076341  0.84314038
 -0.77965584  0.51337551  0.69635063 -0.5285816  -0.9627214  -0.9627214
 -0.9627214   0.89649529  1.04900929  1.07476237  1.18111661 -0.9627214
  1.18968112  1.09271048  0.28068062  0.22072945 -0.9627214   0.96083587
 -0.20782367 -0.9627214  -0.9627214  -0.9627214  -0.9627214  -0.9627214
 -0.08644977  0.96257161 -0.9627214  -0.9627214  -0.1783991   0.43048218
  1.88410054  0.80617969  0.0783106  -0.9627214  -0.44718847  0.81808607
 -0.9627214  -0.23485231 -0.886162   -0.9627214   1.42574162  0.91178872
  1.1193426   0.98751708  0.6481832  -0.49156201 -0.9627214  -0.9627214
 -0.9627214   0.43048218  1.93677493 -0.9627214 ]",[0.11364158661262647]
5,"[-0.50206352 -0.50206352 -0.05395767 -0.50206352 -0.50206352 -0.50206352
 -0.50206352 -0.50206352 -0.50206352 -0.50206352 -0.50206352 -0.50206352
 -0.50206352 -0.50206352 -0.50206352 -0.50206352  2.65800487  1.24389317
 -0.50206352 -0.39610107  0.26737599  2.91378086  0.80332816 -0.3635103
  2.26490343 -0.50206352 -0.50206352 -0.50206352 -0.50206352 -0.15106462
 -0.50206352 -0.50206352 -0.50206352 -0.50206352 -0.50206352 -0.50206352
 -0.50206352 -0.50206352  1.19715347 -0.50206352 -0.50206352  2.23453092
 -0.50206352  0.91055342  0.01138276  0.02743392 -0.50206352 -0.50206352
 -0.50206352  1.91941497  2.38271959  1.98070826  2.83585751  0.32708235
  2.61756466  0.4227895  -0.50206352 -0.50206352 -0.50206352  2.76438989
 -0.50206352 -0.50206352 -0.50206352 -0.50206352 -0.50206352 -0.50206352
  0.90624133 -0.50206352 -0.50206352 -0.50206352 -0.50206352 -0.50206352
 -0.50206352 -0.50206352 -0.50206352 -0.50206352 -0.50206352  2.66213403
 -0.50206352 -0.50206352 -0.50206352 -0.50206352 -0.50206352 -0.32123364
 -0.50206352  1.57288023 -0.50206352 -0.50206352 -0.50206352 -0.50206352
 -0.50206352 -0.50206352 -0.50206352 -0.50206352]",[-0.061563375361060824]
5,"[-0.57070054 -0.57070054  1.03420353 -0.57070054 -0.57070054 -0.57070054
 -0.57070054 -0.57070054  0.60760716 -0.57070054 -0.57070054 -0.57070054
 -0.57070054 -0.57070054 -0.57070054 -0.57070054  2.82022817  1.46948039
 -0.57070054 -0.18180385  0.57547668  2.38927303  1.47480381 -0.57070054
  2.77819608 -0.57070054 -0.57070054 -0.57070054 -0.57070054  0.52059591
 -0.57070054 -0.57070054 -0.57070054 -0.57070054 -0.57070054 -0.57070054
 -0.57070054 -0.57070054 -0.57070054 -0.57070054  1.5283413   1.35115882
 -0.13968792  1.42574318  1.81070511 -0.57070054 -0.57070054 -0.57070054
 -0.57070054  1.41982517  1.07398702  2.32927037  1.97668103 -0.57070054
  1.36817467  2.26176845 -0.57070054 -0.57070054 -0.57070054 -0.57070054
 -0.57070054 -0.57070054 -0.57070054 -0.57070054 -0.57070054 -0.57070054
 -0.57070054 -0.28651839 -0.57070054 -0.57070054 -0.57070054  0.25314902
  3.0747146  -0.57070054 -0.57070054 -0.57070054  0.01281315  1.74916643
 -0.57070054 -0.57070054 -0.57070054 -0.57070054 -0.57070054 -0.13821902
 -0.57070054  0.98281233 -0.57070054 -0.57070054 -0.57070054 -0.57070054
 -0.57070054 -0.57070054  1.55358917 -0.57070054]",[-0.01822189418425091]
5,"[ 4.2252963  -0.54084952  1.7135576  -0.54084952 -0.54084952 -0.54084952
 -0.54084952 -0.54084952  0.41557749 -0.54084952 -0.54084952 -0.54084952
 -0.54084952 -0.54084952 -0.54084952 -0.54084952  2.59028824  1.21706848
 -0.54084952 -0.23954916  0.22213804  1.99763428  2.09826089 -0.54084952
  2.81388073 -0.54084952 -0.54084952 -0.54084952 -0.54084952  0.86214744
 -0.54084952 -0.54084952 -0.54084952 -0.54084952 -0.54084952 -0.54084952
 -0.54084952 -0.54084952 -0.54084952  0.2501591  -0.54084952  2.45573934
 -0.11765872  1.45687193 -0.27017067 -0.54084952 -0.54084952 -0.54084952
 -0.54084952  1.1649364   0.39076098  1.91682857  1.15117299 -0.54084952
 -0.47383687  1.59864077 -0.07809266 -0.54084952 -0.54084952  0.38430965
 -0.54084952 -0.54084952 -0.54084952 -0.54084952 -0.54084952 -0.54084952
 -0.54084952 -0.54084952 -0.54084952 -0.54084952 -0.54084952  2.29429226
  2.18312911 -0.54084952 -0.54084952 -0.54084952  1.06022144  0.4835857
 -0.54084952 -0.54084952 -0.54084952 -0.54084952 -0.54084952 -0.34602909
 -0.54084952  0.04491456 -0.54084952 -0.54084952 -0.54084952  0.41557749
 -0.54084952 -0.54084952 -0.34898249 -0.54084952]",[-0.07798117269254179]
5,"[-0.5627362  -0.5627362   2.44682794 -0.5627362  -0.5627362  -0.5627362
  0.06384822 -0.5627362   0.48778124 -0.5627362  -0.5627362  -0.5627362
 -0.5627362  -0.5627362  -0.5627362  -0.5627362  -0.12789012 -0.5627362
 -0.5627362   0.42771545  1.22033551  3.33013291  2.03177052  1.74554027
  2.9483704  -0.5627362  -0.5627362  -0.5627362  -0.5627362   1.32397557
 -0.5627362  -0.5627362  -0.5627362  -0.5627362  -0.5627362  -0.5627362
 -0.5627362  -0.5627362  -0.5627362  -0.5627362  -0.5627362   0.3775756
  0.134357    1.36928036 -0.5627362  -0.5627362  -0.5627362  -0.5627362
 -0.5627362   1.29265173  0.1513426   1.85430983  1.41056844  0.06384822
  1.1181171  -0.51882248 -0.5627362   2.11382049 -0.5627362   0.89955523
 -0.5627362  -0.5627362  -0.5627362  -0.5627362  -0.5627362  -0.5627362
  3.11069242 -0.06482023 -0.5627362  -0.5627362  -0.5627362  -0.5627362
  3.29242961 -0.5627362  -0.5627362  -0.5627362   0.18132114  0.60882099
 -0.5627362   0.48778124 -0.35462258 -0.5627362  -0.5627362   0.6854208
 -0.5627362  -0.28984985 -0.5627362  -0.5627362  -0.5627362  -0.5627362
 -0.5627362  -0.5627362   0.50472243 -0.5627362 ]",[0.0035096059322705653]
5,"[-0.4074014  -0.4074014  -0.36818432 -0.4074014  -0.4074014  -0.4074014
 -0.4074014  -0.4074014  -0.4074014  -0.4074014  -0.4074014  -0.4074014
 -0.4074014  -0.4074014  -0.4074014  -0.4074014   0.89900086  0.45876586
 -0.4074014   0.62814557  1.4457355   2.41388502  2.03441315 -0.4074014
  0.20631031 -0.4074014  -0.4074014  -0.4074014  -0.4074014  -0.28539088
 -0.4074014  -0.4074014  -0.4074014  -0.4074014  -0.4074014  -0.4074014
 -0.4074014  -0.4074014  -0.4074014  -0.4074014  -0.4074014   0.48012733
 -0.4074014  -0.06040305 -0.4074014  -0.4074014  -0.4074014  -0.4074014
 -0.4074014   0.81204385  0.48643375  0.44471736  2.1483221  -0.4074014
 -0.4074014   3.90097981  1.99412487 -0.4074014  -0.4074014  -0.4074014
 -0.4074014  -0.4074014  -0.4074014  -0.4074014  -0.4074014  -0.4074014
 -0.4074014   0.13259902 -0.4074014  -0.4074014  -0.4074014   2.26685785
  1.138076   -0.4074014  -0.4074014  -0.4074014  -0.4074014   1.17093975
 -0.4074014  -0.4074014  -0.4074014  -0.4074014  -0.4074014   0.65346895
 -0.4074014  -0.4074014  -0.4074014  -0.4074014  -0.4074014  -0.4074014
 -0.4074014  -0.4074014   5.92453093 -0.4074014 ]",[-0.11294086290077027]
5,"[-0.55920767 -0.55920767  0.22014611 -0.55920767 -0.55920767 -0.55920767
 -0.55920767 -0.55920767  1.00080928 -0.55920767 -0.55920767 -0.55920767
 -0.55920767 -0.55920767 -0.55920767 -0.55920767  2.33282612  0.64956986
 -0.55920767 -0.19630469  0.79028299  2.33455627  2.10893173 -0.46825405
  2.19076974 -0.55920767 -0.55920767 -0.55920767 -0.55920767  0.15577502
 -0.55920767 -0.55920767 -0.55920767 -0.55920767 -0.55920767 -0.55920767
 -0.55920767 -0.55920767 -0.55920767 -0.08784405  0.15577502  1.35187472
 -0.43535852  0.82175443  1.65269607 -0.55920767 -0.55920767 -0.55920767
 -0.55920767  1.4669958   2.19159915  1.27263949  0.60554397 -0.55920767
  0.70681439  2.45081276 -0.55920767 -0.55920767 -0.55920767  2.99460323
  0.24163382 -0.55920767 -0.55920767 -0.55920767 -0.55920767 -0.55920767
  0.79057174 -0.55920767 -0.55920767 -0.55920767 -0.55920767 -0.55920767
 -0.55920767 -0.55920767 -0.55920767 -0.55920767 -0.55920767  2.30485107
 -0.55920767  0.3540031  -0.55920767 -0.55920767 -0.55920767  0.3038832
 -0.55920767 -0.55920767 -0.55920767 -0.55920767 -0.55920767  1.1887557
 -0.55920767 -0.55920767  3.77937005 -0.55920767]",[0.06163016499213869]
5,"[-0.53713142 -0.53713142  2.0298071  -0.53713142 -0.53713142 -0.53713142
  0.24762217 -0.53713142 -0.53713142 -0.53713142 -0.53713142 -0.53713142
 -0.53713142 -0.53713142 -0.53713142 -0.53713142 -0.43981751  0.19083868
 -0.53713142  0.33319382  0.49118348  1.81675055  1.1032397   1.30614768
  2.31377679 -0.53713142 -0.53713142 -0.53713142 -0.53713142  0.94539851
 -0.53713142 -0.53713142 -0.53713142 -0.53713142 -0.53713142 -0.53713142
 -0.53713142 -0.53713142 -0.53713142 -0.53713142 -0.53713142  1.43149002
 -0.53713142  0.56643144 -0.33453649 -0.53713142 -0.53713142 -0.53713142
 -0.53713142  0.85139829  0.7444303   1.28504724  1.39396002 -0.53713142
  1.33658377 -0.53713142 -0.53713142  3.72125028 -0.53713142  0.45543422
 -0.53713142 -0.53713142 -0.53713142 -0.53713142 -0.53713142 -0.53713142
  3.23716908 -0.08328818 -0.53713142 -0.53713142 -0.53713142 -0.53713142
  2.64542058 -0.53713142 -0.53713142 -0.53713142  0.39474886  0.62677241
 -0.53713142 -0.53713142 -0.53713142 -0.53713142 -0.53713142 -0.53713142
 -0.53713142  0.83474481 -0.53713142 -0.53713142 -0.53713142 -0.53713142
 -0.53713142 -0.53713142  3.48711304  1.98123134]",[0.02871590728693396]
5,"[-0.43380035 -0.43380035  0.022427   -0.43380035 -0.43380035 -0.43380035
 -0.43380035 -0.43380035  0.64166275 -0.43380035 -0.43380035 -0.43380035
 -0.43380035 -0.43380035 -0.43380035 -0.43380035  1.22713224  0.26236129
 -0.43380035 -0.43380035 -0.36634632  3.99231995  2.86051736 -0.43380035
  1.80902663 -0.43380035 -0.43380035 -0.43380035 -0.43380035  0.44852631
 -0.43380035 -0.43380035 -0.43380035  2.17983974 -0.43380035 -0.43380035
 -0.43380035 -0.43380035 -0.43380035  0.12131157 -0.43380035  1.30183953
 -0.1633118   1.12516393 -0.43380035 -0.43380035 -0.43380035 -0.43380035
 -0.43380035  2.04727421  0.04478227  2.48315784  2.98110432 -0.43380035
 -0.43380035  2.90835159  0.64166275 -0.43380035 -0.43380035 -0.43380035
 -0.43380035 -0.43380035 -0.43380035 -0.43380035 -0.43380035 -0.43380035
 -0.43380035 -0.43380035 -0.43380035 -0.43380035 -0.43380035 -0.43380035
 -0.43380035 -0.43380035 -0.43380035 -0.43380035 -0.43380035  3.7437928
 -0.43380035 -0.43380035 -0.43380035 -0.43380035 -0.43380035 -0.43380035
 -0.43380035  0.92102907 -0.43380035 -0.43380035 -0.43380035 -0.43380035
 -0.43380035 -0.43380035 -0.43380035 -0.43380035]",[0.04757465556056939]
5,"[ 5.06957466 -0.5004282   1.69611036 -0.5004282  -0.5004282  -0.5004282
 -0.5004282  -0.5004282   0.54721305 -0.5004282  -0.5004282   0.41830231
 -0.5004282  -0.5004282  -0.5004282  -0.5004282   2.88659341  1.21198473
 -0.5004282  -0.37538011  0.0939078   2.23780628  2.1596442  -0.5004282
  2.59609752 -0.5004282  -0.5004282  -0.5004282  -0.5004282   0.92713926
 -0.5004282  -0.5004282  -0.5004282  -0.5004282  -0.5004282  -0.5004282
 -0.5004282  -0.5004282  -0.5004282   0.04032317 -0.5004282   2.18445392
 -0.5004282   1.15969816 -0.3391097  -0.5004282  -0.5004282  -0.5004282
 -0.5004282   1.2296851  -0.5004282   1.8515425   1.32624215 -0.5004282
 -0.35954729  0.74631521 -0.5004282   0.7258175  -0.5004282  -0.06949277
 -0.5004282  -0.5004282  -0.5004282  -0.5004282  -0.5004282  -0.5004282
 -0.35834766 -0.30036889 -0.5004282  -0.5004282  -0.5004282   0.54721305
  1.30189048 -0.5004282  -0.5004282  -0.5004282   0.241592    0.08526425
 -0.5004282  -0.5004282  -0.5004282  -0.5004282  -0.5004282  -0.28702778
 -0.5004282  -0.5004282  -0.5004282  -0.5004282  -0.5004282  -0.5004282
 -0.5004282  -0.5004282   2.33183979 -0.5004282 ]",[0.0882367539500612]
5,"[-0.57476327 -0.57476327 -0.29031663 -0.57476327 -0.57476327 -0.57476327
 -0.57476327 -0.57476327  1.08235763 -0.57476327 -0.57476327  0.12471827
 -0.57476327 -0.57476327 -0.57476327 -0.57476327  2.08854252  1.31648636
 -0.57476327 -0.04713835  0.08041895  2.1106693   1.94815722  1.16421532
  0.71121477 -0.57476327 -0.57476327 -0.57476327 -0.57476327 -0.30048571
 -0.57476327 -0.57476327 -0.57476327 -0.57476327  1.1494402  -0.57476327
 -0.57476327 -0.57476327 -0.57476327 -0.57476327 -0.57476327  0.58407989
 -0.57476327  0.4450933   2.85544416 -0.57476327 -0.57476327 -0.57476327
 -0.57476327  1.19193369  1.16939703  1.7443712   1.9091104  -0.57476327
 -0.2243266   2.74093251  0.4708358  -0.57476327 -0.57476327 -0.29090049
 -0.57476327 -0.57476327 -0.57476327 -0.57476327 -0.57476327 -0.57476327
 -0.15746866  0.03887947 -0.57476327 -0.57476327 -0.57476327  1.19053159
  2.62158766 -0.57476327 -0.57476327 -0.57476327 -0.57476327  1.45557268
 -0.57476327 -0.57476327 -0.57476327 -0.57476327  1.61164105 -0.15604651
 -0.57476327  0.18688424 -0.57476327 -0.05844762 -0.57476327 -0.57476327
 -0.57476327 -0.57476327  4.01841171 -0.57476327]",[-0.04353823778134225]
5,"[ 0.09088955  3.9314033   1.22768263 -0.56654318 -0.56654318 -0.56654318
 -0.56654318 -0.56654318 -0.56654318 -0.56654318 -0.56654318 -0.56654318
 -0.56654318 -0.56654318 -0.56654318  0.16983746  1.93517832 -0.10193872
 -0.56654318  1.08814722  0.46376881 -0.34934255 -0.23013994  3.21080313
  0.10704172 -0.56654318 -0.56654318 -0.56654318 -0.56654318  0.12848534
 -0.56654318 -0.56654318 -0.56654318 -0.56654318 -0.56654318 -0.56654318
 -0.56654318 -0.56654318  1.04072416  0.46162356 -0.56654318 -0.09048062
 -0.56654318  0.48815036  1.37161438 -0.56654318 -0.56654318 -0.56654318
 -0.56654318  0.53192144  0.25137405  0.39332282  1.43950756 -0.56654318
 -0.56654318  1.1977215  -0.56654318  0.41631696 -0.56654318 -0.37183473
 -0.56654318 -0.56654318 -0.56654318 -0.56654318 -0.56654318 -0.56654318
  0.32435344  2.58196236 -0.56654318 -0.56654318 -0.56654318  0.47785396
  0.18618662  1.92259934 -0.56654318 -0.56654318 -0.56654318 -0.4346917
 -0.56654318  0.27316197  0.27987156 -0.56654318 -0.56654318  2.8811901
 -0.56654318  2.54452493 -0.56654318 -0.56654318 -0.56654318 -0.56654318
 -0.56654318  3.02071389 -0.56654318 -0.56654318]",[0.0277005267211895]
5,"[ 2.3419637   2.77923012  0.60313904 -0.67685569 -0.67685569 -0.67685569
  0.29236888 -0.67685569  0.0396625  -0.67685569 -0.67685569 -0.67685569
 -0.67685569 -0.67685569 -0.67685569 -0.67685569  1.57195326  1.26367403
 -0.67685569  1.17586915  0.362052   -0.19421565  0.16251531  3.07603424
  0.15642556 -0.67685569 -0.67685569 -0.67685569 -0.67685569  0.72322477
 -0.67685569 -0.67685569 -0.67685569 -0.67685569 -0.04850403 -0.67685569
 -0.67685569 -0.67685569  1.06445991  0.07564608 -0.67685569  1.06445991
  0.47415478  1.55551819  2.24804595 -0.67685569 -0.67685569 -0.67685569
 -0.67685569  1.08330005  0.80057914  1.45898603  2.78804469 -0.67685569
 -0.6266524   1.79564058  0.0396625  -0.67685569 -0.67685569 -0.61595243
 -0.67685569 -0.67685569 -0.67685569 -0.67685569 -0.67685569 -0.67685569
  0.82340261  2.27199898 -0.67685569 -0.67685569 -0.67685569  0.81175352
  0.05459678  1.44712306 -0.67685569 -0.67685569  0.09523534  0.90372302
 -0.67685569 -0.67685569 -0.47527715 -0.67685569 -0.67685569  0.20372711
 -0.67685569  2.06427735 -0.67685569 -0.67685569 -0.67685569 -0.67685569
 -0.67685569  0.69462129 -0.53311632 -0.67685569]",[0.017572004002608943]
6,"[-0.52128183 -0.52128183 -0.3473936  -0.52128183 -0.52128183 -0.52128183
  0.18519811 -0.52128183 -0.52128183 -0.52128183 -0.52128183 -0.52128183
 -0.52128183 -0.52128183 -0.52128183 -0.52128183  3.30007291  1.21139629
 -0.52128183 -0.52128183  0.85114284  2.82498616  1.59188706  0.02428556
  2.97624834 -0.52128183 -0.52128183 -0.52128183 -0.52128183 -0.40722988
 -0.52128183 -0.52128183 -0.52128183 -0.52128183 -0.52128183 -0.52128183
 -0.52128183 -0.52128183 -0.52128183 -0.52128183 -0.52128183  1.34608719
 -0.52128183  0.20268469 -0.33889432 -0.52128183  1.74589197 -0.52128183
  1.74589197  1.5702296  -0.38975277  1.62720536  1.57417063 -0.52128183
  1.36213646  0.21676983  0.40607743 -0.52128183 -0.52128183  0.08502204
 -0.52128183 -0.52128183 -0.52128183 -0.52128183 -0.52128183 -0.52128183
 -0.52128183  0.0401232  -0.52128183 -0.52128183 -0.52128183 -0.52128183
  3.70998081 -0.52128183 -0.52128183 -0.52128183 -0.52128183  1.36811991
 -0.52128183  2.10015897 -0.52128183 -0.52128183 -0.52128183  1.34792651
 -0.52128183  1.95289541 -0.52128183 -0.52128183 -0.52128183 -0.52128183
 -0.52128183 -0.52128183 -0.52128183 -0.52128183]",[0.0940460010112057]
6,"[-4.16218380e-01 -4.16218380e-01 -4.02320440e-01 -4.16218380e-01
 -4.16218380e-01 -4.16218380e-01 -4.16218380e-01 -4.16218380e-01
 -4.16218380e-01 -4.16218380e-01 -4.16218380e-01 -4.16218380e-01
 -4.16218380e-01 -4.16218380e-01 -4.16218380e-01 -4.16218380e-01
  2.62755591e+00  7.88459206e-01 -4.16218380e-01 -4.16218380e-01
  2.01262989e-01  3.20341544e+00  1.38283136e-01 -4.16218380e-01
  1.38211577e+00 -4.16218380e-01 -4.16218380e-01 -4.16218380e-01
 -4.16218380e-01 -3.82932225e-01 -4.16218380e-01 -4.16218380e-01
 -4.16218380e-01 -4.16218380e-01 -4.16218380e-01 -4.16218380e-01
 -4.16218380e-01 -4.16218380e-01  2.73637347e+00 -4.16218380e-01
 -4.16218380e-01  1.73553987e+00 -4.16218380e-01 -4.34945850e-04
  4.99136251e-02 -4.16218380e-01 -4.16218380e-01 -4.16218380e-01
 -4.16218380e-01  1.43661682e+00  1.35128681e+00  1.18175648e+00
  3.41301969e+00 -4.16218380e-01  1.18703105e+00  3.74776886e-03
 -4.16218380e-01 -4.16218380e-01 -4.16218380e-01  3.61435629e+00
 -4.16218380e-01 -4.16218380e-01 -4.16218380e-01 -4.16218380e-01
 -4.16218380e-01 -4.16218380e-01  1.64673683e-01 -1.01695233e-01
 -4.16218380e-01 -4.16218380e-01 -4.16218380e-01 -4.16218380e-01
 -4.16218380e-01 -4.16218380e-01 -4.16218380e-01 -4.16218380e-01
 -4.16218380e-01  8.73310125e-01 -4.16218380e-01 -4.16218380e-01
 -4.16218380e-01 -4.16218380e-01 -4.16218380e-01 -4.16218380e-01
 -4.16218380e-01  4.35016970e+00 -4.16218380e-01 -4.16218380e-01
 -4.16218380e-01 -4.16218380e-01 -4.16218380e-01 -4.16218380e-01
 -4.16218380e-01 -4.16218380e-01]",[-0.07263891599328609]
6,"[-0.84907982  0.67657688 -0.05637309 -0.84907982 -0.84907982 -0.84907982
 -0.84907982 -0.84907982 -0.05201156  0.67657688 -0.84907982  0.67657688
  1.76645654 -0.84907982 -0.84907982  0.5489005   1.46353741  0.74505671
 -0.84907982  0.04312775  0.15805771  1.86568361  0.85571702  1.71730583
  1.89000293 -0.84907982 -0.84907982 -0.84907982 -0.84907982 -0.23738363
 -0.84907982  0.29092403 -0.84907982 -0.84907982  1.89791449 -0.84907982
 -0.84907982 -0.84907982  1.86304285  0.96701332 -0.84907982  1.46359362
 -0.49640058  0.29640424  0.32389764  1.01682901 -0.84907982 -0.84907982
 -0.84907982  0.55744586  0.55310712  0.80971164  0.9072814  -0.84907982
  2.10943199  0.60070403  0.51253356  0.08387459 -0.84907982  0.93908644
 -0.84907982 -0.84907982 -0.84907982 -0.84907982 -0.84907982 -0.84907982
  0.02702893  0.3325237  -0.84907982 -0.84907982 -0.84907982  0.14228699
  2.73562434 -0.84907982 -0.84907982 -0.84907982  0.00980871  1.38029961
 -0.84907982  0.29092403  0.16771257 -0.84907982  0.67657688  3.07915039
  0.29092403  0.55431541  0.29092403 -0.84907982 -0.84907982 -0.84907982
 -0.84907982 -0.84907982  1.64536834 -0.84907982]",[0.17263311496119393]
6,"[-5.63626898e-01 -5.63626898e-01  2.36689675e-03 -5.63626898e-01
 -5.63626898e-01 -5.63626898e-01 -5.63626898e-01  3.51298679e-01
  9.32547318e-01 -5.63626898e-01 -5.63626898e-01 -5.63626898e-01
 -5.63626898e-01 -5.63626898e-01 -5.63626898e-01 -5.63626898e-01
  1.63505112e+00  1.23982955e+00 -5.63626898e-01 -4.70326107e-01
  1.45228873e-02  2.34246544e+00  5.31618552e-01 -5.33282842e-01
  1.87820446e+00 -5.63626898e-01 -5.63626898e-01 -5.63626898e-01
 -5.63626898e-01 -3.72241593e-01 -5.63626898e-01 -5.63626898e-01
 -5.63626898e-01 -5.63626898e-01 -5.63626898e-01  4.83645664e-02
 -5.63626898e-01 -5.63626898e-01  2.17830332e+00  8.19817692e-01
  5.54346998e-01  2.12855962e+00 -5.63626898e-01  6.68316969e-01
  1.80621904e+00 -5.63626898e-01 -5.63626898e-01 -5.63626898e-01
 -5.63626898e-01  1.42334027e+00  2.11925949e+00  1.67998603e+00
  2.68197714e+00 -5.63626898e-01  2.27922323e+00 -1.58566485e-01
 -1.85426577e-01 -5.63626898e-01 -5.63626898e-01  3.47855165e+00
 -5.63626898e-01 -5.63626898e-01 -5.63626898e-01 -5.63626898e-01
 -5.63626898e-01 -5.63626898e-01  1.74209201e+00 -5.63626898e-01
 -5.63626898e-01 -5.63626898e-01 -5.63626898e-01 -5.63626898e-01
 -5.63626898e-01 -5.63626898e-01 -5.63626898e-01 -5.63626898e-01
 -5.63626898e-01  2.34996760e+00 -5.63626898e-01 -5.63626898e-01
 -2.84813248e-01 -5.63626898e-01 -5.63626898e-01  1.55028349e+00
 -5.63626898e-01  5.13010488e-01 -5.63626898e-01 -5.63626898e-01
 -5.63626898e-01 -5.63626898e-01 -5.63626898e-01 -5.63626898e-01
 -5.63626898e-01 -5.63626898e-01]",[-0.028490391226786427]
6,"[-0.58892244 -0.58892244  1.01302376 -0.58892244 -0.58892244 -0.58892244
  0.02317099 -0.58892244 -0.58892244 -0.58892244 -0.58892244 -0.58892244
 -0.58892244 -0.58892244 -0.58892244 -0.58892244  3.103599    1.46352188
 -0.58892244  0.14566246  0.26982871  2.35526724  1.76542636 -0.58892244
  2.75767093 -0.58892244 -0.58892244 -0.58892244 -0.58892244  0.27524739
 -0.58892244 -0.58892244 -0.58892244 -0.58892244 -0.58892244  1.83731173
 -0.58892244 -0.58892244 -0.58892244  0.8142932   0.61225259  0.75176772
  0.45868911  0.87290133  1.30938983 -0.58892244 -0.58892244 -0.58892244
 -0.58892244  0.99560582  0.92824983  2.2906962   1.29253978  0.02317099
  0.6064511   2.3416701  -0.58892244 -0.58892244 -0.58892244 -0.50169468
 -0.58892244 -0.58892244 -0.58892244 -0.58892244 -0.58892244 -0.58892244
 -0.58892244 -0.23493303 -0.58892244 -0.58892244 -0.58892244 -0.58892244
  3.04963696 -0.58892244 -0.58892244 -0.58892244 -0.58892244  1.61666074
 -0.58892244 -0.58892244 -0.02690829 -0.58892244 -0.58892244  1.75351816
 -0.58892244  0.17417936 -0.58892244 -0.58892244 -0.58892244 -0.58892244
 -0.58892244 -0.58892244  2.3753239  -0.58892244]",[-0.10141069771213573]
6,"[-0.55922659 -0.55922659  2.24353141 -0.55922659 -0.55922659 -0.55922659
  0.36038511 -0.55922659 -0.55922659 -0.55922659 -0.55922659 -0.55922659
 -0.55922659 -0.55922659 -0.55922659 -0.55922659 -0.15166488 -0.38384802
 -0.55922659  0.47790883  1.7927877   2.99232032  1.58023585  1.17546573
  2.72131741 -0.55922659 -0.55922659 -0.55922659 -0.55922659  1.49155188
 -0.55922659 -0.55922659 -0.55922659 -0.55922659 -0.55922659 -0.55922659
 -0.55922659 -0.55922659 -0.55922659 -0.55922659 -0.55922659  0.40577561
  0.40430408  1.47977001  0.2816036  -0.55922659 -0.55922659 -0.55922659
 -0.55922659  1.77111498  1.11929005  2.00165699  1.35239839  0.36038511
  0.88997227 -0.51806823 -0.55922659  2.86154117 -0.55922659  0.49186781
 -0.55922659 -0.55922659 -0.55922659 -0.55922659 -0.55922659 -0.55922659
  3.02048295 -0.3712052  -0.55922659 -0.55922659 -0.55922659 -0.55922659
  3.15727016 -0.55922659 -0.55922659 -0.55922659 -0.55922659  0.5246086
 -0.55922659  0.84899788 -0.55922659 -0.55922659 -0.55922659 -0.55922659
 -0.55922659  0.54529542 -0.55922659 -0.55922659 -0.55922659 -0.55922659
 -0.55922659 -0.55922659  0.30422229 -0.55922659]",[-0.10723783736445447]
6,"[-0.49757751 -0.49757751  0.25072585 -0.49757751 -0.49757751 -0.49757751
 -0.49757751 -0.49757751  0.85215103 -0.49757751 -0.49757751 -0.49757751
 -0.49757751 -0.49757751 -0.49757751 -0.49757751  1.55111642  0.33000476
 -0.49757751 -0.49757751  0.69061423  2.22775312  1.84443932 -0.43747405
  1.78172441 -0.49757751 -0.49757751 -0.49757751 -0.49757751  0.00500149
 -0.49757751 -0.49757751 -0.49757751 -0.49757751 -0.49757751 -0.49757751
 -0.49757751 -0.49757751 -0.49757751  0.49351898  0.24127905  0.49982804
 -0.26022764  0.75490599  0.75232496 -0.49757751 -0.49757751 -0.49757751
 -0.49757751  1.25720656  2.05586762  1.27309483  0.25917295 -0.49757751
  0.42103061  2.33081277 -0.49757751 -0.49757751 -0.49757751  4.12909679
  1.66565256 -0.49757751 -0.49757751 -0.49757751 -0.49757751 -0.49757751
  0.72588671 -0.3173663  -0.49757751 -0.49757751 -0.49757751 -0.49757751
 -0.26022764 -0.49757751 -0.49757751 -0.49757751 -0.49757751  2.33876698
 -0.49757751 -0.49757751 -0.49757751 -0.49757751 -0.49757751 -0.27215848
 -0.49757751 -0.49757751 -0.49757751 -0.49757751 -0.49757751 -0.49757751
 -0.49757751 -0.49757751  4.66043867 -0.49757751]",[-0.285549663960768]
6,"[-0.50841551 -0.50841551  2.59578135 -0.50841551 -0.50841551 -0.50841551
 -0.50841551 -0.50841551 -0.50841551 -0.50841551 -0.50841551 -0.50841551
 -0.50841551 -0.50841551 -0.50841551 -0.50841551 -0.24511853 -0.27857046
 -0.50841551  0.65589272  0.89752803  2.21199952  1.25922405  1.36250519
  2.97292091 -0.50841551 -0.50841551 -0.50841551 -0.50841551  2.00842829
 -0.50841551 -0.50841551 -0.50841551 -0.50841551 -0.50841551 -0.50841551
 -0.50841551 -0.50841551 -0.50841551 -0.50841551 -0.50841551  0.94581247
  0.34784772  1.05927915 -0.50841551 -0.50841551 -0.50841551 -0.50841551
 -0.50841551  1.27152513  0.43231414  1.64039587  1.61094733 -0.50841551
  0.16212142 -0.50841551 -0.50841551  3.47186829 -0.50841551  0.80647699
 -0.50841551 -0.50841551 -0.50841551 -0.50841551 -0.50841551 -0.50841551
  3.60670525  0.24648224 -0.50841551 -0.50841551 -0.50841551 -0.50841551
  3.00126605 -0.50841551 -0.50841551 -0.50841551 -0.50841551  0.09536369
 -0.50841551 -0.50841551 -0.50841551 -0.50841551 -0.50841551 -0.45020611
 -0.50841551  1.57226823 -0.50841551 -0.50841551 -0.50841551 -0.50841551
 -0.50841551 -0.50841551  0.80278015 -0.50841551]",[-0.05960860022651149]
6,"[-0.46914296 -0.46914296  0.1806457  -0.46914296 -0.46914296 -0.46914296
 -0.46914296 -0.46914296  0.61702967 -0.46914296 -0.46914296 -0.46914296
 -0.46914296 -0.46914296 -0.46914296 -0.46914296  1.45988133  0.78536714
 -0.46914296 -0.12696923 -0.29816911  1.57143072  1.62970552 -0.45485892
  2.17052395 -0.46914296 -0.46914296 -0.46914296 -0.46914296  0.12064313
 -0.46914296 -0.46914296 -0.46914296 -0.46914296 -0.46914296 -0.46914296
 -0.46914296 -0.46914296 -0.46914296 -0.46914296 -0.46914296  0.82490124
  0.38125725  0.90593741  1.50292884 -0.46914296 -0.46914296 -0.46914296
 -0.46914296  1.59763446  1.70977965  1.47962922  0.37077319 -0.46914296
  1.46029856  3.36028854 -0.46914296 -0.46914296 -0.46914296  2.01328182
 -0.02624608 -0.46914296 -0.46914296 -0.46914296 -0.46914296 -0.46914296
 -0.46914296 -0.46914296 -0.46914296 -0.46914296 -0.46914296 -0.46914296
 -0.40718649 -0.46914296 -0.46914296 -0.46914296 -0.46914296  2.05892777
 -0.46914296 -0.46914296 -0.46914296 -0.46914296 -0.46914296 -0.20969289
 -0.46914296 -0.46914296 -0.46914296 -0.46914296 -0.46914296  0.61702967
 -0.46914296 -0.46914296  5.66866327 -0.46914296]",[0.13561187496128557]
6,"[ 3.80548784 -0.41219145  2.51220356 -0.41219145 -0.41219145 -0.41219145
 -0.41219145 -0.41219145 -0.41219145 -0.41219145 -0.41219145 -0.41219145
 -0.41219145 -0.41219145 -0.41219145 -0.41219145  2.49497368  0.22964456
 -0.41219145 -0.41219145 -0.41219145  5.01722094  1.2957046  -0.36480427
  3.53996514 -0.41219145 -0.41219145 -0.41219145 -0.41219145  0.57661129
 -0.41219145 -0.41219145 -0.41219145 -0.41219145 -0.41219145 -0.41219145
 -0.41219145 -0.41219145 -0.41219145 -0.41219145 -0.41219145  1.63070265
  0.07649541  0.88696507 -0.41219145 -0.41219145 -0.41219145 -0.41219145
 -0.41219145  1.3277984   1.19131258  2.40821561  0.09372935 -0.41219145
 -0.41219145  0.72296693 -0.41219145 -0.41219145 -0.41219145 -0.10590909
 -0.41219145 -0.41219145 -0.41219145 -0.41219145 -0.41219145 -0.41219145
 -0.41219145 -0.41219145 -0.41219145 -0.41219145 -0.41219145 -0.41219145
  1.18219293 -0.41219145 -0.41219145 -0.41219145 -0.41219145 -0.41219145
 -0.41219145 -0.41219145 -0.41219145 -0.41219145 -0.41219145  0.32180054
 -0.41219145  0.52383298 -0.41219145 -0.41219145 -0.41219145 -0.41219145
 -0.41219145 -0.41219145  0.31067349 -0.41219145]",[-0.11150972944162868]
6,"[ 0.34189811 -0.61830151 -0.40115877 -0.61830151 -0.61830151 -0.61830151
 -0.61830151 -0.61830151  0.55499404 -0.61830151 -0.61830151 -0.61830151
  0.95190917 -0.61830151 -0.61830151  0.43560465  1.31513366  0.80205714
 -0.61830151 -0.35987061  0.89606609  2.14674993  2.10396379 -0.20478778
  1.09365958 -0.61830151 -0.61830151 -0.61830151 -0.61830151 -0.27380064
  0.34189811 -0.61830151 -0.61830151 -0.61830151  1.30980169 -0.61830151
 -0.61830151  0.95190917  1.81345212  1.47991608 -0.61830151  1.14591254
  0.31329842  0.06380567  0.03262409 -0.61830151 -0.61830151 -0.61830151
 -0.61830151  1.17337977  0.65313792  1.18978042  1.71414588 -0.61830151
 -0.5079861   3.37856903  1.16224328 -0.61830151 -0.61830151 -0.19838451
 -0.61830151 -0.61830151 -0.61830151 -0.61830151 -0.61830151 -0.61830151
 -0.61830151 -0.22948078 -0.61830151 -0.61830151 -0.61830151 -0.08728112
  2.60060468 -0.61830151 -0.61830151 -0.61830151 -0.61830151  1.82264607
 -0.61830151 -0.61830151 -0.61830151 -0.61830151 -0.61830151  1.98270797
 -0.61830151 -0.61830151 -0.61830151 -0.61830151 -0.61830151 -0.61830151
 -0.61830151 -0.61830151  3.73406734 -0.61830151]",[0.004369430798897511]
6,"[ 0.15411907  3.20797389  0.49075155 -0.53884265 -0.53884265 -0.53884265
  0.28781967 -0.53884265  0.34624186 -0.53884265 -0.53884265 -0.53884265
 -0.53884265 -0.53884265 -0.53884265 -0.53884265  2.70943606  0.81026052
 -0.53884265  2.02389975  0.75995652 -0.28733386 -0.08898442  3.12715079
  0.12554728 -0.53884265 -0.53884265 -0.53884265 -0.53884265  0.09756842
 -0.53884265 -0.53884265 -0.53884265 -0.53884265 -0.53884265 -0.53884265
 -0.53884265 -0.53884265 -0.53884265  2.50805463 -0.53884265 -0.16826298
 -0.31623601  0.90367257 -0.19007046 -0.53884265 -0.53884265 -0.53884265
 -0.53884265  0.43243653 -0.27742247  0.97938486  1.81099902 -0.53884265
 -0.53884265  2.34144664 -0.53884265 -0.53884265 -0.53884265 -0.53884265
 -0.53884265 -0.53884265 -0.53884265 -0.53884265 -0.53884265 -0.53884265
  0.63395032  2.49396022 -0.53884265 -0.53884265 -0.53884265  0.7270461
 -0.08951279 -0.53884265 -0.53884265 -0.53884265  0.08804235 -0.04402888
 -0.53884265 -0.53884265 -0.53884265 -0.53884265 -0.53884265  2.89984664
 -0.53884265  1.64992068 -0.53884265 -0.53884265 -0.53884265 -0.53884265
 -0.53884265  2.72176752 -0.53884265 -0.53884265]",[-0.0506027639124389]
6,"[ 1.40025863  2.8019841   0.7941076  -0.65928368 -0.65928368 -0.65928368
 -0.65928368  0.19475579  0.07036371 -0.65928368 -0.65928368 -0.65928368
 -0.65928368 -0.65928368 -0.65928368 -0.65928368  0.94305381  0.6670663
 -0.65928368  2.61352824  1.29610235  0.35284337  0.64541931  3.65668538
  1.18755377 -0.65928368 -0.65928368 -0.65928368 -0.65928368  0.88097528
 -0.65928368 -0.65928368 -0.65928368 -0.65928368 -0.65928368 -0.65928368
 -0.65928368 -0.65928368 -0.65928368 -0.05583211 -0.65928368 -0.65928368
  0.95555663  0.90389295  1.73093752 -0.65928368 -0.65928368 -0.65928368
 -0.65928368  0.95667906  0.72129987  1.39507929  2.01011181 -0.65928368
 -0.65928368  1.69353174 -0.65928368  0.19475579 -0.65928368 -0.65928368
 -0.65928368 -0.65928368 -0.65928368 -0.65928368 -0.65928368 -0.65928368
  0.59346643  2.35883368 -0.65928368 -0.65928368 -0.65928368  0.95555663
  0.47407379  0.73732373 -0.65928368 -0.65928368  0.56215533  0.55395299
 -0.65928368 -0.65928368 -0.21978163 -0.65928368 -0.65928368  1.23178256
 -0.65928368  2.2988883  -0.65928368 -0.65928368 -0.65928368 -0.65928368
 -0.65928368  1.3407753  -0.65928368 -0.65928368]",[-0.05461734898588333]
6,"[-0.51595006 -0.51595006  0.63665159 -0.51595006 -0.51595006  3.19679366
 -0.51595006 -0.51595006 -0.51595006 -0.51595006 -0.51595006 -0.51595006
 -0.51595006 -0.51595006 -0.51595006  1.18506913  3.56049921  0.11184551
 -0.51595006 -0.51595006 -0.43379103  1.9838787   0.03704032 -0.51595006
  2.72714536 -0.51595006 -0.51595006 -0.51595006 -0.51595006 -0.16252934
 -0.51595006 -0.51595006 -0.51595006 -0.51595006 -0.51595006 -0.51595006
 -0.51595006 -0.51595006  3.19679366  0.48524502  1.75443005  1.53412527
 -0.25288954  0.26638291  0.75783559 -0.51595006 -0.51595006 -0.51595006
 -0.51595006  0.60995791  2.15887899  1.28325595  0.60130499 -0.51595006
 -0.51595006  1.69569984 -0.51595006 -0.51595006 -0.51595006 -0.51595006
 -0.51595006 -0.51595006 -0.51595006 -0.51595006 -0.51595006 -0.51595006
 -0.51595006 -0.51595006 -0.51595006 -0.51595006 -0.51595006 -0.51595006
  1.36531128 -0.51595006 -0.51595006 -0.51595006 -0.51595006  1.16246531
 -0.51595006  1.42374593 -0.51595006 -0.51595006 -0.51595006  2.65340121
 -0.51595006 -0.51595006 -0.51595006 -0.51595006 -0.51595006 -0.51595006
 -0.51595006 -0.51595006  1.03010647 -0.51595006]",[-0.0663864183963293]
7,"[-0.42723582 -0.42723582 -0.39592661 -0.42723582 -0.42723582 -0.42723582
 -0.42723582 -0.42723582  1.36029235 -0.42723582 -0.42723582 -0.42723582
 -0.42723582 -0.42723582 -0.42723582 -0.42723582  3.23657514  1.40101794
 -0.42723582 -0.42723582  0.84749659  2.95806615  0.82143516 -0.05757887
  2.19334818 -0.42723582 -0.42723582 -0.42723582 -0.42723582 -0.42723582
 -0.42723582 -0.42723582 -0.42723582 -0.42723582 -0.42723582 -0.42723582
 -0.42723582  1.96499675 -0.42723582 -0.42723582 -0.42723582 -0.42723582
 -0.42723582  0.47857158 -0.42723582 -0.42723582 -0.42723582 -0.42723582
 -0.42723582  1.32180334 -0.42723582  1.62981201  3.76552083 -0.42723582
  1.33714425  0.16273214 -0.42723582 -0.42723582 -0.42723582 -0.05693633
 -0.42723582 -0.42723582 -0.42723582 -0.42723582 -0.42723582 -0.42723582
  0.01355353 -0.42723582 -0.42723582 -0.42723582 -0.42723582 -0.42723582
  3.59584156 -0.42723582 -0.42723582 -0.42723582 -0.42723582  1.03563845
 -0.42723582 -0.42723582 -0.42723582 -0.42723582 -0.42723582 -0.42723582
 -0.42723582  3.57481107 -0.42723582 -0.42723582 -0.42723582 -0.42723582
 -0.42723582 -0.42723582 -0.42723582 -0.42723582]",[0.01251840899827883]
7,"[-0.4888573  -0.4888573  -0.39150167 -0.4888573  -0.4888573  -0.4888573
  0.46022806 -0.4888573  -0.4888573  -0.4888573  -0.4888573  -0.4888573
  1.4561587  -0.4888573  -0.4888573  -0.4888573   2.93477332  1.57591137
 -0.4888573  -0.36756692  0.11955738  3.08539149 -0.16384843  0.47359138
  0.20123672 -0.4888573  -0.4888573  -0.4888573  -0.4888573  -0.35495539
 -0.4888573  -0.4888573  -0.4888573  -0.4888573   1.08953789 -0.4888573
 -0.4888573  -0.4888573  -0.4888573  -0.4888573  -0.4888573   1.92555368
 -0.4888573   0.62181477 -0.08843432 -0.4888573  -0.4888573  -0.4888573
 -0.4888573   2.26964988  0.56942663  1.76859747  2.99149676 -0.4888573
  1.11671763  0.64859256 -0.4888573  -0.4888573  -0.4888573   0.90951432
 -0.4888573  -0.4888573  -0.4888573  -0.4888573  -0.4888573  -0.4888573
 -0.4888573  -0.2948098  -0.4888573  -0.4888573  -0.4888573  -0.4888573
 -0.03923664  1.4561587  -0.4888573  -0.4888573  -0.4888573  -0.01339038
 -0.4888573   0.52730218 -0.4888573  -0.4888573  -0.4888573  -0.31925569
  0.96450093  5.16317293 -0.4888573  -0.4888573  -0.4888573  -0.4888573
 -0.4888573  -0.4888573   0.01326687 -0.4888573 ]",[0.061687231570042855]
7,"[-0.6764467  -0.6764467  -0.13134131 -0.6764467  -0.6764467  -0.6764467
 -0.6764467  -0.6764467   0.51843167 -0.6764467  -0.6764467  -0.6764467
  0.92264807 -0.6764467  -0.6764467   0.05618962  0.7254818   0.87555502
 -0.6764467  -0.48999874  0.27431498  2.30191929  0.90109936  0.46261787
  2.83596545 -0.6764467  -0.6764467  -0.6764467  -0.6764467  -0.43517821
 -0.6764467  -0.6764467  -0.6764467  -0.6764467   0.78882593 -0.02235687
  0.92264807 -0.6764467   2.79029745  0.80216386 -0.02235687  2.00176877
 -0.30679111  0.14567079  0.16904737 -0.17814861 -0.6764467  -0.6764467
 -0.6764467   0.88441737  0.33863946  1.14119041  1.21520982 -0.17814861
  2.55574926  0.1640911  -0.2722303  -0.6764467  -0.6764467   1.38181775
 -0.33579021 -0.6764467  -0.6764467  -0.6764467  -0.6764467  -0.6764467
  0.06437222  0.6160612  -0.6764467  -0.6764467  -0.6764467  -0.13565817
  3.6122837   0.92264807 -0.6764467  -0.6764467  -0.6764467   2.27984529
 -0.6764467  -0.6764467   0.19171731 -0.6764467  -0.6764467   2.70762004
 -0.6764467   0.70383617 -0.6764467  -0.6764467  -0.6764467  -0.6764467
 -0.6764467  -0.6764467   0.05618962 -0.6764467 ]",[0.06917478599487481]
7,"[-0.69033314 -0.69033314  0.8990722  -0.69033314 -0.69033314 -0.69033314
  0.07639418  0.27053201  0.13058062 -0.69033314 -0.69033314  0.02956836
 -0.69033314 -0.69033314 -0.69033314 -0.69033314  2.60826678  1.34989922
 -0.69033314  0.08364295  0.78122388  2.35746279  1.24336935 -0.45508811
  2.33608662 -0.69033314 -0.69033314 -0.69033314 -0.69033314  0.22642907
  0.27053201 -0.69033314 -0.69033314  0.88096587 -0.69033314 -0.04761281
 -0.69033314 -0.69033314  2.00345091  0.53162774 -0.69033314  0.99390061
 -0.57900126  0.65564023  0.75563727 -0.69033314 -0.69033314 -0.69033314
 -0.69033314  1.08628196  1.00236162  1.81434262  1.38903219 -0.20069655
  1.55600878  1.65297296  0.13058062 -0.69033314 -0.69033314  0.14617095
 -0.69033314 -0.69033314 -0.69033314 -0.69033314 -0.69033314 -0.69033314
 -0.69033314 -0.13007295 -0.69033314 -0.69033314 -0.69033314 -0.69033314
  2.80104912 -0.69033314 -0.69033314 -0.69033314 -0.69033314  1.14981809
 -0.69033314 -0.69033314  0.61569103 -0.69033314 -0.69033314  3.09914385
  0.48377564  1.18665585 -0.69033314 -0.69033314 -0.69033314 -0.69033314
 -0.69033314 -0.69033314  2.09229312 -0.69033314]",[0.07058264930546887]
7,"[-0.66646443 -0.66646443  1.36453759 -0.66646443 -0.66646443 -0.66646443
  0.89651644 -0.66646443  0.18805005 -0.66646443 -0.66646443 -0.66646443
 -0.66646443 -0.66646443 -0.66646443 -0.66646443 -0.35336428  0.08290327
 -0.66646443  0.10455918  0.23051035  2.15757045  1.91432687  0.37268869
  2.75968692 -0.66646443 -0.66646443 -0.66646443 -0.66646443  0.44518971
 -0.66646443 -0.66646443 -0.66646443 -0.66646443  0.08290327 -0.66646443
 -0.66646443 -0.66646443  0.96914923  1.0233129  -0.66646443  1.21733894
 -0.3650886   1.19726214 -0.10531037 -0.66646443 -0.66646443 -0.66646443
  0.96914923  0.96572301  0.19528345  1.56327422  1.69875611 -0.66646443
  1.88316348 -0.44857946 -0.25301685  2.09924804 -0.66646443  1.13528713
 -0.66646443 -0.66646443 -0.66646443  0.96914923 -0.66646443 -0.66646443
  2.20270295  0.05786913 -0.66646443 -0.66646443 -0.66646443 -0.66646443
  3.54485688 -0.66646443 -0.66646443 -0.66646443  0.63242332  1.51070688
 -0.66646443 -0.66646443  0.07646828 -0.66646443 -0.66646443  2.32855399
 -0.66646443 -0.66646443 -0.66646443 -0.11332579 -0.66646443 -0.66646443
 -0.66646443 -0.66646443  1.45510758 -0.66646443]",[0.07955484042251981]
7,"[-0.45821942 -0.45821942  0.72114504 -0.45821942 -0.45821942 -0.45821942
 -0.45821942 -0.45821942  0.90072805 -0.45821942 -0.45821942 -0.45821942
 -0.45821942 -0.45821942 -0.45821942 -0.45821942  3.098087    1.89468381
 -0.45821942 -0.15493688  1.11637126  3.37672337  1.18799924 -0.45821942
  3.72388237 -0.45821942 -0.45821942 -0.45821942 -0.45821942  1.82154467
 -0.45821942 -0.45821942 -0.45821942 -0.45821942 -0.45821942 -0.45821942
 -0.45821942 -0.45821942 -0.45821942 -0.45821942 -0.45821942  1.3876177
 -0.2739197   1.04604668 -0.45821942 -0.45821942 -0.45821942 -0.45821942
 -0.45821942  1.34383523 -0.05683821  2.2269154  -0.03238409  1.89812204
  0.0798628   2.88523499 -0.45821942 -0.45821942 -0.45821942 -0.45821942
 -0.45821942 -0.45821942 -0.45821942 -0.45821942 -0.45821942 -0.45821942
 -0.45821942 -0.19871256 -0.45821942 -0.45821942 -0.45821942 -0.45821942
  3.03027025 -0.45821942 -0.45821942 -0.45821942 -0.45821942  1.51130052
 -0.45821942 -0.45821942 -0.45821942 -0.45821942 -0.45821942 -0.45821942
 -0.45821942 -0.45821942 -0.45821942 -0.45821942 -0.45821942 -0.45821942
 -0.45821942 -0.45821942 -0.45821942 -0.45821942]",[0.0034048835316521364]
7,"[-0.56802411 -0.56802411  2.46974611 -0.56802411 -0.56802411 -0.56802411
 -0.56802411 -0.56802411  0.54241846 -0.56802411 -0.56802411 -0.56802411
 -0.56802411 -0.56802411 -0.56802411 -0.56802411 -0.41072859 -0.07198359
 -0.56802411  0.226847    0.70149347  1.73677337  1.11477019  1.40601696
  2.58403539 -0.56802411 -0.56802411 -0.56802411 -0.56802411  2.39450884
 -0.56802411 -0.56802411 -0.56802411  1.55745778 -0.56802411 -0.56802411
 -0.56802411 -0.56802411  1.55745778 -0.56802411 -0.56802411  0.8211144
  0.36088976  0.9955621  -0.56802411 -0.56802411 -0.56802411 -0.56802411
 -0.56802411  1.174345    0.69005808  1.70037721  3.21398713 -0.56802411
 -0.23336015 -0.56802411 -0.56802411  2.91712566 -0.56802411  1.33184383
 -0.56802411 -0.56802411 -0.56802411 -0.56802411 -0.56802411 -0.56802411
  3.19641186  0.45244324 -0.56802411 -0.56802411 -0.56802411 -0.56802411
  2.08901734 -0.56802411 -0.56802411 -0.56802411 -0.56802411  0.19938098
 -0.56802411  0.54241846 -0.56802411 -0.56802411 -0.56802411 -0.47051989
 -0.56802411  0.58983056 -0.56802411 -0.56802411 -0.56802411 -0.56802411
 -0.56802411 -0.56802411  0.4057801  -0.56802411]",[-0.003497965988193852]
7,"[-3.33531085e-01 -3.33531085e-01 -1.08603416e-01 -3.33531085e-01
 -3.33531085e-01 -3.33531085e-01 -3.33531085e-01 -3.33531085e-01
 -3.33531085e-01 -3.33531085e-01 -3.33531085e-01 -3.33531085e-01
 -3.33531085e-01 -3.33531085e-01 -3.33531085e-01 -3.33531085e-01
 -5.04474750e-03 -3.33531085e-01 -3.33531085e-01 -3.33531085e-01
  6.30362214e-01  3.31499976e+00  9.73286953e-01 -2.71036280e-01
  2.31892879e+00 -3.33531085e-01 -3.33531085e-01 -3.33531085e-01
 -3.33531085e-01  5.40620641e-01 -3.33531085e-01 -3.33531085e-01
 -3.33531085e-01 -3.33531085e-01 -3.33531085e-01 -3.33531085e-01
 -3.33531085e-01 -3.33531085e-01 -3.33531085e-01 -3.33531085e-01
 -3.33531085e-01 -3.33531085e-01 -1.15201213e-01  1.51440380e-01
 -3.33531085e-01 -3.33531085e-01 -3.33531085e-01 -3.33531085e-01
 -3.33531085e-01  1.49739900e+00 -3.33531085e-01  1.21493717e+00
 -1.07501630e-01 -3.33531085e-01  7.78659897e-01  2.46835060e+00
 -3.33531085e-01 -3.33531085e-01 -3.33531085e-01  2.38649873e+00
 -3.33531085e-01 -3.33531085e-01 -3.33531085e-01 -3.33531085e-01
 -3.33531085e-01 -3.33531085e-01  7.13658806e-02 -3.33531085e-01
 -3.33531085e-01 -3.33531085e-01 -3.33531085e-01 -3.33531085e-01
 -3.33531085e-01 -3.33531085e-01 -3.33531085e-01 -3.33531085e-01
 -3.33531085e-01  1.02759866e+00 -3.33531085e-01 -3.33531085e-01
 -3.33531085e-01 -3.33531085e-01 -3.33531085e-01 -3.33531085e-01
 -3.33531085e-01  8.63573896e-01 -3.33531085e-01 -3.33531085e-01
 -3.33531085e-01 -3.33531085e-01 -3.33531085e-01 -3.33531085e-01
  7.05066502e+00 -3.33531085e-01]",[-0.13026788184617583]
7,"[ 3.72412446 -0.52370118  1.80584717 -0.52370118 -0.52370118 -0.52370118
 -0.52370118 -0.52370118 -0.52370118 -0.52370118 -0.52370118 -0.52370118
 -0.52370118 -0.52370118 -0.52370118 -0.52370118  3.43352036  1.15707342
 -0.52370118 -0.38655631  0.01038275  2.41012938  1.92069458 -0.50859108
  2.83004815 -0.52370118 -0.52370118 -0.52370118 -0.52370118  1.02907716
 -0.52370118 -0.52370118 -0.52370118 -0.52370118 -0.52370118 -0.52370118
 -0.52370118 -0.52370118 -0.52370118 -0.52370118 -0.52370118  1.24276163
 -0.11846884  1.19572659 -0.52370118 -0.52370118 -0.52370118 -0.52370118
 -0.52370118  1.42855998  0.90176084  2.35446521  1.56492248 -0.52370118
 -0.36919187  0.73784036 -0.52370118 -0.52370118 -0.52370118  0.06444046
 -0.52370118 -0.52370118 -0.52370118 -0.52370118 -0.52370118 -0.52370118
 -0.52370118 -0.52370118 -0.52370118 -0.52370118 -0.52370118  1.94460547
  1.86464488 -0.52370118 -0.52370118 -0.52370118  1.39971756  0.01391648
 -0.52370118 -0.52370118 -0.52370118 -0.52370118 -0.52370118  0.84145093
 -0.52370118  1.23026847 -0.52370118 -0.52370118 -0.52370118 -0.52370118
 -0.52370118 -0.52370118  0.84110697 -0.52370118]",[-0.04288828013401058]
7,"[-0.61393208 -0.61393208 -0.24848008 -0.61393208 -0.61393208 -0.61393208
 -0.61393208 -0.61393208  0.20931905  0.96184086 -0.61393208 -0.61393208
 -0.61393208 -0.61393208 -0.61393208 -0.61393208 -0.10632257  1.34644234
 -0.61393208 -0.02463683  1.13160571  2.22908493  2.25609309 -0.312756
  1.11917425 -0.61393208 -0.61393208 -0.61393208 -0.61393208 -0.26821087
 -0.61393208 -0.61393208 -0.61393208  1.38677084 -0.61393208 -0.61393208
 -0.61393208 -0.61393208  1.64270697  0.61150806 -0.61393208  1.15653145
  0.62171243  0.06858235 -0.3809434  -0.12290136 -0.61393208  0.56351971
 -0.61393208  1.61126259  1.57617084  1.25388139  2.12182976 -0.61393208
 -0.28796157  2.44662735  2.86839587 -0.61393208 -0.61393208 -0.61393208
 -0.61393208 -0.61393208 -0.61393208 -0.61393208 -0.61393208 -0.61393208
 -0.61393208  0.01942295 -0.61393208 -0.61393208 -0.61393208  0.68787978
  2.14186899 -0.61393208 -0.61393208 -0.61393208 -0.61393208  2.76127348
 -0.61393208 -0.61393208 -0.61393208 -0.61393208 -0.61393208  0.73612786
 -0.61393208 -0.23899946 -0.61393208 -0.61393208 -0.61393208 -0.61393208
 -0.61393208  0.96184086  3.10779898 -0.61393208]",[0.12441957281197163]
7,"[ 2.71503823  3.52141609  0.68853868 -0.58944541 -0.58944541 -0.58944541
  0.39688214 -0.58944541 -0.58944541 -0.58944541 -0.58944541 -0.58944541
 -0.58944541 -0.58944541 -0.58944541 -0.58944541  2.3127826   0.90694143
 -0.58944541  2.08646168  0.51549006 -0.33458434  0.16434039  3.06895885
  0.53757478 -0.58944541 -0.58944541 -0.58944541 -0.58944541  0.29385615
 -0.58944541 -0.58944541 -0.58944541 -0.58944541 -0.58944541 -0.58944541
 -0.58944541 -0.58944541 -0.58944541  1.79502447 -0.58944541 -0.23662549
 -0.37750702  0.87821809  0.07919248 -0.58944541 -0.58944541 -0.58944541
 -0.58944541  0.39345131  0.16931826  0.75571184  2.07773476 -0.58944541
 -0.58944541  1.6581238  -0.58944541  0.78065755 -0.58944541 -0.58944541
 -0.58944541 -0.58944541 -0.58944541 -0.58944541 -0.58944541 -0.58944541
  0.2351876   2.09339687 -0.58944541 -0.58944541 -0.58944541  1.22081176
  0.06089885  1.45844414 -0.58944541 -0.58944541 -0.58944541  0.05177526
 -0.58944541 -0.58944541 -0.28887278 -0.58944541 -0.58944541  2.17508105
 -0.58944541  1.33728277 -0.58944541 -0.58944541 -0.58944541 -0.58944541
 -0.58944541  2.17572246 -0.58944541 -0.58944541]",[0.028373502381557003]
7,"[ 9.26488401e-01  2.50689607e+00  1.12253021e+00 -7.13901033e-01
 -7.13901033e-01 -7.13901033e-01 -4.55212795e-02 -7.13901033e-01
  1.71470596e-03 -7.13901033e-01 -7.13901033e-01 -7.13901033e-01
 -7.13901033e-01 -7.13901033e-01 -7.13901033e-01 -7.13901033e-01
  1.03568857e+00  3.97661141e-01 -7.13901033e-01  2.56867897e+00
  1.15642580e+00  2.35374760e-01  5.60857435e-01  2.94896155e+00
  1.30819494e+00 -7.13901033e-01 -7.13901033e-01 -7.13901033e-01
 -7.13901033e-01  6.28577059e-01 -7.13901033e-01 -7.13901033e-01
 -7.13901033e-01 -7.13901033e-01 -8.63407805e-02 -7.13901033e-01
 -7.13901033e-01 -7.13901033e-01  2.41917929e+00  6.06574092e-01
 -7.13901033e-01  9.25772249e-02  1.02016175e+00  1.03617510e+00
  2.00514748e+00 -7.13901033e-01 -7.13901033e-01 -7.13901033e-01
 -7.13901033e-01  8.84800176e-01  1.49584413e+00  1.18238086e+00
  1.97829960e+00 -7.13901033e-01 -5.75020149e-01  1.39529018e+00
 -7.13901033e-01  6.55848585e-01 -7.13901033e-01 -5.01874162e-01
 -7.13901033e-01 -7.13901033e-01 -7.13901033e-01 -7.13901033e-01
 -7.13901033e-01 -7.13901033e-01  6.83993684e-01  2.35267430e+00
 -7.13901033e-01 -7.13901033e-01 -7.13901033e-01  9.52817022e-01
  2.61822252e-01 -7.13901033e-01 -7.13901033e-01  6.55848585e-01
 -2.07046865e-01  5.20615502e-01 -7.13901033e-01  1.71470596e-03
 -6.38630474e-01 -7.13901033e-01 -7.13901033e-01  1.01242735e+00
 -7.13901033e-01  1.48260698e+00 -7.13901033e-01 -7.13901033e-01
 -7.13901033e-01 -7.13901033e-01 -7.13901033e-01  1.79633998e+00
 -7.13901033e-01 -7.13901033e-01]",[0.058081771959779815]
7,"[-0.58233648 -0.58233648  1.05333284 -0.58233648 -0.58233648 -0.58233648
 -0.58233648 -0.58233648  0.47533635 -0.58233648 -0.58233648 -0.58233648
 -0.58233648 -0.58233648 -0.58233648 -0.58233648  3.13080479  1.27271895
 -0.58233648 -0.58233648  0.30273285  1.76500207  0.96222603 -0.55474343
  2.63699591 -0.58233648 -0.58233648 -0.58233648 -0.58233648  0.31582229
 -0.58233648 -0.58233648 -0.58233648 -0.58233648 -0.58233648 -0.58233648
 -0.58233648 -0.58233648  2.31688314  0.52845274  1.44213962  2.51665728
 -0.43889546  0.49594949  1.3193113  -0.58233648 -0.58233648 -0.58233648
 -0.58233648  0.76167136  1.68013888  1.6642338   1.67313022 -0.58233648
  0.1483643   1.73547673 -0.58233648 -0.58233648 -0.58233648 -0.49243544
 -0.58233648 -0.58233648 -0.58233648 -0.58233648 -0.58233648 -0.58233648
 -0.58233648 -0.58233648 -0.58233648 -0.58233648 -0.58233648  0.10230929
  2.8387444  -0.58233648 -0.58233648 -0.58233648  0.16678886  1.83867244
 -0.58233648 -0.58233648 -0.47108735 -0.58233648 -0.58233648  1.88634591
 -0.58233648  1.07889565 -0.58233648 -0.58233648 -0.58233648 -0.58233648
 -0.58233648 -0.58233648  1.9528858  -0.58233648]",[0.1656799982221837]
8,"[-0.41471742 -0.41471742 -0.36926789 -0.41471742 -0.41471742 -0.41471742
  0.40106673 -0.41471742  0.95300806 -0.41471742 -0.41471742 -0.41471742
 -0.41471742 -0.41471742 -0.41471742 -0.41471742  2.91422804  0.47062957
 -0.41471742 -0.41471742  0.62020934  3.15346866  0.64412099 -0.39673073
  2.72749947 -0.41471742 -0.41471742 -0.41471742 -0.41471742 -0.38707626
 -0.41471742 -0.41471742 -0.41471742 -0.41471742 -0.41471742 -0.41471742
 -0.41471742 -0.41471742 -0.41471742 -0.41471742 -0.41471742  0.92578053
 -0.41471742  0.10805491 -0.41471742 -0.41471742 -0.41471742 -0.41471742
 -0.41471742  1.5285539  -0.26283863  1.78019451  3.58450041 -0.41471742
  1.22404104  0.32428521 -0.41471742 -0.41471742 -0.41471742 -0.29846225
 -0.41471742 -0.41471742 -0.41471742 -0.41471742 -0.41471742 -0.41471742
 -0.41471742 -0.41471742 -0.41471742 -0.41471742 -0.41471742 -0.41471742
  3.64357647 -0.41471742 -0.41471742 -0.41471742 -0.41471742  0.3885031
 -0.41471742  0.95300806 -0.41471742 -0.41471742 -0.41471742 -0.29462205
 -0.41471742  4.27977048 -0.41471742 -0.41471742 -0.41471742 -0.41471742
 -0.41471742 -0.41471742 -0.41471742 -0.41471742]",[0.03142646236322616]
8,"[-0.42717006 -0.42717006 -0.41684074 -0.42717006 -0.42717006 -0.42717006
 -0.42717006 -0.42717006 -0.42717006 -0.42717006 -0.42717006 -0.42717006
 -0.42717006 -0.42717006 -0.42717006 -0.42717006  2.72116826  1.66398411
 -0.42717006 -0.42717006 -0.32608315  2.81892381  0.01504952 -0.41107177
  1.60771965 -0.42717006 -0.42717006 -0.42717006 -0.42717006 -0.37830265
 -0.42717006 -0.42717006 -0.42717006 -0.42717006 -0.42717006 -0.42717006
 -0.42717006 -0.42717006 -0.42717006 -0.42717006 -0.42717006  2.08432653
 -0.42717006  0.26855642  2.90113078 -0.42717006 -0.42717006 -0.42717006
 -0.42717006  1.57183004  1.95490744  1.16968495  3.32816043 -0.42717006
  0.91162463  0.66024281  0.16511228 -0.42717006 -0.42717006  1.2573977
 -0.42717006 -0.42717006 -0.42717006 -0.42717006 -0.42717006 -0.42717006
 -0.42717006 -0.42717006 -0.42717006 -0.42717006 -0.42717006 -0.42717006
 -0.42717006 -0.42717006 -0.42717006 -0.42717006 -0.42717006  0.55744045
 -0.42717006  1.32363809 -0.42717006 -0.42717006 -0.42717006 -0.37194946
 -0.42717006  4.82525439 -0.42717006 -0.42717006 -0.42717006 -0.42717006
 -0.42717006 -0.42717006 -0.42717006 -0.42717006]",[0.06169811408251863]
8,"[-0.60727192 -0.60727192 -0.07525977 -0.60727192 -0.60727192 -0.60727192
 -0.60727192 -0.60727192  0.64196362 -0.60727192 -0.60727192  0.03402859
 -0.60727192 -0.60727192 -0.60727192  0.5286276   0.99137635  2.36970819
 -0.60727192 -0.60727192 -0.47924584  1.95321223  0.83083185 -0.58819385
  2.62029023 -0.60727192 -0.60727192 -0.60727192 -0.60727192 -0.43934128
 -0.60727192 -0.60727192 -0.60727192  1.39727305 -0.60727192  0.43864416
 -0.60727192  0.79246798  2.94712813  1.90301426  0.43864416  2.64017212
 -0.2837003   0.53536944  0.13281667 -0.60727192 -0.60727192 -0.60727192
 -0.60727192  1.26739565  0.7073485   1.59648201  1.78870454 -0.60727192
  2.28867396 -0.0116501  -0.2534481  -0.60727192 -0.60727192  1.26218263
 -0.60727192 -0.60727192 -0.60727192 -0.60727192 -0.60727192 -0.60727192
 -0.2837003  -0.46762473 -0.60727192 -0.60727192 -0.60727192 -0.60727192
  2.49827546 -0.60727192 -0.60727192 -0.60727192 -0.60727192  2.41332873
 -0.60727192 -0.60727192  0.21617265 -0.60727192 -0.60727192  1.90397596
 -0.60727192  0.35855481 -0.60727192 -0.60727192 -0.60727192 -0.60727192
 -0.60727192 -0.60727192 -0.60727192 -0.60727192]",[-0.08709243176752546]
8,"[-0.33482647 -0.33482647  0.91779468 -0.33482647 -0.33482647 -0.33482647
 -0.33482647 -0.33482647 -0.33482647 -0.33482647 -0.33482647 -0.33482647
 -0.33482647 -0.33482647 -0.33482647 -0.33482647  0.17610105 -0.33482647
 -0.33482647  1.45756859  2.10994517  6.0550277   0.8867889   0.47339293
  2.38671105 -0.33482647 -0.33482647 -0.33482647 -0.33482647  0.08019821
 -0.33482647 -0.33482647 -0.33482647 -0.33482647 -0.33482647 -0.33482647
 -0.33482647 -0.33482647 -0.33482647 -0.33482647 -0.33482647  0.25734267
  4.96109913  0.38361231 -0.33482647 -0.33482647 -0.33482647 -0.33482647
 -0.33482647  0.24612559 -0.33482647  1.35447183 -0.1513237  -0.33482647
  1.61413809 -0.33482647 -0.33482647 -0.33482647 -0.33482647 -0.33482647
 -0.33482647 -0.33482647 -0.33482647 -0.33482647 -0.33482647 -0.33482647
 -0.33482647 -0.33482647 -0.33482647 -0.33482647 -0.33482647 -0.33482647
  2.30212663 -0.33482647 -0.33482647 -0.33482647 -0.33482647 -0.06430937
 -0.33482647 -0.33482647 -0.33482647 -0.33482647 -0.33482647 -0.33482647
 -0.33482647 -0.33482647 -0.33482647 -0.33482647 -0.33482647 -0.33482647
 -0.33482647 -0.33482647 -0.33482647 -0.33482647]",[-0.08711914368617135]
8,"[ 1.31469268 -0.73456388  1.21357498 -0.73456388 -0.73456388 -0.73456388
  0.01665511 -0.73456388  1.97918347 -0.73456388 -0.73456388 -0.73456388
  0.80495301 -0.73456388 -0.73456388 -0.73456388  1.83575971  0.94821751
 -0.73456388 -0.48118467 -0.22076315  2.04412135  1.8714225   1.26093187
  2.02046186 -0.73456388 -0.73456388 -0.73456388 -0.73456388  0.665047
 -0.73456388  0.41579661 -0.73456388 -0.73456388  0.51476572 -0.73456388
 -0.73456388 -0.73456388  1.22010602 -0.31941087 -0.10484363  0.74154345
  0.14950409  1.15795079  0.11676716  0.01665511 -0.73456388 -0.73456388
  0.80495301  0.62833403 -0.0421291   1.25695896  0.44594432 -0.73456388
  0.25486619  0.86768347 -0.34540747  0.20686618 -0.73456388  0.08502053
 -0.73456388 -0.73456388 -0.73456388 -0.73456388 -0.73456388 -0.73456388
 -0.73456388 -0.0527869  -0.73456388 -0.73456388 -0.73456388  0.26580923
  1.32052934 -0.73456388 -0.73456388 -0.73456388  1.26235998  0.24843593
 -0.73456388  0.06974554 -0.03528049 -0.73456388 -0.73456388  2.56718473
  0.41579661  0.37326262 -0.73456388 -0.73456388 -0.73456388  0.6394194
 -0.73456388 -0.73456388  4.83959235 -0.73456388]",[0.10952767522545226]
8,"[-0.58690959 -0.58690959  1.09550037 -0.58690959 -0.58690959 -0.58690959
  0.92214555 -0.58690959  0.28339155 -0.58690959 -0.58690959 -0.58690959
 -0.58690959 -0.58690959 -0.58690959  0.17630225 -0.46363039  0.04964249
 -0.58690959  0.4654111   0.71387809  2.16824464  1.95812965  0.05744567
  3.1507681  -0.58690959 -0.58690959 -0.58690959 -0.58690959  0.53472903
 -0.58690959 -0.58690959 -0.58690959 -0.58690959 -0.58690959 -0.58690959
 -0.58690959 -0.58690959 -0.58690959  0.32709812 -0.58690959  1.58295235
  0.09447774  1.44654799 -0.58690959 -0.58690959 -0.58690959 -0.58690959
 -0.58690959  1.039979   -0.19962433  1.59999395  2.05372898 -0.58690959
  1.85590128 -0.58690959 -0.58690959  1.40806162 -0.58690959  0.55269469
 -0.58690959 -0.58690959 -0.58690959 -0.58690959 -0.58690959 -0.58690959
  2.45634223  0.6420099  -0.58690959 -0.58690959 -0.58690959 -0.58690959
  3.82956063 -0.58690959 -0.58690959 -0.58690959  0.56978022  1.75514074
 -0.58690959  0.28339155 -0.41449787 -0.58690959 -0.58690959  1.28134089
 -0.58690959 -0.58690959 -0.58690959 -0.58690959 -0.58690959 -0.58690959
 -0.58690959 -0.58690959  2.52464711 -0.58690959]",[0.007167220816316822]
8,"[-0.72798891 -0.72798891  0.11300371 -0.72798891 -0.72798891 -0.72798891
 -0.72798891 -0.72798891 -0.72798891 -0.72798891 -0.72798891 -0.72798891
 -0.72798891 -0.72798891 -0.72798891  1.42626761  0.44743098  0.77086796
 -0.72798891 -0.59241727 -0.70225856  0.90385936  0.65107777  0.04135268
  0.89535228  1.5700254   2.16001664 -0.72798891 -0.72798891  0.02690582
 -0.01695714 -0.72798891 -0.72798891 -0.72798891  1.11787452 -0.72798891
 -0.72798891  1.81885612  2.05525595 -0.72798891 -0.72798891 -0.72798891
  1.3767015   0.40609023 -0.72798891  1.25647372 -0.72798891  1.48527886
 -0.72798891  0.41126329  0.12240167  0.54059424  1.47248383 -0.72798891
  0.65260229  0.67760055 -0.72798891 -0.72798891 -0.72798891  0.19654007
 -0.72798891  1.86714508 -0.72798891 -0.72798891 -0.72798891  1.61714043
 -0.72798891 -0.72798891  2.34131402  1.84360145  1.79277976 -0.72798891
  0.83428942 -0.72798891  2.58169959 -0.72798891 -0.72798891  0.09800988
 -0.72798891 -0.72798891 -0.72798891 -0.72798891 -0.72798891 -0.06001747
 -0.72798891 -0.72798891 -0.72798891  1.78941937  1.52564353 -0.72798891
 -0.72798891 -0.72798891  1.79583188 -0.72798891]",[0.32664396479670454]
8,"[-0.45481454 -0.45481454  0.14356074 -0.45481454 -0.45481454 -0.45481454
 -0.45481454 -0.45481454 -0.45481454 -0.45481454 -0.45481454 -0.45481454
 -0.45481454 -0.45481454 -0.45481454 -0.45481454  3.15436466  0.79147837
 -0.45481454  0.08197439  0.87694214  3.68772213  1.290208   -0.13424198
  3.93127831 -0.45481454 -0.45481454 -0.45481454 -0.45481454  1.83506053
 -0.45481454 -0.45481454 -0.45481454 -0.45481454 -0.45481454 -0.45481454
 -0.45481454 -0.45481454 -0.45481454 -0.45481454 -0.45481454  0.25861746
 -0.45481454  0.76582337 -0.45481454 -0.45481454 -0.45481454 -0.45481454
 -0.45481454  1.43763312  0.18192097  2.44984439  0.58876762 -0.45481454
  0.43062462  2.54345604 -0.45481454 -0.45481454 -0.45481454 -0.45481454
 -0.45481454 -0.45481454 -0.45481454 -0.45481454 -0.45481454 -0.45481454
 -0.22372635 -0.12942626 -0.45481454 -0.45481454 -0.45481454  2.45599662
  3.18069074 -0.45481454 -0.45481454 -0.45481454 -0.45481454  1.08469786
 -0.45481454 -0.45481454 -0.45481454 -0.45481454 -0.45481454 -0.30519681
 -0.45481454  1.00413249 -0.45481454 -0.45481454 -0.45481454 -0.45481454
 -0.45481454 -0.45481454 -0.45481454 -0.45481454]",[-0.03767309627544718]
8,"[-0.57152207 -0.57152207  2.01340061 -0.57152207 -0.57152207 -0.57152207
 -0.57152207 -0.57152207 -0.57152207 -0.57152207 -0.57152207 -0.57152207
 -0.57152207 -0.57152207 -0.57152207 -0.57152207 -0.16390502 -0.02667251
 -0.57152207  0.13336681  0.90030545  1.96296257  1.12126817  1.27316599
  2.24743667 -0.57152207 -0.57152207 -0.57152207 -0.57152207  1.69709336
 -0.57152207 -0.57152207 -0.57152207 -0.57152207 -0.57152207 -0.57152207
 -0.57152207 -0.57152207  1.31334775 -0.57152207 -0.57152207  0.9424207
 -0.05633836  0.95650827 -0.57152207 -0.57152207 -0.57152207 -0.57152207
 -0.57152207  1.01266561  0.19209351  1.58059331  2.19323388 -0.57152207
  0.88920018 -0.53035813 -0.57152207  3.48526687 -0.57152207  1.17307873
 -0.57152207 -0.57152207 -0.57152207 -0.57152207 -0.57152207 -0.57152207
  2.99788235  0.33342476 -0.57152207 -0.57152207 -0.57152207 -0.57152207
  2.37269362 -0.57152207 -0.57152207 -0.57152207 -0.57152207  0.40503488
 -0.57152207  0.41321447 -0.57152207 -0.57152207 -0.57152207 -0.3709351
 -0.57152207  0.88573242 -0.57152207 -0.57152207 -0.57152207 -0.57152207
 -0.57152207 -0.57152207  2.8370787   1.82163017]",[0.04015451808607218]
8,"[-4.63798967e-01 -4.63798967e-01  3.84265297e-01 -4.63798967e-01
 -4.63798967e-01 -4.63798967e-01  1.95342986e-01 -4.63798967e-01
 -4.63798967e-01 -4.63798967e-01 -4.63798967e-01  5.05322409e-01
 -4.63798967e-01 -4.63798967e-01 -4.63798967e-01 -4.63798967e-01
  4.88025143e-01  3.44490676e-01 -4.63798967e-01 -1.15661760e-01
  7.09028177e-01  2.45546336e+00  2.37252828e+00 -4.63798967e-01
  2.59813258e+00 -4.63798967e-01 -4.63798967e-01 -4.63798967e-01
 -4.63798967e-01  3.92899106e-01 -4.63798967e-01 -4.63798967e-01
 -4.63798967e-01 -4.63798967e-01 -4.63798967e-01 -4.63798967e-01
 -4.63798967e-01 -4.63798967e-01 -4.63798967e-01 -4.63798967e-01
 -4.63798967e-01 -1.09899578e-03 -4.63798967e-01  4.71090759e-01
 -4.63798967e-01 -4.63798967e-01 -4.63798967e-01 -4.63798967e-01
 -4.63798967e-01  1.41620906e+00  6.12629488e-01  1.56819746e+00
 -1.17507612e-01 -4.63798967e-01  9.29652971e-01  5.33328961e-01
 -4.63798967e-01 -4.63798967e-01 -4.63798967e-01  5.35171751e+00
  2.89418094e+00 -4.63798967e-01 -4.63798967e-01 -4.63798967e-01
 -4.63798967e-01 -4.63798967e-01  5.68358669e-01 -4.63798967e-01
 -4.63798967e-01 -4.63798967e-01 -4.63798967e-01 -4.63798967e-01
 -4.63798967e-01 -4.63798967e-01 -4.63798967e-01 -4.63798967e-01
 -4.63798967e-01  4.70554075e-01 -4.63798967e-01 -4.63798967e-01
 -4.63798967e-01 -4.63798967e-01 -4.63798967e-01  2.62872825e-01
 -4.63798967e-01  1.51855959e+00 -4.63798967e-01 -4.63798967e-01
 -4.63798967e-01  6.41303702e-01 -4.63798967e-01 -4.63798967e-01
  3.62464514e+00 -4.63798967e-01]",[0.02172675452470607]
8,"[ 3.25660922 -0.56658946  1.82477724 -0.56658946 -0.56658946 -0.56658946
 -0.56658946 -0.56658946 -0.56658946 -0.56658946 -0.56658946 -0.56658946
 -0.56658946 -0.56658946 -0.56658946 -0.56658946  2.81216432  0.59954959
 -0.56658946 -0.56658946  0.14972389  2.35205436  2.56072851 -0.56658946
  3.22871338 -0.56658946 -0.56658946 -0.56658946 -0.56658946  0.88417681
 -0.56658946 -0.56658946 -0.56658946 -0.56658946 -0.56658946 -0.56658946
 -0.56658946 -0.56658946 -0.56658946 -0.56658946 -0.56658946  0.98394703
 -0.39849455  0.9595742  -0.2158093  -0.56658946 -0.56658946 -0.56658946
 -0.56658946  0.81863092 -0.10342431  1.58940675  1.38016652  0.591057
 -0.47974592  0.29869588 -0.56658946  0.88417681 -0.56658946  1.93808271
 -0.56658946 -0.56658946 -0.56658946 -0.56658946 -0.56658946 -0.56658946
 -0.56658946 -0.56658946 -0.56658946 -0.56658946 -0.56658946  2.09607575
  2.28696369 -0.56658946 -0.56658946 -0.56658946  0.7690026   0.09009576
 -0.56658946  0.67287062 -0.56658946 -0.56658946 -0.56658946  0.70520622
 -0.56658946  0.49465719 -0.56658946 -0.56658946 -0.56658946  0.67287062
 -0.56658946 -0.56658946  1.99263225 -0.56658946]",[-0.32527008500850163]
8,"[-0.48951251 -0.48951251 -0.43476969 -0.48951251 -0.48951251 -0.48951251
 -0.48951251 -0.48951251 -0.48951251 -0.48951251 -0.48951251 -0.48951251
 -0.48951251 -0.48951251 -0.48951251 -0.48951251 -0.42734662  1.24412152
 -0.48951251 -0.22473442  1.04555907  2.1587261   2.17101521 -0.47845935
  1.89814549 -0.48951251 -0.48951251 -0.48951251 -0.48951251 -0.2837236
 -0.48951251 -0.48951251 -0.48951251  1.11926334  0.24755926 -0.48951251
 -0.48951251 -0.48951251  1.11926334  0.20561363 -0.48951251  1.09789492
 -0.04979242 -0.20902265 -0.48951251  0.01180233 -0.48951251 -0.48951251
 -0.48951251  0.86773044  0.03764958  1.09641788  1.93064894 -0.48951251
 -0.48951251  2.44072124  4.32878613 -0.48951251 -0.48951251 -0.35351099
 -0.48951251 -0.48951251 -0.48951251 -0.48951251 -0.48951251 -0.48951251
 -0.48951251 -0.19958921 -0.48951251 -0.48951251 -0.48951251  0.83956443
  2.49577507 -0.48951251 -0.48951251 -0.48951251  0.10578953  2.57073305
 -0.48951251 -0.48951251 -0.48951251 -0.48951251 -0.48951251  0.12835089
 -0.48951251 -0.48951251 -0.48951251 -0.48951251 -0.48951251 -0.48951251
 -0.48951251 -0.48951251  3.84959299 -0.48951251]",[0.0208649315201333]
8,"[ 0.18905789  3.3712283   0.93568744 -0.56107191 -0.56107191 -0.56107191
  0.33378855 -0.56107191 -0.56107191 -0.56107191 -0.56107191 -0.56107191
 -0.56107191 -0.56107191 -0.56107191 -0.56107191  2.21877039  0.66981241
 -0.56107191  1.57464598  0.19554251 -0.29644555  0.11322652  3.21061144
  0.46090659 -0.56107191 -0.56107191 -0.56107191 -0.56107191  0.26595096
 -0.56107191 -0.56107191 -0.56107191 -0.56107191 -0.56107191 -0.56107191
 -0.56107191 -0.56107191 -0.56107191  1.33354746 -0.56107191 -0.15992009
 -0.22316201  0.66396819  0.60886759 -0.56107191 -0.56107191 -0.56107191
 -0.56107191  0.51260779  0.46710104  0.82336898  2.14403345 -0.56107191
 -0.56107191  1.46949344 -0.56107191  0.99671793 -0.56107191 -0.40603988
 -0.56107191 -0.56107191 -0.56107191 -0.56107191 -0.56107191 -0.56107191
  0.18905789  2.8933242  -0.56107191 -0.56107191 -0.56107191  1.49716773
  0.38479354  1.76735275 -0.56107191 -0.56107191 -0.56107191 -0.50756818
 -0.56107191 -0.56107191 -0.4602959  -0.56107191 -0.56107191 -0.1829494
 -0.56107191  3.00825631 -0.56107191 -0.56107191 -0.56107191 -0.56107191
 -0.56107191  3.04073641 -0.56107191 -0.56107191]",[0.03579061922313742]
8,"[-0.65581926 -0.65581926 -0.15540375 -0.65581926 -0.65581926 -0.65581926
 -0.65581926 -0.65581926 -0.65581926 -0.65581926 -0.65581926  0.0206453
 -0.65581926 -0.65581926 -0.65581926 -0.65581926 -0.49842254  0.54236437
 -0.65581926  0.7737888   0.68658085  1.43642433  0.96797614  2.88802119
  1.78687973 -0.65581926 -0.65581926 -0.65581926 -0.65581926  0.09023884
 -0.65581926 -0.65581926 -0.65581926 -0.65581926  0.9235344  -0.65581926
 -0.65581926 -0.65581926  3.5401986   1.87542904  0.59837975  2.32461763
  0.51912596  0.65244267  0.08682917 -0.65581926 -0.65581926 -0.65581926
 -0.65581926  0.92726134 -0.093459    0.62232065  2.68913772 -0.65581926
 -0.03447406  1.47236812  1.21882893 -0.65581926 -0.65581926 -0.42726963
 -0.65581926 -0.65581926 -0.65581926 -0.65581926 -0.65581926 -0.65581926
  0.162589    2.1180496  -0.65581926 -0.65581926 -0.65581926 -0.65581926
  0.98682871 -0.65581926 -0.65581926  1.63079261  1.25935306  1.35375874
 -0.65581926  0.11556275 -0.27866496 -0.65581926 -0.65581926  2.26028082
 -0.65581926  1.29310496 -0.65581926 -0.15649338 -0.65581926 -0.65581926
 -0.65581926 -0.65581926 -0.10946713 -0.65581926]",[0.0643035410802425]
8,"[-0.41665648 -0.41665648  0.07407268 -0.41665648 -0.41665648 -0.41665648
 -0.41665648 -0.41665648 -0.41665648 -0.41665648 -0.41665648 -0.41665648
 -0.41665648 -0.41665648 -0.41665648 -0.41665648  4.53260251  0.52386824
 -0.41665648 -0.41665648  0.22062467  3.02122103  0.42430712 -0.39430193
  4.00422325 -0.41665648 -0.41665648 -0.41665648 -0.41665648 -0.1634798
 -0.41665648 -0.41665648 -0.41665648 -0.41665648 -0.41665648 -0.41665648
 -0.41665648 -0.41665648 -0.41665648 -0.41665648  0.91422126  0.94315392
 -0.41665648  0.9842754   3.18268844 -0.41665648 -0.41665648 -0.41665648
 -0.41665648  2.45188273  0.9015043   1.44748304  0.02490603 -0.41665648
  0.0075053   1.11711943 -0.41665648 -0.41665648 -0.41665648 -0.41665648
 -0.41665648 -0.41665648 -0.41665648 -0.41665648 -0.41665648 -0.41665648
 -0.41665648 -0.09204802 -0.41665648 -0.41665648 -0.41665648  1.2832055
  3.30398305 -0.41665648 -0.41665648 -0.41665648 -0.41665648 -0.14974218
 -0.41665648 -0.41665648 -0.41665648 -0.41665648 -0.41665648 -0.01061668
 -0.41665648 -0.41665648 -0.41665648 -0.41665648 -0.41665648 -0.41665648
 -0.41665648 -0.41665648  0.19663777 -0.41665648]",[-0.06714993224900351]
9,"[-0.38329095 -0.38329095 -0.3416131  -0.38329095 -0.38329095 -0.38329095
 -0.38329095 -0.38329095 -0.38329095 -0.38329095 -0.38329095 -0.38329095
 -0.38329095 -0.38329095 -0.38329095 -0.38329095  3.95568379  1.00461966
 -0.38329095 -0.38329095  0.34155455  2.96979231  1.0097793  -0.38329095
  1.85638768 -0.38329095 -0.38329095 -0.38329095 -0.38329095 -0.30909658
 -0.38329095 -0.38329095 -0.38329095 -0.38329095 -0.38329095 -0.38329095
 -0.38329095 -0.38329095 -0.38329095 -0.38329095 -0.38329095  0.62002946
 -0.38329095  0.71890902 -0.02833258 -0.38329095 -0.38329095 -0.38329095
 -0.38329095  1.90407399 -0.24401596  2.21222117  3.2017283  -0.38329095
  1.03403456 -0.14492824 -0.38329095 -0.38329095 -0.38329095 -0.38329095
 -0.38329095 -0.38329095 -0.38329095 -0.38329095 -0.38329095 -0.38329095
 -0.38329095 -0.38329095 -0.38329095 -0.38329095 -0.38329095 -0.38329095
  3.95395412 -0.38329095 -0.38329095 -0.38329095 -0.38329095  0.65166593
 -0.38329095 -0.38329095 -0.38329095 -0.38329095 -0.38329095 -0.38329095
 -0.38329095  3.99708319 -0.38329095 -0.38329095 -0.38329095 -0.38329095
 -0.38329095 -0.38329095 -0.38329095 -0.38329095]",[-0.01328815442079101]
9,"[-0.36547195 -0.36547195 -0.29543898 -0.36547195 -0.36547195 -0.36547195
 -0.36547195 -0.36547195 -0.36547195 -0.36547195 -0.36547195 -0.36547195
 -0.36547195 -0.36547195 -0.36547195 -0.36547195  2.51841504  0.87926258
 -0.36547195 -0.19605157 -0.33501296  2.58354028 -0.27880845 -0.36547195
 -0.31150908 -0.36547195 -0.36547195 -0.36547195 -0.36547195 -0.33678672
 -0.36547195 -0.36547195 -0.36547195 -0.36547195 -0.36547195 -0.36547195
 -0.36547195 -0.36547195 -0.36547195 -0.36547195 -0.36547195  2.57613336
 -0.36547195  0.17704692  0.45546284 -0.36547195 -0.36547195 -0.36547195
 -0.36547195  1.24941967  0.26615783  1.25939914  3.71269041 -0.36547195
  1.26345369  0.16093721 -0.36547195 -0.36547195 -0.36547195  0.88771789
 -0.36547195 -0.36547195 -0.36547195 -0.36547195 -0.36547195 -0.36547195
 -0.00848317 -0.36547195 -0.36547195 -0.36547195 -0.36547195 -0.36547195
 -0.36547195 -0.36547195 -0.36547195 -0.36547195 -0.36547195 -0.36547195
 -0.36547195 -0.36547195  1.01919425 -0.36547195 -0.36547195  2.76762413
 -0.36547195  5.93414417 -0.36547195 -0.36547195 -0.36547195 -0.36547195
 -0.36547195 -0.36547195 -0.36547195 -0.36547195]",[-0.06168528733936751]
9,"[-0.69436435  1.04915604 -0.0717457  -0.69436435 -0.69436435 -0.69436435
 -0.69436435  0.14536951  0.67884914 -0.69436435 -0.69436435 -0.69436435
 -0.69436435 -0.69436435 -0.69436435  0.22731971  1.29504634  2.84506998
 -0.69436435 -0.40926497  0.19588848  1.54400817  0.27011053  1.2917994
  2.28889923 -0.69436435 -0.69436435 -0.69436435 -0.69436435 -0.19056361
 -0.69436435 -0.69436435 -0.69436435  1.04915604  0.42000879  0.83043182
 -0.69436435 -0.69436435  2.67804593  1.75404978 -0.69436435  2.76750288
 -0.5970675   0.60440856  1.79132023 -0.02429437 -0.69436435 -0.69436435
 -0.69436435  1.21430088  1.27494318  1.69988152  2.05478663 -0.26645371
  1.95583422 -0.20650547 -0.34724583  0.14536951 -0.69436435  0.9452964
 -0.69436435 -0.69436435 -0.69436435 -0.69436435 -0.69436435 -0.69436435
 -0.37692472  0.31868508 -0.69436435 -0.69436435 -0.69436435  0.02306107
  2.19168301 -0.69436435 -0.69436435 -0.69436435 -0.69436435  1.48450653
 -0.69436435 -0.69436435 -0.49253058 -0.69436435 -0.69436435  1.32450456
 -0.69436435  0.29379129 -0.69436435 -0.69436435 -0.69436435 -0.69436435
 -0.69436435 -0.69436435 -0.25790617 -0.69436435]",[-0.10139640495145885]
9,"[-0.42194561 -0.42194561  0.9295009  -0.42194561 -0.42194561 -0.42194561
 -0.42194561 -0.42194561 -0.42194561 -0.42194561 -0.42194561 -0.42194561
 -0.42194561 -0.42194561 -0.42194561 -0.42194561  0.1912023  -0.42194561
 -0.42194561  1.62276895  1.5101271   5.22960204  1.61307614  0.86572823
  2.66186993 -0.42194561 -0.42194561 -0.42194561 -0.42194561  0.29635674
 -0.42194561 -0.42194561 -0.42194561 -0.42194561 -0.42194561 -0.42194561
 -0.42194561 -0.42194561 -0.42194561 -0.42194561 -0.42194561  0.03711597
  3.94428378  1.08437946 -0.42194561 -0.42194561 -0.42194561 -0.42194561
 -0.42194561  0.81932741 -0.20639141  2.22146152 -0.27969053 -0.42194561
  2.13864072 -0.26369675 -0.42194561 -0.42194561 -0.42194561 -0.42194561
 -0.42194561 -0.42194561 -0.42194561 -0.42194561 -0.42194561 -0.42194561
 -0.42194561 -0.05126107 -0.42194561 -0.42194561 -0.42194561  0.83458445
  2.04873874 -0.42194561 -0.42194561 -0.42194561 -0.42194561  0.35604195
 -0.42194561 -0.42194561 -0.42194561 -0.42194561 -0.42194561 -0.42194561
 -0.42194561  2.35437175 -0.42194561 -0.42194561 -0.42194561 -0.42194561
 -0.42194561 -0.42194561 -0.42194561 -0.42194561]",[-0.03441780451356452]
9,"[-0.58582626 -0.58582626  0.78754852 -0.58582626 -0.58582626 -0.58582626
 -0.58582626 -0.58582626  0.14305243 -0.58582626 -0.58582626 -0.58582626
 -0.58582626 -0.58582626 -0.58582626 -0.58582626 -0.53191579  1.57479281
 -0.58582626 -0.58582626  0.69676845  1.9307214   0.69132155 -0.53054894
  2.41994395 -0.58582626 -0.58582626 -0.58582626 -0.58582626 -0.19765448
 -0.58582626 -0.58582626 -0.58582626  1.4121256  -0.58582626 -0.01516321
 -0.58582626 -0.58582626  1.4121256   0.17965676 -0.58582626  1.77556954
 -0.58582626  0.96564863  1.30260346  0.50817158 -0.58582626 -0.58582626
 -0.58582626  0.98085346  2.30018147  1.33770622  2.5382249  -0.58582626
  1.90100017 -0.49882617  1.20817006 -0.58582626 -0.58582626  2.80244908
 -0.58582626 -0.58582626 -0.58582626 -0.58582626 -0.58582626 -0.58582626
  1.44915363 -0.58582626 -0.58582626 -0.58582626 -0.58582626 -0.58582626
 -0.54425023 -0.58582626 -0.58582626 -0.58582626 -0.58582626  2.22127344
 -0.58582626 -0.58582626  1.12816011 -0.58582626 -0.58582626  3.43417578
 -0.58582626 -0.58582626 -0.58582626  0.14305243 -0.58582626  0.80930978
 -0.58582626 -0.58582626 -0.58582626 -0.58582626]",[0.01892998861881623]
9,"[ 1.26266727 -0.6250362   1.03019993 -0.6250362  -0.6250362  -0.6250362
 -0.6250362  -0.6250362   1.00755906 -0.6250362  -0.6250362  -0.6250362
 -0.6250362  -0.6250362  -0.6250362  -0.6250362   0.08674897  1.33333681
 -0.6250362  -0.43468222  0.71761441  2.25361007  1.978255   -0.60278438
  3.02165597 -0.6250362  -0.6250362  -0.6250362  -0.6250362   0.70973058
 -0.6250362  -0.6250362  -0.6250362  -0.6250362  -0.6250362  -0.6250362
 -0.6250362  -0.6250362   2.69421805  1.20201784  0.0427566   2.65739669
 -0.17880565  1.64824909  0.63015931 -0.6250362  -0.6250362  -0.6250362
 -0.6250362   1.18103844  0.4331395   1.88473354  1.32143101 -0.6250362
  2.3064619   0.15628334 -0.21235161 -0.6250362  -0.6250362   0.83426365
 -0.6250362  -0.6250362  -0.6250362  -0.6250362  -0.6250362  -0.6250362
 -0.6250362  -0.46215784 -0.6250362  -0.6250362  -0.6250362  -0.6250362
  1.22541794 -0.6250362  -0.6250362  -0.6250362   1.39984534  1.25647209
 -0.6250362  -0.6250362  -0.11127051 -0.6250362  -0.6250362   2.36885498
 -0.6250362  -0.6250362  -0.6250362  -0.6250362  -0.6250362   0.59487447
 -0.6250362  -0.6250362   1.64019635 -0.6250362 ]",[-0.18910058495651405]
9,"[-0.49248763 -0.49248763  0.63347465 -0.49248763 -0.49248763 -0.49248763
 -0.49248763 -0.49248763 -0.49248763 -0.49248763 -0.49248763 -0.49248763
 -0.49248763 -0.49248763 -0.49248763 -0.49248763  3.29405123  0.78407743
 -0.49248763  0.01480956  0.65078177  3.06902167  1.44689513  1.08180948
  3.39748684 -0.49248763 -0.49248763 -0.49248763 -0.49248763  1.84334059
 -0.49248763 -0.49248763 -0.49248763 -0.49248763 -0.49248763 -0.49248763
 -0.49248763 -0.49248763 -0.49248763 -0.49248763 -0.49248763 -0.19059286
 -0.49248763  1.07747719 -0.49248763 -0.49248763 -0.49248763 -0.49248763
 -0.49248763  1.35992193  0.15915702  1.9419928   0.66545532 -0.49248763
  2.32985374  2.12875245 -0.49248763 -0.49248763 -0.49248763 -0.49248763
 -0.49248763 -0.49248763 -0.49248763 -0.49248763 -0.49248763 -0.49248763
 -0.31936057  0.91323737 -0.49248763 -0.49248763 -0.49248763  2.2498882
  3.16850878 -0.49248763 -0.49248763 -0.49248763 -0.49248763  1.0515888
 -0.49248763 -0.49248763 -0.49248763 -0.49248763 -0.49248763 -0.43490171
 -0.49248763  1.66492001 -0.49248763 -0.49248763 -0.49248763 -0.49248763
 -0.49248763 -0.49248763 -0.49248763 -0.49248763]",[0.055807094394903445]
9,"[-0.50332671 -0.50332671  0.43009991 -0.50332671 -0.50332671 -0.50332671
 -0.50332671 -0.50332671  0.38095057 -0.50332671 -0.50332671 -0.50332671
 -0.50332671 -0.50332671 -0.50332671 -0.50332671 -0.50332671  0.14344773
 -0.50332671 -0.22475547  1.6138374   2.68128363  2.34370267 -0.45791802
  2.61097626 -0.50332671 -0.50332671 -0.50332671 -0.50332671 -0.15369833
 -0.50332671 -0.50332671 -0.50332671 -0.50332671 -0.50332671 -0.50332671
 -0.50332671 -0.50332671 -0.50332671  1.29723067  0.189003    1.04218002
  0.98381111  1.48945452 -0.50332671  0.32258166 -0.50332671 -0.50332671
 -0.50332671  1.0960832  -0.40513232  0.64046916  0.86632749 -0.50332671
  1.32293564 -0.36583311 -0.50332671 -0.50332671 -0.50332671  3.65164635
  0.53170432 -0.50332671 -0.50332671 -0.50332671 -0.50332671 -0.50332671
  1.15267416 -0.50332671 -0.50332671 -0.50332671 -0.50332671 -0.50332671
 -0.50332671 -0.50332671 -0.50332671 -0.50332671 -0.50332671  2.81864202
 -0.50332671 -0.50332671  1.48711032 -0.50332671 -0.50332671  4.27566878
 -0.50332671 -0.50332671 -0.50332671 -0.50332671 -0.50332671 -0.50332671
 -0.50332671 -0.50332671  0.95175265 -0.50332671]",[-0.056073168699673825]
9,"[-0.53136756 -0.53136756  2.1528128  -0.53136756 -0.53136756 -0.53136756
  0.42026386 -0.53136756 -0.53136756 -0.53136756 -0.53136756 -0.53136756
 -0.53136756 -0.53136756 -0.53136756 -0.53136756 -0.53136756 -0.53136756
 -0.53136756  0.14261702  0.7784914   2.38322662  1.31359857  1.62020031
  2.36080146 -0.53136756 -0.53136756 -0.53136756 -0.53136756  3.06753221
 -0.53136756 -0.53136756 -0.53136756 -0.53136756 -0.53136756 -0.53136756
 -0.53136756 -0.53136756 -0.53136756 -0.53136756 -0.53136756  0.79973771
  0.42026386  1.52485818 -0.53136756 -0.53136756 -0.53136756 -0.53136756
 -0.53136756  1.58754997  0.34579702  2.40988964  2.23068095 -0.53136756
  0.88115573 -0.53136756 -0.53136756  2.34459382 -0.53136756  0.60294544
 -0.53136756 -0.53136756 -0.53136756 -0.53136756 -0.53136756 -0.53136756
  2.76110589 -0.1799089  -0.53136756 -0.53136756 -0.53136756 -0.53136756
  2.67113956 -0.53136756 -0.53136756 -0.53136756 -0.53136756  0.67470805
 -0.53136756 -0.53136756 -0.53136756 -0.53136756 -0.53136756 -0.53136756
 -0.53136756  1.61946239 -0.53136756 -0.53136756 -0.53136756 -0.53136756
 -0.53136756 -0.53136756  1.73083786 -0.53136756]",[0.008315079289376914]
9,"[-0.44207221 -0.44207221  0.11930441 -0.44207221 -0.44207221 -0.44207221
 -0.44207221 -0.44207221  0.795577   -0.44207221 -0.44207221 -0.44207221
 -0.44207221 -0.44207221 -0.44207221 -0.44207221  0.17831305  0.35907467
 -0.44207221 -0.44207221  0.92006676  3.06058551  2.36944621 -0.44207221
  2.83431845 -0.44207221 -0.44207221 -0.44207221 -0.44207221  1.94514741
 -0.44207221 -0.44207221 -0.44207221 -0.44207221 -0.44207221 -0.44207221
 -0.44207221 -0.44207221 -0.44207221 -0.44207221 -0.44207221 -0.14938065
 -0.13079241  0.43753795  0.74947521 -0.44207221 -0.44207221 -0.44207221
 -0.44207221  1.60758843 -0.30463771  1.18667978 -0.44207221 -0.44207221
  0.81481062  1.57023608 -0.44207221 -0.44207221 -0.44207221  3.36304196
 -0.44207221 -0.44207221 -0.44207221 -0.44207221 -0.44207221 -0.44207221
  0.10555113 -0.44207221 -0.44207221 -0.44207221 -0.44207221 -0.44207221
 -0.44207221 -0.44207221 -0.44207221 -0.44207221 -0.44207221  1.21438977
 -0.44207221 -0.44207221 -0.44207221 -0.44207221 -0.44207221 -0.14643949
 -0.44207221  0.31592651 -0.44207221 -0.44207221 -0.44207221  2.12921774
 -0.44207221 -0.44207221  5.15794426 -0.44207221]",[-0.012510952773710837]
9,"[ 1.50173993 -0.89185954  0.76874627 -0.89185954 -0.89185954 -0.89185954
 -0.89185954  1.34483517  0.02849771 -0.89185954 -0.89185954  0.29053321
 -0.89185954 -0.89185954 -0.89185954 -0.89185954  1.64010634  0.90243983
 -0.89185954  0.7009842  -0.53440591  1.23810445  1.36944651 -0.02763828
  1.76769327  1.45306903 -0.89185954 -0.89185954 -0.89185954  0.26367574
 -0.89185954 -0.89185954 -0.89185954 -0.89185954 -0.08475092 -0.89185954
 -0.89185954 -0.89185954  1.34483517  0.23506069 -0.89185954  0.48522837
 -0.12195695  0.60896782  0.12267994  0.35309541 -0.89185954  0.86978281
  1.34483517  0.37996631 -0.48229925  0.86714289  0.91944103 -0.89185954
  0.04280047  0.86978281  0.68036558  0.86978281 -0.89185954  1.30443676
 -0.89185954 -0.89185954 -0.89185954  0.86978281 -0.89185954 -0.89185954
 -0.89185954 -0.57438762 -0.89185954  2.33657493  1.17714223  1.81361369
  1.73398126 -0.89185954  1.34483517 -0.89185954  0.64883019  0.26672765
 -0.89185954 -0.89185954 -0.89185954 -0.89185954 -0.89185954  0.21122804
 -0.89185954  1.07078436  1.42746846  0.68036558 -0.89185954  0.86978281
 -0.89185954 -0.89185954  2.93992537 -0.89185954]",[0.31018059922304053]
9,"[-0.46864758 -0.46864758 -0.33146467 -0.46864758 -0.46864758 -0.46864758
 -0.46864758 -0.46864758 -0.46864758 -0.46864758 -0.46864758 -0.46864758
 -0.46864758 -0.46864758 -0.46864758 -0.46864758 -0.40814505  1.351866
 -0.46864758 -0.14357892  1.34562279  2.52467954  2.40535014 -0.42664209
  1.45562801 -0.46864758 -0.46864758 -0.46864758 -0.46864758 -0.16595305
 -0.46864758 -0.46864758  1.09708249 -0.46864758 -0.46864758 -0.46864758
 -0.46864758 -0.46864758 -0.46864758  0.74898247 -0.46864758  1.68005834
  0.07415658 -0.08950718 -0.46864758 -0.46864758 -0.46864758 -0.46864758
 -0.46864758  1.62215227 -0.05108317  1.31629454  1.51930426 -0.46864758
 -0.4113336   0.94705598  5.08905145 -0.46864758 -0.46864758 -0.22628441
 -0.46864758 -0.46864758 -0.46864758 -0.46864758 -0.46864758 -0.46864758
 -0.35771027 -0.31244012 -0.46864758 -0.46864758 -0.46864758  0.92873035
  3.27436941 -0.46864758 -0.46864758 -0.46864758 -0.46864758  2.42145039
 -0.46864758 -0.46864758 -0.46864758 -0.46864758 -0.46864758  0.37069719
 -0.46864758 -0.09610452 -0.46864758 -0.46864758 -0.46864758 -0.46864758
 -0.46864758 -0.46864758  2.3725121  -0.46864758]",[0.008715702405943826]
9,"[ 6.19388614e-01  4.07176636e+00  6.16191394e-01 -5.25281291e-01
 -5.25281291e-01 -5.25281291e-01  5.80183176e-02 -5.25281291e-01
 -5.25281291e-01 -5.25281291e-01 -5.25281291e-01 -5.25281291e-01
 -5.25281291e-01 -5.25281291e-01 -5.25281291e-01 -5.25281291e-01
  1.93351043e+00  6.04230231e-01 -5.25281291e-01  1.13788149e+00
  2.85581153e-01 -2.74994621e-01 -2.39445479e-03  3.70121264e+00
  1.78496442e-01 -5.25281291e-01 -5.25281291e-01 -5.25281291e-01
 -5.25281291e-01  3.18871308e-01 -5.25281291e-01 -5.25281291e-01
 -5.25281291e-01 -5.25281291e-01 -5.25281291e-01 -5.25281291e-01
 -5.25281291e-01 -5.25281291e-01 -5.25281291e-01  1.51949460e+00
 -5.25281291e-01 -2.94006661e-01 -3.92652635e-01  5.15654159e-01
  3.64861865e-01 -5.25281291e-01 -5.25281291e-01 -5.25281291e-01
 -5.25281291e-01  6.06978939e-01  7.58571500e-01  8.00850418e-01
  1.85493707e+00 -5.25281291e-01 -5.25281291e-01  1.83112516e+00
 -5.25281291e-01 -5.25281291e-01 -5.25281291e-01 -5.25281291e-01
 -5.25281291e-01 -5.25281291e-01 -5.25281291e-01 -5.25281291e-01
 -5.25281291e-01 -5.25281291e-01  4.31736068e-01  2.82283250e+00
 -5.25281291e-01 -5.25281291e-01 -5.25281291e-01  1.89650672e+00
  4.05856388e-01  1.34659293e+00 -5.25281291e-01 -5.25281291e-01
 -5.25281291e-01 -3.71722905e-01 -5.25281291e-01 -5.25281291e-01
 -5.25281291e-01 -5.25281291e-01 -5.25281291e-01 -2.27130843e-01
 -5.25281291e-01  2.54402833e+00 -5.25281291e-01 -5.25281291e-01
 -5.25281291e-01 -5.25281291e-01 -5.25281291e-01  2.90516714e+00
 -5.25281291e-01 -5.25281291e-01]",[-0.00010484813743993904]
9,"[-0.59151572 -0.59151572 -0.1686035  -0.59151572 -0.59151572 -0.59151572
 -0.59151572 -0.59151572 -0.59151572 -0.59151572 -0.59151572 -0.59151572
 -0.59151572 -0.59151572 -0.59151572  0.12421031 -0.18241036  0.06752397
 -0.59151572  0.03420786  0.13360967  1.47060995  0.79070843  2.52394
  1.51624008 -0.59151572 -0.59151572 -0.59151572 -0.59151572 -0.11535573
  0.36377635 -0.59151572 -0.59151572 -0.59151572  0.45700396 -0.59151572
 -0.59151572 -0.59151572  3.50853307  0.52445884 -0.59151572  1.16368148
  0.53427346  0.49488003  1.20164933 -0.59151572 -0.59151572 -0.59151572
 -0.59151572  0.52966498  0.64490962  0.53881424  2.26906416 -0.59151572
 -0.34554461  0.71694042  4.13690253 -0.59151572 -0.59151572 -0.52214366
 -0.59151572 -0.59151572 -0.59151572 -0.59151572 -0.59151572 -0.59151572
  1.00276886  2.81814955 -0.59151572 -0.59151572 -0.59151572 -0.59151572
  1.13634337 -0.59151572 -0.59151572 -0.59151572  0.88004019  1.2351089
 -0.59151572  0.22463669 -0.0999075  -0.59151572 -0.59151572  2.47426497
 -0.59151572  1.82166898 -0.59151572 -0.59151572 -0.59151572 -0.59151572
 -0.59151572 -0.59151572 -0.18822288 -0.59151572]",[-0.12019302293230516]
9,"[-0.48380641 -0.48380641  0.45804698 -0.48380641 -0.48380641 -0.48380641
 -0.48380641 -0.48380641 -0.48380641 -0.48380641 -0.48380641 -0.48380641
 -0.48380641 -0.48380641 -0.48380641 -0.48380641  3.39030892  0.86902212
 -0.48380641 -0.18188946  0.29802525  2.66788537  0.8226684  -0.48380641
  3.40624287 -0.48380641 -0.48380641 -0.48380641 -0.48380641  0.25077244
 -0.48380641 -0.48380641 -0.48380641 -0.48380641 -0.48380641 -0.48380641
 -0.48380641 -0.48380641  2.10562289 -0.48380641 -0.48380641  2.2628588
 -0.48380641  1.07934572  0.81862996 -0.48380641 -0.48380641 -0.48380641
 -0.48380641  1.5704042   0.73432186  2.32458144  1.534308   -0.48380641
  0.05185298  1.001545   -0.48380641 -0.48380641 -0.48380641 -0.48380641
 -0.48380641 -0.48380641 -0.48380641 -0.48380641 -0.48380641 -0.48380641
 -0.48380641 -0.01715602 -0.48380641 -0.48380641 -0.48380641 -0.48380641
  3.4703325  -0.48380641 -0.48380641 -0.48380641 -0.48380641  0.45110686
 -0.48380641 -0.48380641 -0.48380641 -0.48380641 -0.48380641 -0.42278024
 -0.48380641  2.65573979 -0.48380641 -0.48380641 -0.48380641 -0.48380641
 -0.48380641 -0.48380641  1.78084573 -0.48380641]",[-0.011634423757413859]
10,"[-0.42715724 -0.42715724 -0.29374122 -0.42715724 -0.42715724 -0.42715724
 -0.42715724 -0.42715724 -0.42715724 -0.42715724 -0.42715724 -0.42715724
 -0.42715724 -0.42715724 -0.42715724 -0.42715724  2.39772729  0.89666709
 -0.42715724 -0.42715724 -0.2044265   2.58353183 -0.06882342 -0.42715724
  0.80581707 -0.42715724 -0.42715724 -0.42715724 -0.42715724 -0.3055765
 -0.42715724 -0.42715724 -0.42715724 -0.42715724 -0.42715724  0.40617082
 -0.42715724 -0.42715724 -0.42715724 -0.42715724 -0.42715724  2.23935203
 -0.42715724  0.63721001  3.54598764 -0.42715724 -0.42715724 -0.42715724
 -0.42715724  1.67864091  0.44490204  2.0478412   3.71986191 -0.42715724
  1.95956791  0.14793638 -0.42715724 -0.42715724 -0.42715724  1.71606463
 -0.42715724 -0.42715724 -0.42715724 -0.42715724 -0.42715724 -0.42715724
  0.04379394 -0.42715724 -0.42715724 -0.42715724 -0.42715724 -0.42715724
 -0.42715724 -0.42715724 -0.42715724 -0.42715724 -0.42715724  0.30840609
 -0.42715724  0.63721001 -0.31520397 -0.42715724 -0.42715724 -0.10265955
 -0.42715724  4.54759177 -0.42715724 -0.42715724 -0.42715724 -0.42715724
 -0.42715724 -0.42715724 -0.42715724 -0.42715724]",[-0.010330140786699582]
10,"[-0.22056626 -0.79576075  0.07177395 -0.79576075 -0.79576075 -0.79576075
 -0.79576075 -0.79576075  0.25499316  1.38201503 -0.79576075 -0.79576075
  1.38201503 -0.79576075 -0.79576075 -0.15149394  1.05136557  1.06796736
 -0.79576075 -0.39880942  0.33572605  1.7886322   0.53164919  1.72478978
  2.55081425 -0.79576075 -0.79576075 -0.79576075 -0.79576075 -0.22056626
 -0.79576075 -0.79576075 -0.79576075 -0.79576075  1.65225408  0.25499316
 -0.79576075 -0.79576075  2.44456887  1.55039725 -0.22056626  1.82922508
 -0.35756664  0.3507313   1.50509336 -0.35756664  0.61045357 -0.79576075
 -0.79576075  0.70169884  0.68506957  1.27574797  1.02356715 -0.79576075
  2.17302974  0.52081776  0.25499316 -0.79576075 -0.79576075  1.07965571
 -0.79576075 -0.79576075 -0.79576075 -0.79576075 -0.79576075 -0.79576075
 -0.26277418  0.54978589 -0.79576075 -0.79576075 -0.79576075 -0.06109429
  2.58201977 -0.79576075 -0.79576075 -0.79576075 -0.2754134   2.19072421
 -0.79576075 -0.79576075 -0.3934181  -0.79576075 -0.79576075  1.58224995
  0.25499316  0.47237301 -0.06109429 -0.32020133 -0.79576075 -0.79576075
 -0.79576075  0.61045357  1.60948802 -0.79576075]",[-0.004417378566183849]
10,"[-0.45636341 -0.45636341  2.17244737 -0.45636341 -0.45636341 -0.45636341
 -0.45636341 -0.45636341 -0.45636341 -0.45636341 -0.45636341 -0.45636341
 -0.45636341 -0.45636341 -0.45636341 -0.45636341  1.03920559 -0.18542407
 -0.45636341  1.50561324  0.23206515  3.09136355  1.28481864  0.2777675
  2.17134911 -0.45636341 -0.45636341 -0.45636341 -0.45636341  0.14505243
 -0.45636341 -0.45636341 -0.45636341 -0.45636341 -0.45636341 -0.45636341
 -0.45636341 -0.45636341 -0.45636341 -0.45636341 -0.45636341  0.40600701
  4.72251562  0.42350467 -0.45636341 -0.45636341 -0.45636341 -0.45636341
 -0.45636341  0.42397577  0.32010632  1.27346809 -0.14862752 -0.45636341
  0.76887355 -0.33235849 -0.45636341 -0.45636341 -0.45636341 -0.32707191
  1.32405285 -0.45636341 -0.45636341 -0.45636341 -0.45636341 -0.45636341
 -0.45636341  0.4335035  -0.45636341 -0.45636341 -0.45636341  1.06473266
  2.96235551 -0.45636341 -0.45636341 -0.45636341  1.85574845 -0.29203289
 -0.45636341 -0.45636341 -0.45636341 -0.45636341 -0.45636341 -0.38774668
 -0.45636341  3.89472035 -0.45636341 -0.45636341 -0.45636341 -0.45636341
 -0.45636341 -0.45636341 -0.45636341 -0.45636341]",[-0.2508233021965848]
10,"[-0.56689627 -0.56689627  0.51236114 -0.56689627 -0.56689627 -0.56689627
 -0.56689627 -0.56689627  0.17858831 -0.56689627 -0.56689627 -0.56689627
 -0.56689627 -0.56689627 -0.56689627  0.59106102 -0.56689627  0.65162909
 -0.56689627 -0.56689627  0.86002487  2.19874302  0.5293092  -0.56689627
  1.59581781 -0.56689627 -0.56689627 -0.56689627 -0.56689627 -0.36232734
 -0.56689627 -0.56689627 -0.56689627  0.86002487 -0.56689627 -0.56689627
 -0.56689627 -0.56689627  1.2448148   0.04965337 -0.56689627  1.5626999
 -0.56689627  0.40063808  1.35461419 -0.56689627 -0.56689627 -0.56689627
 -0.56689627  1.31558685  2.55625674  1.41928637  2.74153907 -0.12224965
  1.38128153 -0.45098313  2.93465839 -0.56689627 -0.56689627  2.75757014
 -0.56689627 -0.56689627 -0.56689627 -0.56689627 -0.56689627 -0.56689627
  1.29990707 -0.56689627 -0.56689627 -0.56689627 -0.56689627 -0.56689627
 -0.52437302 -0.56689627 -0.56689627 -0.56689627 -0.56689627  1.54483737
 -0.56689627 -0.56689627  1.00173503 -0.56689627 -0.56689627  3.32070783
 -0.56689627  2.24583621 -0.56689627 -0.08433414 -0.56689627 -0.56689627
 -0.56689627 -0.56689627 -0.41734601 -0.56689627]",[0.0564333433338533]
10,"[ 0.64484228 -0.81413679  0.18755194 -0.81413679 -0.81413679 -0.81413679
 -0.81413679 -0.81413679  0.3562378   0.75216479 -0.81413679 -0.81413679
  1.87107982 -0.81413679 -0.81413679  0.23714563  1.19826361  0.56425129
 -0.81413679 -0.14763911  0.24843838  2.14466272  1.81697619  1.88741634
  1.91379105 -0.81413679 -0.81413679 -0.81413679 -0.81413679  0.09556241
 -0.81413679 -0.81413679 -0.81413679  1.17454068  1.93236209 -0.81413679
 -0.81413679 -0.81413679  2.13234984  1.05033872 -0.81413679  1.46429334
 -0.60832632  1.00568377  0.24268124 -0.04984801 -0.81413679 -0.81413679
 -0.81413679  1.08083634  0.03808849  1.41379951  0.69864272 -0.81413679
  1.78957227  0.7489644  -0.1734606  -0.81413679 -0.81413679  2.2627821
 -0.48046626 -0.81413679 -0.81413679 -0.81413679 -0.81413679 -0.81413679
 -0.1734606   0.42594123 -0.81413679 -0.81413679  0.06763331  0.00416609
  2.5210591  -0.81413679 -0.81413679 -0.81413679  1.12852176  0.86996477
 -0.81413679 -0.81413679 -0.4659097  -0.81413679 -0.81413679  1.09174665
  0.75216479  0.94802346 -0.81413679 -0.28443839 -0.81413679  0.3562378
 -0.81413679 -0.81413679  1.52919931 -0.81413679]",[0.21293420664493168]
10,"[-7.39410441e-01  9.79475556e-01  1.30832527e+00 -7.39410441e-01
 -7.39410441e-01 -7.39410441e-01 -7.39410441e-01 -7.39410441e-01
  7.30024240e-01 -7.39410441e-01 -7.39410441e-01 -7.39410441e-01
 -7.39410441e-01 -7.39410441e-01 -7.39410441e-01 -7.39410441e-01
  1.44494678e+00  1.37416541e+00 -7.39410441e-01 -2.71544541e-01
  2.39191642e-01  1.75642633e+00  1.70298492e+00  1.91168370e+00
  2.06233527e+00 -7.39410441e-01 -7.39410441e-01 -7.39410441e-01
 -7.39410441e-01  9.23731531e-01  8.84587262e-02 -7.39410441e-01
 -7.39410441e-01 -7.39410441e-01 -7.39410441e-01 -7.39410441e-01
 -7.39410441e-01 -7.39410441e-01  2.77038047e+00  1.26620758e-01
  8.84587262e-02  1.24169413e+00 -1.47745077e-01  1.73403370e+00
  2.19775914e-01  4.86990168e-01 -7.39410441e-01  1.70564853e+00
 -7.39410441e-01  5.29846258e-01  8.88215577e-01  8.91798023e-01
  6.70718164e-01 -7.39410441e-01  1.89226564e+00  4.56195704e-01
  7.63841720e-01 -7.39410441e-01 -7.39410441e-01 -3.44908299e-01
 -7.39410441e-01 -7.39410441e-01 -7.39410441e-01 -7.39410441e-01
 -7.39410441e-01 -7.39410441e-01 -5.61520998e-01  4.17174399e-01
 -7.39410441e-01 -7.39410441e-01 -7.39410441e-01  2.03935710e+00
  1.57183880e+00 -7.39410441e-01 -7.39410441e-01 -7.39410441e-01
  6.14400770e-01  1.95174466e+00 -7.39410441e-01  4.68834805e-01
  1.94140285e-01 -7.39410441e-01 -7.39410441e-01  2.08295059e+00
 -7.39410441e-01 -1.92279808e-03 -7.39410441e-01 -7.39410441e-01
 -7.39410441e-01  2.18772080e+00 -7.39410441e-01 -7.39410441e-01
 -7.39410441e-01 -7.39410441e-01]",[0.05178177861441291]
10,"[-0.55939988 -0.55939988  0.27923682 -0.55939988 -0.55939988 -0.55939988
 -0.55939988 -0.55939988  1.23797163 -0.55939988 -0.55939988 -0.55939988
 -0.55939988 -0.55939988 -0.55939988 -0.55939988 -0.44436182  0.45069034
 -0.55939988 -0.37815487  1.06790117  2.33274805  2.22648389 -0.55939988
  2.55319057 -0.55939988 -0.55939988 -0.55939988 -0.55939988  0.11866466
 -0.55939988 -0.55939988 -0.55939988  0.99507108 -0.55939988 -0.55939988
 -0.55939988 -0.55939988  2.1055347   2.42655864 -0.55939988  2.06391649
 -0.35514394  1.64446627 -0.43434723 -0.55939988 -0.55939988 -0.55939988
 -0.55939988  1.45109643  0.54308402  0.94848068  1.36172437 -0.55939988
  2.00102194 -0.43312547 -0.16646341 -0.55939988 -0.55939988  3.34171001
  0.63718448 -0.55939988 -0.55939988 -0.55939988 -0.55939988 -0.55939988
  1.36683043 -0.55939988 -0.55939988 -0.55939988 -0.55939988 -0.55939988
 -0.42931214 -0.55939988 -0.55939988 -0.55939988 -0.55939988  2.91046616
 -0.55939988 -0.55939988  0.08211873 -0.55939988 -0.55939988  2.1189872
 -0.55939988  0.28739701 -0.55939988 -0.55939988 -0.55939988 -0.55939988
 -0.55939988 -0.55939988  0.21176553 -0.55939988]",[-0.1807635475798014]
10,"[-0.52305248 -0.52305248  2.04464738 -0.52305248 -0.52305248 -0.52305248
 -0.52305248 -0.52305248 -0.52305248 -0.52305248 -0.52305248 -0.52305248
 -0.52305248 -0.52305248 -0.52305248  0.44408291 -0.01707963 -0.52305248
 -0.52305248  0.32246577  0.86550105  1.81754551  1.35801416  1.92591292
  2.54782266 -0.52305248 -0.52305248 -0.52305248 -0.52305248  1.93725805
 -0.52305248 -0.52305248 -0.52305248 -0.52305248 -0.52305248 -0.52305248
 -0.52305248 -0.52305248 -0.52305248 -0.52305248 -0.52305248 -0.0613007
  1.52650213  0.90377044 -0.35323464 -0.52305248 -0.52305248 -0.52305248
 -0.52305248  1.44634717 -0.11094067  1.66508274  1.70983823 -0.52305248
  0.05002682 -0.47695165 -0.52305248  3.44796796 -0.52305248  0.48278473
 -0.52305248 -0.52305248 -0.52305248 -0.52305248 -0.52305248 -0.52305248
  3.08779651  0.32539823 -0.52305248 -0.52305248 -0.52305248 -0.52305248
  2.96839418 -0.52305248 -0.52305248 -0.52305248 -0.52305248  0.49369178
 -0.52305248 -0.52305248 -0.52305248 -0.52305248 -0.52305248 -0.52305248
 -0.52305248  1.45524369 -0.52305248 -0.52305248 -0.52305248 -0.52305248
 -0.52305248 -0.52305248  2.71487578 -0.52305248]",[0.018515063843562496]
10,"[-4.54583165e-01 -4.54583165e-01  3.93133583e-01 -4.54583165e-01
 -4.54583165e-01 -4.54583165e-01 -4.54583165e-01 -4.54583165e-01
 -4.54583165e-01 -4.54583165e-01 -4.54583165e-01 -4.54583165e-01
 -4.54583165e-01 -4.54583165e-01 -4.54583165e-01 -4.54583165e-01
  3.91998984e-01  3.86420246e-01 -4.54583165e-01 -2.99506075e-01
  6.99733664e-01  2.94546588e+00  2.64388532e+00 -3.87866609e-01
  2.92725380e+00 -4.54583165e-01 -4.54583165e-01 -4.54583165e-01
 -4.54583165e-01  1.19846129e+00 -4.54583165e-01 -4.54583165e-01
 -4.54583165e-01 -4.54583165e-01 -4.54583165e-01 -4.54583165e-01
 -4.54583165e-01 -4.54583165e-01  2.03223760e+00 -4.54583165e-01
 -4.54583165e-01  8.93931946e-02 -4.54583165e-01  3.05599844e-01
  6.54924727e-01 -4.54583165e-01 -4.54583165e-01 -4.54583165e-01
 -4.54583165e-01  1.29230431e+00  3.09137937e-02  9.98578095e-01
 -3.59370950e-01 -4.54583165e-01  1.16384576e+00  6.23523059e-01
 -4.54583165e-01 -4.54583165e-01 -4.54583165e-01  4.73007343e+00
 -4.54583165e-01 -4.54583165e-01 -4.54583165e-01 -4.54583165e-01
 -4.54583165e-01 -4.54583165e-01  3.63487194e-03 -4.54583165e-01
 -4.54583165e-01 -4.54583165e-01 -4.54583165e-01 -4.54583165e-01
 -3.80474159e-01 -4.54583165e-01 -4.54583165e-01 -4.54583165e-01
 -4.54583165e-01  6.94743001e-01 -4.54583165e-01 -4.54583165e-01
 -3.17927249e-01 -4.54583165e-01 -4.54583165e-01 -3.40502907e-01
 -4.54583165e-01  1.40362337e+00 -4.54583165e-01 -4.54583165e-01
 -4.54583165e-01  2.24462678e+00 -4.54583165e-01 -4.54583165e-01
  3.77917907e+00 -4.54583165e-01]",[-0.022434687230159234]
10,"[-0.70951266  0.92825652  0.0207095  -0.70951266 -0.70951266 -0.70951266
 -0.70951266 -0.70951266  0.14612795 -0.70951266 -0.70951266 -0.70951266
  1.97593525 -0.70951266 -0.70951266  0.0408426   0.94610604  0.59471021
 -0.70951266 -0.19338962 -0.31178499  2.55746463  2.32129561  1.57907808
  1.35303956 -0.70951266 -0.70951266 -0.70951266 -0.70951266 -0.17739228
 -0.70951266  0.51426407 -0.70951266 -0.70951266  1.71880001 -0.03960354
 -0.70951266 -0.70951266  0.92825652  1.07953433  0.29199966  2.5660257
 -0.70951266  0.82588331  0.15642985  0.29199966 -0.70951266 -0.70951266
 -0.70951266  1.10619998  0.09315546  1.32115188  2.29028492 -0.70951266
 -0.26488715  1.76110725  0.14612795 -0.70951266 -0.70951266  0.46796348
 -0.70951266 -0.70951266 -0.70951266 -0.70951266 -0.70951266 -0.70951266
 -0.33091688 -0.30396288 -0.70951266 -0.70951266 -0.70951266 -0.15564506
  0.53502563 -0.70951266 -0.70951266 -0.70951266 -0.1034821   2.24643386
 -0.70951266  0.14612795  0.06602528 -0.70951266  1.36990468  3.55010063
 -0.70951266  0.02310127 -0.70951266 -0.70951266 -0.70951266 -0.70951266
 -0.70951266 -0.70951266  1.39722844 -0.70951266]",[0.2582749205043746]
10,"[ 4.59365501 -0.58167894  1.54647335 -0.58167894 -0.58167894 -0.58167894
 -0.05115327 -0.58167894 -0.58167894 -0.58167894 -0.58167894 -0.58167894
 -0.58167894 -0.58167894 -0.58167894 -0.58167894  2.56348249  1.58834856
 -0.58167894 -0.58167894  0.13497774  1.98540007  1.63176016 -0.58167894
  2.29736225 -0.58167894 -0.58167894 -0.58167894 -0.58167894  0.98038058
 -0.58167894 -0.58167894 -0.58167894 -0.58167894 -0.58167894  0.11471436
 -0.58167894 -0.58167894 -0.58167894 -0.58167894 -0.58167894  1.5440796
  0.00854613  1.24874045 -0.23117961 -0.58167894 -0.58167894 -0.58167894
 -0.58167894  1.32879764 -0.58167894  1.8920117   1.75228595 -0.58167894
 -0.02424319  0.72159679 -0.58167894  0.45942715 -0.58167894  0.22955487
 -0.58167894 -0.58167894 -0.58167894 -0.58167894 -0.58167894 -0.58167894
 -0.58167894 -0.58167894 -0.58167894 -0.58167894 -0.58167894  1.53637381
  1.74062941  1.12083777 -0.58167894 -0.58167894  1.62667373  0.63706958
 -0.58167894 -0.58167894 -0.58167894 -0.58167894 -0.58167894  0.27149421
 -0.58167894  0.81536174 -0.58167894 -0.58167894 -0.58167894  0.93777791
 -0.58167894 -0.58167894  1.64453643 -0.58167894]",[0.009119892010703623]
10,"[-0.45993187 -0.45993187 -0.38777228 -0.45993187 -0.45993187 -0.45993187
 -0.45993187 -0.45993187 -0.45993187 -0.45993187 -0.45993187 -0.45993187
 -0.45993187 -0.45993187 -0.45993187 -0.45993187 -0.39372766  1.23692497
 -0.45993187 -0.35309229  1.3111261   2.26806737  2.19311744 -0.36038243
  1.86594623 -0.45993187 -0.45993187 -0.45993187 -0.45993187 -0.26825876
 -0.45993187 -0.45993187 -0.45993187 -0.45993187  0.32502045 -0.45993187
 -0.45993187 -0.45993187 -0.45993187  1.57950532 -0.45993187  1.54379961
 -0.45993187  0.28867523 -0.45993187 -0.45993187 -0.45993187 -0.45993187
 -0.45993187  1.15691166  0.05113761  1.10795127  2.80980579 -0.45993187
 -0.45993187  1.78833329  4.93959137 -0.45993187 -0.45993187 -0.38385002
 -0.45993187 -0.45993187 -0.45993187 -0.45993187 -0.45993187 -0.45993187
 -0.45993187 -0.03568317 -0.45993187 -0.45993187 -0.45993187  0.43516024
  2.74120208 -0.45993187 -0.45993187 -0.45993187 -0.45993187  2.27785849
 -0.45993187 -0.45993187 -0.45993187 -0.45993187 -0.45993187 -0.05771973
 -0.45993187 -0.45993187 -0.45993187  0.11947322 -0.45993187 -0.45993187
 -0.45993187 -0.45993187  2.55638219 -0.45993187]",[-0.15840922470138313]
10,"[ 1.32783836  4.23695354  0.48258958 -0.52538614 -0.52538614 -0.52538614
  0.09458201 -0.52538614 -0.52538614 -0.52538614 -0.52538614 -0.52538614
 -0.52538614 -0.52538614 -0.52538614 -0.52538614  2.59041849  1.42556363
 -0.52538614  1.60892091  0.11804479 -0.22591066  0.31358521  3.45575702
  0.56178443 -0.52538614 -0.52538614 -0.52538614 -0.52538614  0.60327837
 -0.52538614 -0.52538614 -0.52538614 -0.52538614 -0.52538614 -0.52538614
 -0.52538614 -0.52538614 -0.52538614  2.0006719  -0.52538614 -0.09018513
 -0.52538614  0.94188324 -0.11579536 -0.52538614 -0.52538614 -0.52538614
 -0.52538614  0.60314839  0.44968809  1.13680534  1.91679186 -0.52538614
 -0.52538614  1.61231995 -0.52538614 -0.52538614 -0.52538614 -0.43703617
 -0.52538614 -0.52538614 -0.52538614 -0.52538614 -0.52538614 -0.52538614
 -0.15879493  2.82045657 -0.52538614 -0.52538614 -0.52538614  2.1369951
  0.32228386 -0.52538614 -0.52538614 -0.52538614 -0.52538614  0.16725038
 -0.52538614 -0.52538614 -0.52538614 -0.52538614 -0.52538614 -0.35190145
 -0.52538614  2.08717786 -0.52538614 -0.52538614 -0.52538614 -0.52538614
 -0.52538614  1.46416156 -0.52538614 -0.52538614]",[-0.005646983855983723]
10,"[-0.13789606 -0.71170874  0.10039941 -0.71170874 -0.71170874 -0.71170874
  0.14613967 -0.71170874 -0.71170874 -0.71170874 -0.71170874 -0.71170874
 -0.71170874 -0.71170874 -0.71170874 -0.06898967  0.44428754  0.22985768
 -0.71170874  0.46327957  0.16305965  1.55088632  1.03756768  2.93708501
  1.53155635  0.14613967 -0.71170874 -0.71170874 -0.71170874 -0.06401068
 -0.71170874 -0.71170874 -0.71170874  0.69112741  0.69112741 -0.71170874
 -0.71170874 -0.71170874  1.98826651  0.98803758 -0.71170874  1.50352242
  0.21671043  0.1686685   0.55117131 -0.71170874 -0.71170874 -0.71170874
 -0.71170874  0.52194919 -0.05178172  0.64908178  2.1086543  -0.71170874
 -0.38970978  0.56386123  2.7949272   0.14613967 -0.71170874 -0.10982215
 -0.71170874 -0.71170874 -0.71170874 -0.71170874 -0.71170874 -0.71170874
  0.88260196  2.67741528 -0.71170874 -0.71170874 -0.71170874  0.02119281
  1.18850644  2.66474657 -0.71170874 -0.71170874  0.4023237   0.83703899
 -0.71170874  0.02119281 -0.71170874 -0.71170874  0.69112741  1.52518893
 -0.71170874  3.26477504 -0.71170874 -0.71170874 -0.71170874 -0.71170874
 -0.71170874 -0.71170874  0.6097425  -0.71170874]",[0.13066739351716783]
10,"[-0.49544084 -0.49544084  0.54119057 -0.49544084 -0.49544084 -0.49544084
 -0.49544084 -0.49544084  0.72340274 -0.49544084 -0.49544084 -0.49544084
 -0.49544084 -0.49544084 -0.49544084 -0.49544084  3.32435568  1.32568105
 -0.49544084 -0.49544084  0.02564255  2.18358802  0.96395173 -0.44812563
  3.12737359 -0.49544084 -0.49544084 -0.49544084 -0.49544084  0.03103866
 -0.49544084 -0.49544084 -0.49544084 -0.49544084 -0.49544084 -0.49544084
 -0.49544084 -0.49544084 -0.49544084 -0.49544084 -0.49544084  2.27283076
 -0.49544084  1.2713642   1.19462705 -0.49544084 -0.49544084 -0.49544084
 -0.49544084  1.51713128  1.87634845  1.92993859  1.72971583 -0.49544084
 -0.1281071   1.4930901  -0.49544084 -0.49544084 -0.49544084 -0.49544084
 -0.49544084 -0.49544084 -0.49544084 -0.49544084 -0.49544084 -0.49544084
 -0.49544084 -0.07500778 -0.49544084 -0.49544084 -0.49544084  1.72016792
  3.29540822 -0.49544084 -0.49544084 -0.49544084 -0.49544084 -0.00694336
 -0.49544084 -0.49544084 -0.49544084 -0.49544084 -0.49544084 -0.33902066
 -0.49544084  3.18798878 -0.49544084 -0.49544084 -0.49544084 -0.49544084
 -0.49544084 -0.49544084  0.95234554 -0.49544084]",[-0.022753952903613428]
11,"[-0.43748738 -0.43748738 -0.39019869 -0.43748738 -0.43748738 -0.43748738
 -0.43748738 -0.43748738 -0.43748738 -0.43748738 -0.43748738 -0.43748738
 -0.43748738 -0.43748738 -0.43748738  0.40300059  1.64315484  1.34298507
 -0.43748738 -0.43748738  0.11640636  1.90982502  0.30448324 -0.40028174
  0.26723923 -0.43748738 -0.43748738 -0.43748738 -0.43748738 -0.41811811
  1.3970107  -0.43748738 -0.43748738 -0.43748738 -0.43748738 -0.43748738
 -0.43748738 -0.43748738  5.91752749  0.05721158 -0.43748738  1.37264414
 -0.01341466  0.29869706  2.79325501 -0.43748738 -0.43748738 -0.43748738
 -0.43748738  1.10030738  1.49435212  0.7247761   2.52752025 -0.43748738
  0.89121039 -0.03201688 -0.43748738 -0.43748738 -0.43748738  1.38915596
 -0.43748738 -0.43748738 -0.43748738 -0.43748738 -0.43748738 -0.43748738
 -0.30750695 -0.43748738 -0.43748738 -0.43748738 -0.43748738 -0.43748738
 -0.43748738 -0.43748738 -0.43748738 -0.43748738 -0.43748738 -0.3839659
 -0.43748738 -0.43748738 -0.24761876 -0.43748738 -0.43748738  3.20571451
 -0.43748738  1.47332426 -0.43748738 -0.43748738 -0.43748738 -0.43748738
 -0.43748738 -0.43748738 -0.43748738 -0.43748738]",[0.027888038342300192]
11,"[-1.87509006e-01  1.10156460e+00  6.02617790e-02 -8.00178132e-01
 -8.00178132e-01 -8.00178132e-01 -8.00178132e-01 -8.00178132e-01
 -1.76472368e-02  6.97652808e-01 -8.00178132e-01 -8.00178132e-01
  1.65581323e+00 -8.00178132e-01 -8.00178132e-01  5.72305058e-01
  1.22438694e+00  1.13768125e+00 -8.00178132e-01 -9.41049025e-02
  4.31641947e-01  1.97744076e+00  7.10165769e-01  1.89285701e+00
  2.45372971e+00 -8.00178132e-01 -8.00178132e-01 -8.00178132e-01
 -8.00178132e-01 -2.05792575e-01 -8.00178132e-01 -8.00178132e-01
 -8.00178132e-01  6.97652808e-01  1.92917133e+00 -8.00178132e-01
 -8.00178132e-01 -8.00178132e-01  1.94478825e+00  2.16515079e-02
 -1.87509006e-01  1.23910091e+00 -2.80913109e-01  5.21155054e-01
  4.83599154e-01 -3.33435125e-01 -8.00178132e-01 -8.00178132e-01
 -8.00178132e-01  8.41687797e-01  3.11215779e-01  1.55951588e+00
  1.31711013e+00 -8.00178132e-01  2.61094787e+00  7.85776711e-01
 -1.76472368e-02 -8.00178132e-01 -8.00178132e-01  8.79103852e-01
 -8.00178132e-01 -8.00178132e-01 -8.00178132e-01 -8.00178132e-01
 -8.00178132e-01 -8.00178132e-01 -1.33706687e-03  6.66177938e-01
 -8.00178132e-01 -8.00178132e-01 -8.00178132e-01  1.73107584e-01
  2.11607647e+00 -8.00178132e-01 -8.00178132e-01 -8.00178132e-01
 -8.00178132e-01  1.84567989e+00 -8.00178132e-01  3.19033704e-01
 -3.28821781e-01 -8.00178132e-01 -8.00178132e-01  1.66850109e+00
  3.19033704e-01  1.86921050e+00  3.19033704e-01 -8.00178132e-01
 -8.00178132e-01 -8.00178132e-01 -8.00178132e-01 -8.00178132e-01
  1.70943490e+00 -8.00178132e-01]",[0.13614869172919342]
11,"[-7.07186717e-01 -7.07186717e-01  4.61138421e-01 -7.07186717e-01
  1.57658562e+00 -7.07186717e-01 -7.07186717e-01 -7.07186717e-01
 -7.07186717e-01 -7.07186717e-01 -7.07186717e-01  1.50810581e+00
 -7.07186717e-01  2.12120942e+00  2.50237934e+00  9.22313296e-01
 -2.00617957e-01  3.39947888e-01  1.66488127e+00  6.10094250e-01
 -5.60163878e-01  9.68574729e-01  4.55219938e-01  1.03456512e-03
  7.82091809e-01  1.82642794e+00 -7.07186717e-01  2.24120984e+00
 -7.07186717e-01 -6.18748695e-02 -7.07186717e-01 -7.07186717e-01
 -7.07186717e-01 -7.07186717e-01 -7.07186717e-01 -7.07186717e-01
 -7.07186717e-01 -7.07186717e-01 -7.07186717e-01  1.58238585e+00
 -7.07186717e-01  6.42088303e-01  1.64547598e+00  4.42198331e-03
 -7.07186717e-01  1.17866903e+00 -7.07186717e-01 -7.07186717e-01
 -7.07186717e-01  4.68483192e-01 -4.63898764e-01  7.07053345e-01
  1.05939747e+00 -7.07186717e-01  4.79344587e-01 -7.07186717e-01
 -7.07186717e-01 -7.07186717e-01  1.99444511e+00 -6.51847807e-01
 -4.41713301e-01 -7.07186717e-01  1.74033160e+00  2.52355110e+00
 -7.07186717e-01 -7.07186717e-01 -7.07186717e-01 -7.07186717e-01
 -7.07186717e-01 -7.07186717e-01  1.52860925e+00 -7.07186717e-01
  1.13051471e+00 -7.07186717e-01 -7.07186717e-01 -7.07186717e-01
 -7.07186717e-01 -1.83521192e-01 -7.07186717e-01 -7.07186717e-01
 -7.07186717e-01 -7.07186717e-01 -7.07186717e-01 -7.07186717e-01
 -7.07186717e-01  1.07095039e+00  1.59238303e+00 -7.07186717e-01
  1.40000900e+00 -7.07186717e-01  2.02239243e+00 -7.07186717e-01
 -7.07186717e-01 -7.07186717e-01]",[0.18589753592265368]
11,"[-0.51046293 -0.51046293  0.01390188 -0.51046293 -0.51046293 -0.51046293
 -0.51046293 -0.51046293 -0.51046293 -0.51046293 -0.51046293 -0.51046293
 -0.51046293 -0.51046293 -0.51046293 -0.51046293 -0.3761152   1.38641819
 -0.51046293 -0.51046293  0.65768881  2.52719361  0.35731292 -0.51046293
  2.07186259 -0.51046293 -0.51046293 -0.51046293 -0.51046293 -0.32235805
 -0.51046293 -0.51046293 -0.51046293 -0.51046293 -0.51046293 -0.51046293
 -0.51046293 -0.51046293 -0.51046293 -0.51046293  1.30493327  1.05398497
 -0.51046293  0.622985    0.80465983 -0.51046293 -0.51046293 -0.51046293
 -0.51046293  1.1359808   2.46623976  2.0146817   3.06609123 -0.51046293
  3.08025367 -0.0189793   0.43797763 -0.51046293 -0.51046293  3.65317327
 -0.51046293 -0.51046293 -0.51046293 -0.51046293 -0.51046293 -0.51046293
  1.82714707 -0.51046293 -0.51046293 -0.51046293 -0.51046293 -0.51046293
 -0.51046293 -0.51046293 -0.51046293 -0.51046293 -0.51046293  1.80743182
 -0.51046293 -0.51046293  0.1093762  -0.51046293 -0.51046293  1.94937141
 -0.51046293  1.49166039 -0.51046293 -0.51046293 -0.51046293  1.58860582
 -0.51046293 -0.51046293 -0.51046293 -0.51046293]",[0.004432241158798811]
11,"[-0.60120258 -0.60120258  0.2197578  -0.60120258 -0.60120258 -0.60120258
 -0.60120258 -0.60120258  1.13340674 -0.60120258 -0.60120258 -0.60120258
  1.34238755 -0.60120258 -0.60120258 -0.60120258  0.83117422  0.41421197
 -0.60120258 -0.1976846   0.3502276   2.8457115   2.35654598  0.58524827
  2.35497299 -0.60120258 -0.60120258 -0.60120258 -0.60120258  0.52244451
 -0.60120258 -0.60120258 -0.60120258 -0.60120258  0.28926667  0.1937988
 -0.60120258 -0.60120258 -0.60120258  0.23859142 -0.60120258  1.23379195
 -0.15191153  1.12678058 -0.60120258  0.34718702 -0.60120258 -0.60120258
 -0.60120258  1.62217745  0.27297386  2.24840644  2.78398235 -0.60120258
  2.19172023  0.61694341 -0.60120258 -0.60120258 -0.60120258  2.9595493
 -0.60120258 -0.60120258 -0.60120258 -0.60120258 -0.60120258 -0.60120258
 -0.46349261 -0.25094119 -0.60120258 -0.60120258 -0.60120258  0.41421197
  3.33786997 -0.60120258 -0.60120258 -0.60120258 -0.60120258  1.22787588
 -0.60120258  1.13340674 -0.60120258 -0.60120258 -0.60120258  0.12626589
 -0.60120258  1.31353967 -0.60120258 -0.60120258 -0.60120258 -0.60120258
 -0.60120258 -0.60120258 -0.09944652 -0.60120258]",[0.10687030985337836]
11,"[-0.68762866 -0.68762866  0.81090319 -0.68762866 -0.68762866 -0.68762866
 -0.68762866  0.18476056  0.585592   -0.68762866 -0.68762866 -0.68762866
 -0.68762866 -0.68762866 -0.68762866 -0.68762866 -0.02636316  1.49956633
 -0.68762866 -0.11620708  0.71645893  2.0905139   1.46158679 -0.57948697
  2.56580869 -0.68762866 -0.68762866 -0.68762866 -0.68762866  1.16778345
 -0.68762866 -0.68762866 -0.68762866  1.65158951  0.26989763 -0.68762866
  1.35540325 -0.68762866  2.96140298  1.24026494  0.18476056  1.77141611
  0.04174461  1.89006756  0.94992064 -0.68762866 -0.68762866 -0.68762866
 -0.68762866  0.83704066  1.03247533  1.20440726  0.75438666 -0.68762866
  2.0927513   0.02481759 -0.68762866 -0.68762866 -0.68762866  0.20498152
 -0.68762866 -0.68762866 -0.68762866 -0.68762866 -0.68762866 -0.68762866
 -0.50017292 -0.17895691 -0.68762866 -0.68762866 -0.68762866  1.44436634
  2.58315238 -0.68762866 -0.68762866 -0.68762866  0.11550286  2.23385916
 -0.68762866 -0.68762866 -0.4217775  -0.68762866 -0.68762866  1.41784139
 -0.68762866 -0.49402038 -0.68762866 -0.68762866 -0.68762866  1.4843105
 -0.68762866 -0.68762866  0.61959809 -0.68762866]",[0.19058371918784833]
11,"[-0.40559933 -0.40559933 -0.37404582 -0.40559933 -0.40559933 -0.40559933
 -0.40559933 -0.40559933 -0.40559933 -0.40559933 -0.40559933  0.69897037
 -0.40559933 -0.40559933 -0.40559933 -0.40559933  1.37117175  1.10663418
 -0.40559933 -0.40559933  1.28240777  2.67136649  2.12696076 -0.40559933
 -0.02276203 -0.40559933 -0.40559933 -0.40559933 -0.40559933 -0.33108949
 -0.40559933 -0.40559933 -0.40559933 -0.40559933 -0.40559933 -0.40559933
 -0.40559933 -0.40559933 -0.40559933 -0.40559933 -0.40559933 -0.40559933
  1.54016675  0.20224075 -0.40559933 -0.40559933 -0.40559933 -0.40559933
 -0.40559933  0.89125436 -0.26573216  0.89558701  2.21833962 -0.40559933
 -0.40559933  1.66326045  0.20382335 -0.40559933 -0.40559933 -0.40559933
 -0.40559933 -0.40559933 -0.40559933 -0.40559933 -0.40559933 -0.40559933
 -0.40559933  0.56342006 -0.40559933 -0.40559933 -0.40559933  1.7460717
  4.72169488 -0.40559933 -0.40559933 -0.40559933 -0.40559933  1.10176529
 -0.40559933 -0.40559933 -0.40559933 -0.40559933 -0.40559933 -0.34878067
 -0.40559933 -0.40559933 -0.40559933 -0.40559933 -0.40559933 -0.40559933
 -0.40559933 -0.40559933  5.13482691 -0.40559933]",[-0.1437650534766871]
11,"[-7.40163424e-01  1.07233149e+00  1.95659407e-02 -7.40163424e-01
 -7.40163424e-01 -7.40163424e-01 -1.75367154e-01 -7.40163424e-01
 -7.40163424e-01  1.85548136e+00 -7.40163424e-01  7.30689910e-01
  1.56109698e+00 -7.40163424e-01 -7.40163424e-01  9.02436470e-02
  1.32034397e+00  1.50745456e-01 -7.40163424e-01  2.23980100e-01
  1.08348295e+00  2.30194918e+00  1.62208723e+00  1.89532090e+00
  2.01517505e+00 -7.40163424e-01 -7.40163424e-01 -7.40163424e-01
 -7.40163424e-01 -9.14562145e-02 -7.40163424e-01 -7.40163424e-01
 -7.40163424e-01 -7.40163424e-01  2.02900958e+00  1.21509107e-03
 -7.40163424e-01 -7.40163424e-01  1.07233149e+00 -7.40163424e-01
 -7.40163424e-01  6.35586330e-01 -6.11741993e-01  2.59085304e-01
  1.21742750e-01 -7.40163424e-01 -7.40163424e-01 -7.40163424e-01
 -7.40163424e-01  1.29643279e+00  2.46015741e-01  8.66549815e-01
  8.15089736e-01 -7.40163424e-01  2.53467147e+00  6.14172176e-01
 -2.82004106e-01 -7.40163424e-01 -7.40163424e-01  3.25436703e+00
  7.30689910e-01 -7.40163424e-01 -7.40163424e-01 -7.40163424e-01
 -7.40163424e-01 -7.40163424e-01  7.99452665e-01  4.84488649e-01
 -7.40163424e-01 -7.40163424e-01 -7.40163424e-01  4.37589931e-01
  7.30689910e-01 -7.40163424e-01 -7.40163424e-01 -7.40163424e-01
 -7.40163424e-01  1.31692380e+00 -7.40163424e-01 -7.40163424e-01
 -2.21576748e-01 -7.40163424e-01  1.07233149e+00  2.01467665e+00
 -7.40163424e-01  1.09830893e+00 -7.40163424e-01 -7.40163424e-01
 -7.40163424e-01 -7.40163424e-01 -7.40163424e-01 -7.40163424e-01
  1.49672883e+00 -7.40163424e-01]",[0.21262236316026384]
11,"[-0.47701785 -0.47701785  0.12732977 -0.47701785 -0.47701785 -0.47701785
 -0.47701785 -0.47701785  1.29956179 -0.47701785 -0.47701785 -0.47701785
 -0.47701785 -0.47701785 -0.47701785 -0.47701785  1.01324678  0.69165155
 -0.47701785 -0.19980164  1.04709041  2.68286634  2.43898506 -0.39790669
  2.89375096 -0.47701785 -0.47701785 -0.47701785 -0.47701785  0.79729216
 -0.47701785 -0.47701785 -0.47701785 -0.47701785 -0.47701785 -0.47701785
 -0.47701785 -0.47701785 -0.47701785 -0.47701785 -0.47701785  0.38244918
 -0.47701785  0.35522846 -0.47701785 -0.47701785 -0.47701785 -0.47701785
 -0.47701785  0.8910623   0.99940649  1.72271333 -0.15435244 -0.47701785
  0.61833289  1.576778   -0.47701785 -0.47701785 -0.47701785  4.66878257
  1.35317095 -0.47701785 -0.47701785 -0.47701785 -0.47701785 -0.47701785
  0.26386613 -0.47701785 -0.47701785 -0.47701785 -0.47701785 -0.47701785
 -0.47701785 -0.47701785 -0.47701785 -0.47701785 -0.47701785  1.72213414
 -0.47701785 -0.47701785 -0.47701785 -0.47701785 -0.47701785  0.04775758
 -0.47701785 -0.15435244 -0.47701785 -0.47701785 -0.47701785  1.29956179
 -0.47701785 -0.47701785  3.97359069 -0.47701785]",[-0.011804356540246252]
11,"[-0.45123774 -0.45123774  0.17586047 -0.45123774 -0.45123774 -0.45123774
 -0.45123774 -0.45123774 -0.45123774 -0.45123774 -0.45123774 -0.45123774
  1.62567353 -0.45123774 -0.45123774 -0.45123774 -0.29753668  0.25114077
 -0.45123774 -0.45123774 -0.0444442   3.6223791   2.95561982 -0.24709815
  1.67965026 -0.45123774 -0.45123774 -0.45123774 -0.45123774 -0.03586066
 -0.45123774 -0.45123774 -0.45123774  1.62567353 -0.45123774 -0.45123774
 -0.45123774 -0.45123774  1.62567353  0.6883216  -0.45123774  3.02184033
 -0.45123774  1.13134502 -0.45123774 -0.45123774 -0.45123774 -0.45123774
 -0.45123774  1.70284961 -0.33074668  1.81914712  3.0202764  -0.45123774
 -0.37521184  0.98457511  0.07376028 -0.45123774 -0.45123774 -0.27566134
 -0.45123774 -0.45123774 -0.45123774 -0.45123774 -0.45123774 -0.45123774
 -0.45123774 -0.45123774 -0.45123774 -0.45123774 -0.45123774 -0.45123774
 -0.45123774 -0.45123774 -0.45123774 -0.45123774 -0.45123774  3.60842984
 -0.45123774 -0.45123774  0.07928767 -0.45123774 -0.45123774  2.59922219
 -0.45123774 -0.45123774 -0.45123774 -0.45123774 -0.45123774 -0.45123774
 -0.45123774 -0.45123774 -0.45123774 -0.45123774]",[-0.03410429589026015]
11,"[-0.6183411  -0.6183411  -0.47969995 -0.6183411  -0.6183411  -0.6183411
 -0.6183411  -0.6183411  -0.6183411  -0.6183411  -0.6183411  -0.6183411
 -0.6183411  -0.6183411  -0.6183411   0.13776693  0.26731911  1.58311108
 -0.6183411   0.15961763  1.02685081  2.61520882  1.85748515 -0.24074571
  0.73515045 -0.6183411  -0.6183411  -0.6183411  -0.6183411  -0.26677089
 -0.6183411  -0.6183411  -0.6183411   1.74506345  0.48933714  0.61481798
 -0.6183411  -0.6183411   1.47701854  2.4509433   1.03198439  0.93977457
 -0.6183411   0.71527408 -0.48557724 -0.10407887 -0.6183411  -0.6183411
 -0.6183411   1.2937402  -0.43856236  1.58171186  2.23438592 -0.6183411
 -0.31651323  3.41274691  3.37142991 -0.6183411  -0.6183411   0.06152028
 -0.6183411  -0.6183411  -0.6183411  -0.6183411  -0.6183411  -0.6183411
 -0.40148998 -0.45369385 -0.6183411  -0.6183411  -0.6183411   1.34163481
  1.68674681 -0.6183411  -0.6183411  -0.6183411  -0.6183411   1.68981403
 -0.6183411  -0.6183411  -0.6183411  -0.6183411  -0.6183411   0.60134907
 -0.6183411   1.03198439 -0.6183411   0.74506174 -0.6183411  -0.6183411
 -0.6183411  -0.6183411   0.91538418 -0.6183411 ]",[-0.47546633065665755]
11,"[ 1.88430441  4.28300698  0.9097332  -0.53103312 -0.53103312 -0.53103312
 -0.53103312 -0.53103312 -0.53103312 -0.53103312 -0.53103312 -0.53103312
 -0.53103312 -0.53103312 -0.53103312 -0.53103312  1.72597468  0.66209782
 -0.53103312  1.70284226  0.32018421 -0.25737622  0.02352232  2.79715391
  0.18699265 -0.53103312 -0.53103312 -0.53103312 -0.53103312  0.25102764
 -0.53103312 -0.53103312 -0.53103312 -0.53103312 -0.53103312 -0.53103312
 -0.53103312 -0.53103312 -0.53103312  2.26970573 -0.53103312 -0.53103312
 -0.29745285  0.74524139  0.4088643  -0.53103312 -0.53103312 -0.53103312
 -0.53103312  0.70668704  0.87591933  1.06581725  1.97696307 -0.53103312
 -0.53103312  1.14585467 -0.53103312 -0.53103312 -0.53103312 -0.53103312
 -0.53103312 -0.53103312 -0.53103312 -0.53103312 -0.53103312 -0.53103312
  0.77401777  3.29917063 -0.53103312 -0.53103312 -0.53103312  1.52438099
  0.20631435 -0.53103312 -0.53103312 -0.53103312 -0.53103312  0.01437129
 -0.53103312  0.39768258 -0.53103312 -0.53103312 -0.53103312 -0.19127415
 -0.53103312  1.68408026 -0.53103312 -0.53103312 -0.53103312 -0.53103312
 -0.53103312  2.89031234 -0.53103312 -0.53103312]",[0.030027211501334805]
11,"[ 0.08348686 -0.58104135 -0.04658654 -0.58104135 -0.58104135 -0.58104135
 -0.58104135 -0.58104135 -0.58104135 -0.58104135 -0.58104135 -0.58104135
  1.04357278 -0.58104135 -0.58104135 -0.58104135 -0.08878265 -0.11142255
 -0.58104135 -0.12243932  0.33423996  1.01927952  0.21577489  4.28390678
  0.44711503 -0.58104135 -0.58104135 -0.58104135 -0.58104135 -0.01446934
 -0.58104135 -0.58104135 -0.58104135  1.04357278  0.50937974 -0.58104135
 -0.58104135 -0.58104135  1.48167349 -0.58104135 -0.58104135  1.21195198
  0.03472361  0.29077351  1.36184426 -0.58104135 -0.58104135 -0.58104135
 -0.58104135  1.01302131  0.85385275  1.01714157  2.30331535 -0.58104135
 -0.41631939  2.29665628  1.39579709 -0.58104135 -0.58104135  0.05926996
 -0.58104135 -0.58104135 -0.58104135 -0.58104135 -0.58104135 -0.58104135
  0.76543292  2.966833   -0.58104135 -0.58104135 -0.58104135 -0.58104135
  0.82467112  2.08283623 -0.58104135 -0.58104135 -0.58104135  0.34079119
 -0.58104135 -0.58104135  0.21825075 -0.58104135 -0.58104135  1.51462245
 -0.58104135  3.76144477 -0.58104135 -0.58104135 -0.58104135 -0.58104135
 -0.58104135 -0.58104135 -0.27481387 -0.58104135]",[0.006380995294695935]
12,"[-0.39464829 -0.39464829 -0.35754293 -0.39464829 -0.39464829 -0.39464829
 -0.39464829 -0.39464829 -0.39464829 -0.39464829 -0.39464829 -0.39464829
 -0.39464829 -0.39464829 -0.39464829 -0.39464829  3.66914412  1.08652702
 -0.39464829 -0.39464829  0.29384686  2.58936312  1.69043617 -0.39464829
  2.61556702 -0.39464829 -0.39464829 -0.39464829 -0.39464829 -0.39464829
 -0.39464829 -0.39464829 -0.39464829 -0.39464829 -0.39464829 -0.39464829
 -0.39464829 -0.39464829  2.44044771 -0.39464829 -0.39464829  0.22551108
 -0.39464829  0.1778061  -0.39464829 -0.39464829 -0.39464829 -0.39464829
 -0.39464829  1.35160612  0.04283436  1.55558156  1.29448728 -0.39464829
  1.89983895 -0.33273221 -0.39464829 -0.39464829 -0.39464829 -0.39464829
 -0.39464829 -0.39464829 -0.39464829 -0.39464829 -0.39464829 -0.39464829
 -0.19377209 -0.39464829 -0.39464829 -0.39464829 -0.39464829 -0.39464829
  3.4388136  -0.39464829 -0.39464829 -0.39464829 -0.39464829  0.94359144
 -0.39464829 -0.39464829 -0.39464829 -0.39464829 -0.39464829 -0.39464829
 -0.39464829  4.77261797 -0.39464829 -0.39464829 -0.39464829 -0.39464829
 -0.39464829 -0.39464829 -0.39464829 -0.39464829]",[-0.11053722019893375]
12,"[-0.40959934 -0.40959934 -0.26552727 -0.40959934 -0.40959934 -0.40959934
 -0.40959934 -0.40959934 -0.40959934 -0.40959934 -0.40959934 -0.40959934
 -0.40959934 -0.40959934 -0.40959934 -0.40959934  1.21459082  0.61054652
 -0.40959934 -0.40959934  1.07862907  2.87210932  0.83225487 -0.40959934
  0.32061537 -0.40959934 -0.40959934 -0.40959934 -0.40959934 -0.32709175
 -0.40959934 -0.40959934 -0.40959934 -0.40959934 -0.40959934 -0.40959934
 -0.40959934 -0.40959934  5.01816743 -0.40959934 -0.40959934  2.02810103
 -0.40959934  0.2529121   4.52595462 -0.40959934 -0.40959934 -0.40959934
 -0.40959934  1.5081853   2.45371217  1.38868135  1.88118121  0.89309129
  0.51013889 -0.19273312 -0.40959934 -0.40959934 -0.40959934  0.77966439
 -0.40959934 -0.40959934 -0.40959934 -0.40959934 -0.40959934 -0.40959934
 -0.40959934 -0.40959934 -0.40959934 -0.40959934 -0.40959934 -0.40959934
 -0.40959934 -0.40959934 -0.40959934 -0.40959934 -0.40959934 -0.40959934
 -0.40959934 -0.40959934 -0.40959934 -0.40959934 -0.40959934  0.01562488
 -0.40959934  2.092344   -0.40959934 -0.40959934 -0.40959934 -0.40959934
 -0.40959934 -0.40959934 -0.40959934 -0.40959934]",[-0.02160460935143471]
12,"[-6.64029441e-01 -6.64029441e-01 -2.39128846e-01 -6.64029441e-01
 -6.64029441e-01 -6.64029441e-01 -1.98448441e-01 -6.64029441e-01
 -6.64029441e-01 -6.64029441e-01 -6.64029441e-01  3.38793458e-01
  8.30072487e-01 -6.64029441e-01 -6.64029441e-01  2.05036818e-02
  1.95060893e+00  6.69422031e-01 -6.64029441e-01 -2.95556793e-01
  3.42854888e-01  1.99586397e+00  5.14418734e-01  1.16150864e+00
  1.25641386e+00 -6.64029441e-01 -6.64029441e-01 -6.64029441e-01
 -6.64029441e-01 -2.73416383e-01 -6.64029441e-01 -6.64029441e-01
 -6.64029441e-01 -6.64029441e-01  1.10131435e+00  2.49628910e-01
 -6.64029441e-01 -6.64029441e-01  4.01015572e+00  2.85117933e+00
  2.23183286e+00  1.72388557e+00 -3.18644574e-01  8.24164520e-01
  5.05321589e-01 -6.64029441e-01 -6.64029441e-01 -6.64029441e-01
 -6.64029441e-01  1.38478964e+00  1.29609830e+00  2.18151411e+00
  1.04453014e+00 -1.98448441e-01  1.35831126e+00  7.19216157e-02
 -2.86352950e-01 -6.64029441e-01 -6.64029441e-01  1.54894567e-03
 -6.64029441e-01 -6.64029441e-01 -6.64029441e-01 -6.64029441e-01
 -6.64029441e-01 -6.64029441e-01 -4.67705938e-01  5.67400310e-01
 -6.64029441e-01 -6.64029441e-01 -6.64029441e-01 -1.58747824e-01
  2.97029297e+00 -6.64029441e-01 -6.64029441e-01 -6.64029441e-01
 -6.64029441e-01  1.47997312e-01 -6.64029441e-01 -6.64029441e-01
 -6.64029441e-01 -6.64029441e-01  8.30072487e-01 -9.17282685e-03
  4.52395996e-01  1.24428733e+00 -6.64029441e-01 -6.64029441e-01
 -6.64029441e-01 -6.64029441e-01 -6.64029441e-01 -6.64029441e-01
  8.46050001e-01 -6.64029441e-01]",[0.11640092153979487]
12,"[-0.50603069 -0.50603069 -0.24956858 -0.50603069 -0.50603069 -0.50603069
 -0.50603069 -0.50603069  0.62225788 -0.50603069 -0.50603069  0.4834236
 -0.50603069 -0.50603069 -0.50603069  0.4834236  -0.27580894  0.62225788
 -0.50603069 -0.37135641  0.70429741  3.1394447   0.31721065 -0.47659539
  1.86766658 -0.50603069 -0.50603069 -0.50603069 -0.50603069 -0.39738829
 -0.50603069 -0.50603069 -0.50603069 -0.50603069  0.4834236  -0.50603069
 -0.50603069 -0.50603069  1.65360996 -0.50603069 -0.50603069  1.53294281
 -0.50603069  0.34562751 -0.50603069 -0.50603069 -0.50603069 -0.50603069
 -0.50603069  1.49299233  1.61618186  1.49976079  2.55259353 -0.50603069
  3.46695933  0.52751968  0.62225788 -0.50603069 -0.50603069  2.51898117
 -0.50603069 -0.50603069 -0.50603069 -0.50603069 -0.50603069 -0.50603069
  0.08425501 -0.50603069 -0.50603069 -0.50603069 -0.50603069 -0.50603069
 -0.50603069 -0.50603069 -0.50603069 -0.50603069 -0.50603069  1.62344505
 -0.50603069 -0.50603069 -0.28251016 -0.50603069 -0.50603069  2.11899577
 -0.50603069  4.05966334 -0.50603069 -0.50603069 -0.50603069 -0.50603069
 -0.50603069 -0.50603069 -0.50603069 -0.50603069]",[-0.005033465070656606]
12,"[-0.49433227 -0.49433227  0.06237595 -0.49433227 -0.49433227 -0.49433227
 -0.49433227 -0.49433227 -0.49433227 -0.49433227 -0.49433227 -0.49433227
 -0.49433227 -0.49433227 -0.49433227  0.46431791 -0.14903626  0.11050865
 -0.49433227 -0.25036624  0.89664733  3.80991523  2.18256337 -0.49433227
  3.13770105 -0.49433227 -0.49433227 -0.49433227 -0.49433227  0.23537859
 -0.49433227 -0.49433227 -0.49433227  2.50216839 -0.49433227 -0.49433227
 -0.49433227 -0.49433227 -0.49433227  0.40976258 -0.49433227  2.19051739
 -0.49433227  1.17227185 -0.49433227 -0.49433227 -0.49433227 -0.49433227
 -0.49433227  1.77962266  0.94077539  1.59319106  1.90915588 -0.49433227
  3.16338218  0.61870782 -0.49433227  0.78519492 -0.49433227  0.76997917
 -0.49433227 -0.49433227 -0.49433227 -0.49433227 -0.49433227 -0.49433227
 -0.49433227 -0.49433227 -0.49433227 -0.49433227 -0.49433227 -0.49433227
  2.72539521 -0.49433227 -0.49433227 -0.49433227 -0.49433227  0.3375002
 -0.49433227 -0.49433227 -0.49433227 -0.49433227 -0.49433227 -0.44501966
 -0.49433227  2.26758115 -0.49433227 -0.49433227 -0.49433227 -0.49433227
 -0.49433227 -0.49433227 -0.0999296  -0.49433227]",[-0.1261324710196438]
12,"[-0.49704494 -0.49704494 -0.12930193 -0.49704494 -0.49704494 -0.49704494
 -0.49704494 -0.49704494 -0.49704494 -0.49704494 -0.49704494  0.46674522
 -0.49704494 -0.49704494 -0.49704494 -0.49704494 -0.09435499  0.60197847
 -0.49704494 -0.15082287  1.28778896  3.11732257  1.60531084 -0.44060879
  3.23007331 -0.49704494 -0.49704494 -0.49704494 -0.49704494  0.38836458
 -0.49704494 -0.49704494 -0.49704494 -0.49704494 -0.49704494 -0.49704494
 -0.49704494 -0.49704494  1.60657969  0.65717148 -0.49704494  1.65992619
 -0.34799598  1.61208162 -0.49704494 -0.49704494 -0.49704494 -0.49704494
 -0.49704494  1.33270149  0.83831072  1.89633878  0.67145642 -0.49704494
  3.2356892  -0.21681484 -0.49704494 -0.49704494 -0.49704494 -0.31921027
 -0.49704494 -0.49704494 -0.49704494 -0.49704494 -0.49704494 -0.49704494
 -0.49704494 -0.11794316 -0.49704494 -0.49704494 -0.49704494  0.2143676
  3.9070907  -0.49704494 -0.49704494 -0.49704494  0.68721824  2.51961381
 -0.49704494 -0.49704494 -0.38144644 -0.49704494 -0.49704494  2.25277272
 -0.49704494 -0.49704494 -0.49704494 -0.49704494 -0.49704494 -0.49704494
 -0.49704494 -0.49704494 -0.27657192 -0.49704494]",[2.0759556294556507]
12,"[ 1.32269628 -0.54936438  0.59031007 -0.54936438 -0.54936438 -0.54936438
 -0.54936438 -0.54936438 -0.54936438 -0.54936438 -0.54936438  0.59848436
 -0.54936438 -0.54936438 -0.54936438  0.59848436  0.92658917  0.03533168
 -0.54936438 -0.39313109  0.66822586  2.33670639  1.70261211  0.13774955
  0.97876156 -0.54936438 -0.54936438 -0.54936438 -0.54936438  0.9639758
 -0.54936438 -0.54936438 -0.54936438 -0.54936438 -0.54936438 -0.54936438
 -0.54936438 -0.54936438 -0.54936438 -0.54936438 -0.54936438  0.49770104
  1.22117795  0.41734941 -0.54936438 -0.54936438 -0.54936438  1.32269628
 -0.54936438  0.78554188  0.46563048  1.03391285  1.67472647 -0.54936438
 -0.09115904  3.75855958  0.47542265  1.57880438 -0.54936438 -0.43810864
 -0.54936438 -0.54936438 -0.54936438 -0.54936438 -0.54936438 -0.54936438
  1.18502151 -0.54936438 -0.54936438 -0.54936438 -0.54936438  0.7595436
  1.35445608 -0.54936438 -0.54936438 -0.54936438 -0.54936438  0.60853075
 -0.54936438 -0.54936438 -0.54936438 -0.54936438 -0.54936438 -0.49031947
 -0.54936438  1.56118479 -0.54936438 -0.54936438 -0.54936438 -0.54936438
 -0.54936438 -0.54936438  5.36375857 -0.54936438]",[0.1694375904191961]
12,"[-0.52754106 -0.52754106  0.60651419 -0.52754106 -0.52754106 -0.52754106
 -0.52754106 -0.52754106  1.063033   -0.52754106 -0.52754106 -0.52754106
 -0.52754106 -0.52754106 -0.52754106 -0.52754106  0.36069911  0.14347497
 -0.52754106  0.47723933  1.83193075  2.84518881  2.0244549  -0.52754106
  2.58669866 -0.52754106 -0.52754106 -0.52754106 -0.52754106  0.42113291
 -0.52754106 -0.52754106 -0.52754106 -0.52754106 -0.52754106 -0.52754106
 -0.52754106 -0.52754106 -0.52754106 -0.52754106 -0.52754106  0.75002097
 -0.52754106  0.63958996  1.19099004 -0.52754106 -0.52754106 -0.52754106
 -0.52754106  1.61618456  0.71634522  1.35866367  0.92850507 -0.52754106
  3.08646829 -0.39833389 -0.52754106 -0.52754106 -0.52754106  3.71042584
  0.97732416 -0.52754106 -0.52754106 -0.52754106 -0.52754106 -0.52754106
  0.8393971  -0.52754106 -0.52754106 -0.52754106 -0.52754106 -0.52754106
 -0.52754106 -0.52754106 -0.52754106 -0.52754106 -0.52754106  2.03568504
 -0.52754106 -0.52754106 -0.2311359  -0.52754106 -0.52754106  0.80485981
 -0.52754106  1.94194244 -0.52754106 -0.52754106 -0.52754106 -0.52754106
 -0.52754106 -0.52754106  3.01795205 -0.52754106]",[-0.06152654986254891]
12,"[-0.48882221 -0.48882221 -0.08365886 -0.48882221 -0.48882221 -0.48882221
  0.62362786 -0.48882221  0.70224735 -0.48882221 -0.48882221 -0.48882221
 -0.48882221 -0.48882221 -0.48882221 -0.48882221  0.96047543  0.38234498
 -0.48882221 -0.22300575  1.02673828  2.5353517   1.93835051 -0.48882221
  2.11629442 -0.48882221 -0.48882221 -0.48882221 -0.48882221  0.57180282
 -0.48882221 -0.48882221 -0.48882221 -0.48882221 -0.48882221 -0.48882221
 -0.48882221 -0.48882221 -0.48882221 -0.48882221 -0.48882221  0.33530162
 -0.1892576   0.06323184 -0.15173707 -0.48882221 -0.48882221 -0.48882221
 -0.48882221  0.90771922  1.35719683  0.5705761   0.15172851 -0.48882221
  0.69599648  1.72857247 -0.48882221 -0.48882221 -0.48882221  3.63494467
  0.31674973 -0.48882221 -0.48882221 -0.48882221 -0.48882221 -0.48882221
  0.67675644 -0.48882221 -0.48882221 -0.48882221 -0.48882221 -0.48882221
 -0.48882221 -0.48882221 -0.48882221 -0.48882221 -0.48882221  2.16005884
 -0.48882221 -0.48882221 -0.48882221 -0.48882221 -0.48882221  1.19609415
 -0.48882221  0.64851813 -0.48882221 -0.48882221 -0.48882221  1.54585452
 -0.48882221 -0.48882221  5.57456996 -0.48882221]",[0.001098595510382494]
12,"[-0.48534204 -0.48534204  0.18837439 -0.48534204 -0.48534204 -0.48534204
 -0.48534204 -0.48534204 -0.48534204  1.94152226 -0.48534204  0.62654261
 -0.48534204 -0.48534204 -0.48534204 -0.48534204  0.03948533  0.08103448
 -0.48534204 -0.33400381 -0.19902202  4.06083665  2.8440951   0.03030903
  1.82006971 -0.48534204 -0.48534204 -0.48534204 -0.48534204 -0.25432579
 -0.48534204 -0.48534204 -0.48534204  1.94152226  0.62654261 -0.48534204
 -0.48534204 -0.48534204 -0.48534204 -0.48534204 -0.48534204  1.17108085
 -0.31339045  0.89378117 -0.2901079  -0.48534204 -0.48534204 -0.48534204
 -0.48534204  1.97385987 -0.22097079  2.64945666  3.12511885  0.27089948
 -0.39650601  2.91547896 -0.48534204 -0.48534204 -0.48534204 -0.48534204
 -0.48534204 -0.48534204 -0.48534204 -0.48534204 -0.48534204 -0.48534204
 -0.48534204 -0.48534204 -0.48534204 -0.48534204 -0.48534204 -0.48534204
 -0.22269568 -0.48534204 -0.48534204 -0.48534204 -0.48534204  2.67325698
 -0.48534204 -0.48534204 -0.35198086 -0.48534204  1.94152226 -0.02149763
 -0.48534204  0.29118234 -0.48534204  0.33538504 -0.48534204 -0.48534204
 -0.48534204 -0.48534204 -0.23099148 -0.48534204]",[-0.15478475042580536]
12,"[ 1.02565784  2.66877144  0.10306517 -0.50100591 -0.50100591 -0.50100591
 -0.50100591 -0.50100591 -0.50100591 -0.50100591 -0.50100591 -0.50100591
 -0.50100591 -0.50100591 -0.50100591 -0.50100591  3.42056054  1.00544087
 -0.50100591  0.2857506   0.75561554 -0.01934956 -0.0404047   5.16374526
  0.25806838 -0.50100591 -0.50100591 -0.50100591 -0.50100591  0.23392121
 -0.50100591 -0.50100591 -0.50100591 -0.50100591 -0.50100591 -0.50100591
 -0.50100591 -0.50100591 -0.50100591  1.57768834 -0.50100591  0.04509806
 -0.50100591  0.44066066  0.01296152 -0.50100591 -0.50100591 -0.50100591
 -0.50100591  0.68611355  1.68513649  1.35106976  2.41647356 -0.50100591
 -0.40961912  2.21907576 -0.50100591 -0.50100591 -0.50100591 -0.50100591
 -0.50100591 -0.50100591 -0.50100591 -0.50100591 -0.50100591 -0.50100591
  0.07610976  2.04548574 -0.50100591 -0.50100591 -0.50100591  0.34328684
 -0.17296209 -0.50100591 -0.50100591 -0.50100591 -0.50100591  0.46199627
 -0.50100591  0.80329707 -0.50100591 -0.50100591 -0.50100591 -0.50100591
 -0.50100591  1.36446846 -0.50100591 -0.50100591 -0.50100591 -0.50100591
 -0.50100591  1.99554134 -0.23935214 -0.50100591]",[-0.063102629751419]
12,"[-0.57466035  1.11369205  0.04876606 -0.57466035 -0.57466035 -0.57466035
 -0.04854846 -0.57466035 -0.57466035 -0.57466035 -0.57466035 -0.57466035
 -0.57466035 -0.57466035 -0.57466035  0.19886997  0.96935554  0.59289412
 -0.57466035  1.13404311  0.38148155  0.6784067  -0.03744258  4.28210611
  0.8219324  -0.57466035 -0.57466035 -0.57466035 -0.57466035  0.32018599
 -0.57466035 -0.57466035 -0.57466035 -0.57466035 -0.57466035 -0.57466035
 -0.57466035 -0.57466035  2.80204446 -0.57466035  0.11593921  1.25337674
  0.6185005   1.03466793  2.06869733 -0.57466035 -0.57466035 -0.57466035
 -0.57466035  1.18477046  1.40013379  1.36574306  2.91691553 -0.57466035
 -0.51285775  2.75582257 -0.57466035 -0.57466035 -0.57466035 -0.37012906
 -0.57466035 -0.57466035 -0.57466035 -0.57466035 -0.57466035 -0.57466035
 -0.11318993  1.32184839 -0.57466035 -0.57466035 -0.57466035  2.06120264
  0.12565106  1.11369205 -0.57466035 -0.57466035 -0.57466035  0.37012785
 -0.57466035 -0.57466035 -0.57466035 -0.57466035 -0.57466035 -0.20201011
 -0.57466035  2.53598205 -0.57466035 -0.57466035 -0.57466035 -0.57466035
 -0.57466035 -0.57466035 -0.39771046 -0.57466035]",[-0.052663204508322514]
13,"[-0.50518551 -0.50518551 -0.30684766 -0.50518551 -0.50518551 -0.50518551
  0.04648756  0.57742033  0.81768172 -0.50518551 -0.50518551 -0.50518551
 -0.50518551 -0.50518551 -0.50518551 -0.50518551  4.25852697  1.32943662
 -0.50518551 -0.21380985  0.99427083  2.68146095  1.694094    0.29604967
  2.25778142 -0.50518551 -0.50518551 -0.50518551 -0.50518551 -0.43309841
 -0.50518551 -0.50518551 -0.50518551 -0.50518551  0.30592682 -0.50518551
 -0.50518551 -0.50518551 -0.50518551 -0.50518551 -0.50518551  0.53717569
 -0.50518551  0.67096681  1.56597969 -0.50518551 -0.50518551 -0.50518551
 -0.50518551  1.65898527  1.682502    1.76522014  0.93755214 -0.50518551
  1.85322863 -0.21380985 -0.50518551 -0.50518551 -0.50518551 -0.23114392
 -0.50518551 -0.50518551 -0.50518551 -0.50518551 -0.50518551 -0.50518551
 -0.37974798  0.12605911 -0.50518551 -0.50518551 -0.50518551 -0.50518551
  3.32101844 -0.50518551 -0.50518551 -0.50518551 -0.50518551  1.36935479
 -0.50518551 -0.50518551 -0.50518551 -0.50518551 -0.50518551 -0.38648563
 -0.50518551  3.29259562 -0.50518551 -0.50518551 -0.50518551 -0.50518551
 -0.50518551 -0.50518551 -0.04814499 -0.50518551]",[1.9243753210886474]
13,"[-0.43120395 -0.43120395 -0.23234069 -0.43120395 -0.43120395 -0.43120395
 -0.43120395 -0.43120395 -0.43120395 -0.43120395 -0.43120395 -0.43120395
 -0.43120395 -0.43120395 -0.43120395 -0.43120395  2.38246803  0.37116144
 -0.43120395 -0.43120395  1.47505774  3.97310745  0.83292498 -0.38434425
  0.80347898 -0.43120395 -0.43120395 -0.43120395 -0.43120395 -0.32494949
 -0.43120395 -0.43120395 -0.43120395 -0.43120395 -0.43120395  0.97508849
 -0.43120395 -0.43120395 -0.43120395 -0.43120395 -0.43120395  2.59287655
 -0.43120395  0.63162498  2.25956941 -0.43120395 -0.43120395 -0.43120395
 -0.43120395  1.58708269  1.11514269  2.36185109  4.24018662 -0.43120395
  1.01561632 -0.43120395 -0.43120395 -0.43120395 -0.43120395  2.25378549
 -0.43120395 -0.43120395 -0.43120395 -0.43120395 -0.43120395 -0.43120395
  0.36355517 -0.43120395 -0.43120395 -0.43120395 -0.43120395 -0.43120395
 -0.43120395 -0.43120395 -0.43120395 -0.43120395 -0.43120395 -0.14916485
 -0.43120395 -0.43120395 -0.43120395 -0.43120395 -0.43120395 -0.43120395
 -0.43120395  2.90290553 -0.43120395 -0.43120395 -0.43120395 -0.43120395
 -0.43120395 -0.43120395 -0.43120395 -0.43120395]",[0.04008510018144629]
13,"[-0.54762852 -0.54762852 -0.154035   -0.54762852 -0.54762852 -0.54762852
 -0.00686206 -0.54762852  0.74908554 -0.54762852 -0.54762852 -0.54762852
 -0.54762852 -0.54762852 -0.54762852 -0.54762852  2.10480746  0.71828473
 -0.54762852 -0.43941092  0.2041073   2.30308342  0.87141366 -0.53570552
  2.5837736  -0.54762852 -0.54762852 -0.54762852 -0.54762852 -0.41259442
 -0.54762852 -0.54762852 -0.54762852 -0.54762852 -0.54762852 -0.54762852
 -0.54762852 -0.54762852  3.47946997  1.24521949  0.74908554  1.91301936
 -0.4246709   0.35181802  0.68190284 -0.54762852 -0.54762852 -0.54762852
 -0.54762852  1.15814588  0.87288654  2.04186703  1.22474695 -0.54762852
  2.49890789  0.61401818 -0.54762852 -0.54762852 -0.54762852  0.55608609
 -0.54762852 -0.54762852 -0.54762852 -0.54762852 -0.54762852 -0.54762852
 -0.4246709  -0.37449563 -0.54762852 -0.54762852 -0.54762852 -0.54762852
  2.87835743 -0.54762852 -0.54762852 -0.54762852 -0.54762852  2.06164895
 -0.54762852 -0.54762852 -0.45226579 -0.54762852 -0.54762852 -0.14022867
 -0.54762852  3.27926145 -0.54762852  0.35900844 -0.54762852 -0.54762852
 -0.54762852 -0.54762852  0.17501668 -0.54762852]",[0.013247526644763363]
13,"[-0.51106415 -0.51106415 -0.24665214 -0.51106415 -0.51106415 -0.51106415
 -0.51106415 -0.51106415  0.30660246 -0.51106415 -0.51106415 -0.51106415
 -0.51106415 -0.51106415 -0.51106415 -0.51106415  0.63144816  1.42769744
 -0.51106415 -0.51106415  0.57806965  2.4678904   0.43716044 -0.51106415
  1.14189743 -0.51106415 -0.51106415 -0.51106415 -0.51106415 -0.32329677
 -0.51106415 -0.51106415 -0.51106415  1.05401955 -0.51106415  0.12911388
 -0.51106415 -0.51106415  3.64314883 -0.08901668 -0.51106415  2.61537251
 -0.51106415  0.54569405 -0.51106415 -0.51106415 -0.51106415 -0.51106415
 -0.51106415  1.3370802   1.15247794  1.4100202   2.43725631 -0.51106415
  1.8483323   1.97475515 -0.51106415 -0.51106415 -0.51106415  2.64640404
 -0.51106415 -0.51106415 -0.51106415 -0.51106415 -0.51106415 -0.51106415
  0.87858798 -0.51106415 -0.51106415 -0.51106415 -0.51106415 -0.51106415
 -0.51106415 -0.51106415 -0.51106415 -0.51106415 -0.51106415  0.56536355
 -0.51106415 -0.51106415  0.31313595 -0.51106415 -0.51106415  1.37037499
 -0.51106415  3.98836054 -0.51106415 -0.51106415 -0.51106415 -0.51106415
 -0.51106415 -0.51106415 -0.51106415 -0.51106415]",[0.033196999652626125]
13,"[ 1.17544629 -0.94910204  0.60971812 -0.94910204 -0.94910204 -0.94910204
 -0.94910204 -0.94910204 -0.94910204  1.3885834   1.3885834   0.97960683
  1.57891069 -0.94910204 -0.94910204 -0.20122215  1.16614963  0.17973607
 -0.94910204  1.29778315  0.01696888  1.16877994  0.94271924  0.61860798
  1.47309468 -0.94910204 -0.94910204 -0.94910204 -0.94910204  0.12524703
  1.12345541 -0.94910204  1.57891069 -0.94910204  1.43114411 -0.94910204
 -0.94910204 -0.94910204  2.41976431  0.78739805 -0.94910204  1.08906681
 -0.64832457  0.33161852  0.18042544 -0.94910204 -0.94910204 -0.94910204
 -0.94910204  0.19700975  0.46774585  0.77096685  0.83707065 -0.94910204
  0.6301459   1.3885834   0.35917113 -0.94910204 -0.94910204  0.66207736
 -0.94910204 -0.94910204 -0.94910204  1.12345541 -0.94910204 -0.94910204
  0.31141315 -0.00999797 -0.94910204 -0.94910204 -0.34507074  0.60114677
  1.40306798  1.12345541 -0.94910204 -0.94910204  0.76638559  0.70532544
 -0.94910204 -0.09628414 -0.08946977  1.57891069 -0.94910204  2.2569088
  0.27063752  0.06895468  0.27063752 -0.09628414 -0.94910204 -0.09628414
 -0.94910204 -0.94910204  2.60043469 -0.94910204]",[-2.105511276854898]
13,"[-0.61395302 -0.61395302  2.06371044 -0.61395302 -0.61395302  1.02272771
 -0.61395302  0.3868937  -0.61395302 -0.61395302 -0.61395302 -0.61395302
 -0.61395302 -0.61395302 -0.61395302  0.13590357 -0.55070884 -0.14084619
 -0.61395302  0.97075826  0.94962947  2.40016451  2.1928082   1.36426265
  2.70812099 -0.61395302 -0.61395302 -0.61395302 -0.61395302  0.30549059
 -0.61395302 -0.61395302 -0.61395302 -0.61395302 -0.61395302 -0.61395302
 -0.61395302 -0.61395302  1.02272771  2.38547332 -0.61395302  0.79648385
 -0.10394267  1.38392159 -0.61395302 -0.61395302 -0.61395302 -0.61395302
 -0.61395302  1.26239254 -0.61395302  1.86795539  2.38547332  0.1846778
  1.25254908 -0.09817299 -0.61395302  0.77631845 -0.61395302  2.67445282
  0.13590357 -0.61395302 -0.61395302 -0.61395302 -0.61395302 -0.61395302
  0.1442785  -0.45066706 -0.61395302 -0.61395302 -0.61395302 -0.61395302
  3.27416746 -0.61395302 -0.61395302 -0.61395302  0.30743795  1.30870727
 -0.61395302  0.24111894 -0.61395302 -0.61395302 -0.61395302 -0.61395302
 -0.61395302  0.27762758 -0.61395302 -0.61395302 -0.61395302 -0.61395302
 -0.61395302 -0.61395302  1.38542865 -0.61395302]",[0.1396095334129031]
13,"[-0.64315875 -0.64315875  1.44248021 -0.64315875 -0.64315875 -0.64315875
 -0.64315875 -0.64315875 -0.64315875 -0.64315875 -0.64315875 -0.64315875
 -0.64315875 -0.64315875 -0.64315875  0.26346429  2.79155874  1.56366599
 -0.64315875 -0.3174728   0.39228079  2.39594756  1.08864414  0.74374523
  2.19136712 -0.64315875 -0.64315875 -0.64315875 -0.64315875  2.37963024
 -0.64315875 -0.64315875 -0.64315875 -0.64315875  1.47354995 -0.64315875
 -0.64315875 -0.64315875  1.33568959 -0.64315875 -0.64315875 -0.05703622
  0.36855037  1.24957751 -0.23577066 -0.64315875 -0.64315875  1.33568959
 -0.64315875  1.01417591  0.58566197  1.67302254  0.64269052 -0.64315875
  1.49765475  1.47286708 -0.64315875 -0.64315875 -0.64315875 -0.40343603
 -0.64315875 -0.64315875 -0.64315875 -0.64315875 -0.64315875 -0.64315875
 -0.64315875  0.73688485 -0.64315875 -0.64315875 -0.64315875  2.39589239
  2.76813855 -0.64315875 -0.64315875 -0.64315875  0.47085998  1.84033545
 -0.64315875 -0.64315875 -0.27439826 -0.64315875 -0.64315875  1.21369526
 -0.64315875 -0.37460591 -0.64315875 -0.64315875 -0.64315875  1.64490305
 -0.64315875 -0.64315875  0.63646224 -0.64315875]",[0.04770458222519236]
13,"[ 0.07150447 -0.58906761  0.42810495 -0.58906761 -0.58906761 -0.58906761
 -0.58906761 -0.58906761  0.25464728 -0.58906761 -0.58906761 -0.58906761
 -0.58906761 -0.58906761 -0.58906761 -0.58906761  0.36232393  0.15082938
 -0.58906761  0.0148759   1.15041465  2.55918103  1.97236777 -0.38753253
  2.43192056 -0.58906761 -0.58906761 -0.58906761 -0.58906761  0.22694874
 -0.58906761 -0.58906761 -0.58906761 -0.58906761  0.49486188 -0.58906761
 -0.58906761 -0.58906761  1.02587472  0.29701869 -0.58906761  0.70806721
  0.11672167  0.63015852  0.34098652 -0.58906761 -0.58906761 -0.58906761
 -0.58906761  1.15960801  0.49887073  1.55543165  1.04902075 -0.08583122
  2.86135808  0.0849477   0.78273827 -0.58906761 -0.58906761  4.06234946
  1.88969508 -0.58906761 -0.58906761 -0.58906761 -0.58906761 -0.58906761
  1.19538269 -0.42795042 -0.58906761 -0.58906761 -0.58906761 -0.58906761
  0.46424374 -0.58906761 -0.58906761 -0.58906761 -0.58906761  1.88152555
 -0.58906761 -0.58906761 -0.58906761 -0.58906761 -0.58906761  0.24336589
 -0.58906761  0.41812233 -0.58906761 -0.58906761 -0.58906761 -0.58906761
 -0.58906761 -0.58906761  3.68376777 -0.58906761]",[0.1153389832607647]
13,"[ 0.76184733 -0.64012679 -0.03815126 -0.64012679 -0.64012679 -0.64012679
 -0.64012679 -0.64012679  0.34010593 -0.64012679 -0.64012679  0.88246355
 -0.64012679 -0.64012679 -0.64012679 -0.64012679  1.14076161  0.34010593
 -0.64012679 -0.17740971 -0.12709436  2.96672901  2.3726056   1.80393833
  1.53049556 -0.64012679 -0.64012679 -0.64012679 -0.64012679 -0.0213713
 -0.64012679  0.76184733 -0.64012679 -0.64012679  1.74208004 -0.64012679
 -0.64012679 -0.64012679  1.74208004 -0.64012679 -0.64012679  1.10272932
 -0.20640267  0.78846406  0.30359277 -0.64012679 -0.64012679 -0.64012679
 -0.64012679  1.92169777  0.31467173  2.29457287  2.28908134 -0.64012679
 -0.09418812  2.5505121   0.34010593 -0.64012679 -0.64012679  0.35872195
 -0.64012679 -0.64012679 -0.64012679 -0.64012679 -0.64012679 -0.64012679
 -0.20640267  0.38415827 -0.64012679 -0.64012679 -0.64012679 -0.64012679
  0.60750994 -0.64012679 -0.64012679 -0.64012679 -0.64012679  1.77641541
 -0.64012679 -0.64012679 -0.53702304 -0.64012679 -0.64012679  0.19796694
 -0.64012679  3.43738481  0.34010593 -0.64012679 -0.64012679  0.34010593
 -0.64012679 -0.64012679  1.5222861  -0.64012679]",[0.1915737127033496]
13,"[ 2.51692514 -0.57215069  1.4795042  -0.57215069 -0.57215069 -0.57215069
 -0.57215069 -0.57215069  1.09557268 -0.57215069 -0.57215069 -0.57215069
 -0.57215069 -0.57215069 -0.57215069 -0.57215069  1.95952892  0.72008305
 -0.57215069 -0.35427415 -0.26114786  1.97075788  1.69911148  0.70048284
  2.03738129 -0.57215069 -0.57215069 -0.57215069 -0.57215069  0.84387199
 -0.57215069 -0.57215069 -0.57215069 -0.57215069 -0.57215069 -0.57215069
 -0.57215069 -0.57215069 -0.57215069  0.45313767 -0.57215069  1.70524978
  0.01014295  1.27095487 -0.57215069 -0.57215069 -0.57215069 -0.57215069
 -0.57215069  0.79258784 -0.57215069  1.68901386  1.01189794 -0.57215069
  0.56502605  0.87809354 -0.57215069  1.01516266 -0.57215069 -0.02762511
 -0.57215069 -0.57215069 -0.57215069 -0.57215069 -0.57215069 -0.57215069
 -0.57215069 -0.23539526 -0.57215069 -0.57215069 -0.57215069  0.05979578
  1.93857941 -0.57215069 -0.57215069 -0.57215069  1.18808662  0.30989925
 -0.57215069  0.40410982 -0.29749867 -0.57215069 -0.57215069  1.37851885
 -0.57215069  0.02576042 -0.57215069 -0.57215069 -0.57215069  0.40410982
 -0.57215069 -0.57215069  5.38163599 -0.57215069]",[-0.00387715247337872]
13,"[-5.64108541e-01  2.90131501e+00  4.82277885e-01 -5.64108541e-01
 -5.64108541e-01 -5.64108541e-01  2.96867459e-01 -5.64108541e-01
 -5.64108541e-01 -5.64108541e-01 -5.64108541e-01  2.44285659e-01
 -5.64108541e-01 -5.64108541e-01 -5.64108541e-01 -5.64108541e-01
  1.75050589e+00  5.82424303e-01 -5.64108541e-01  2.27097106e+00
  4.14207162e-01  7.67355648e-02  2.29316395e-01  4.26550089e+00
  5.98309550e-01 -5.64108541e-01 -5.64108541e-01 -5.64108541e-01
 -5.64108541e-01  4.36857769e-01 -5.64108541e-01 -5.64108541e-01
 -5.64108541e-01 -5.64108541e-01  2.44285659e-01 -5.64108541e-01
 -5.64108541e-01 -5.64108541e-01 -5.64108541e-01  9.90678392e-01
 -5.64108541e-01  1.73307098e-01 -5.64108541e-01  4.23768490e-01
  8.63267837e-01 -5.64108541e-01 -5.64108541e-01 -5.64108541e-01
 -5.64108541e-01  4.10037520e-01  7.26343834e-01  9.00826243e-01
  2.13310768e+00 -5.64108541e-01 -4.40146936e-01  2.99677754e+00
 -5.64108541e-01 -5.64108541e-01 -5.64108541e-01 -5.64108541e-01
 -5.64108541e-01 -5.64108541e-01 -5.64108541e-01 -5.64108541e-01
 -5.64108541e-01 -5.64108541e-01  4.13912369e-01  2.80374907e+00
 -5.64108541e-01 -5.64108541e-01 -5.64108541e-01  2.50470408e+00
  7.21823011e-01 -5.64108541e-01 -5.64108541e-01 -5.64108541e-01
 -5.64108541e-01  3.18607064e-01 -5.64108541e-01 -5.64108541e-01
 -5.64108541e-01 -5.64108541e-01 -5.64108541e-01  1.11376848e+00
 -5.64108541e-01  3.97073371e-01 -5.64108541e-01 -5.64108541e-01
 -5.64108541e-01 -5.64108541e-01 -5.64108541e-01  2.16845703e+00
 -3.30141741e-03 -5.64108541e-01]",[0.025237162104606692]
13,"[ 0.35714618  1.41670865  0.4425779  -0.62732356 -0.62732356 -0.62732356
  0.35714618 -0.62732356 -0.62732356 -0.62732356 -0.62732356 -0.62732356
 -0.62732356 -0.62732356 -0.62732356 -0.62732356  1.34814092  0.45322125
 -0.62732356  2.29434446  0.68898022  0.50090856  0.29346053  3.85495378
  0.8496666  -0.62732356 -0.62732356 -0.62732356 -0.62732356  0.64118088
  0.35714618 -0.62732356 -0.62732356 -0.62732356 -0.62732356 -0.62732356
 -0.62732356 -0.62732356  3.2880871  -0.19319086 -0.62732356  0.12552232
  0.92354143  1.28177332  1.71407484 -0.62732356 -0.62732356 -0.62732356
 -0.62732356  1.12258782  0.8522885   1.31896251  2.42829029 -0.62732356
 -0.41745115  2.68329564 -0.62732356 -0.62732356 -0.62732356 -0.28135465
 -0.62732356 -0.62732356 -0.62732356 -0.62732356 -0.62732356 -0.62732356
  0.15823916  1.77097677 -0.62732356 -0.62732356 -0.62732356  1.97868168
  0.17349846 -0.62732356 -0.62732356 -0.62732356  0.27899057  0.55085136
 -0.62732356  0.57562835 -0.62732356 -0.62732356 -0.62732356  0.1675956
 -0.62732356  1.8595675  -0.62732356 -0.62732356 -0.62732356 -0.62732356
 -0.62732356 -0.62732356 -0.45859602 -0.62732356]",[0.05971265798783354]
14,"[ 2.09056828  1.41918981  0.38617362 -0.60850895 -0.60850895 -0.60850895
 -0.60850895 -0.60850895 -0.60850895 -0.60850895 -0.60850895 -0.60850895
 -0.60850895 -0.60850895 -0.60850895 -0.60850895  3.09319755  0.45084754
 -0.60850895  0.2036731   0.46553158  2.49040983  1.67100081  1.99038196
  1.97769235 -0.60850895 -0.60850895 -0.60850895 -0.60850895  0.40305991
 -0.60850895 -0.60850895 -0.60850895 -0.60850895 -0.60850895 -0.60850895
 -0.60850895 -0.60850895 -0.60850895 -0.60850895 -0.60850895  0.65358704
 -0.34207136  0.47961277  0.08716352  0.02334755 -0.60850895 -0.60850895
 -0.60850895  1.06305013  0.73201876  1.09153557  0.67413538 -0.60850895
  2.26474882  0.43113532 -0.60850895  1.64301809 -0.60850895 -0.23150154
 -0.60850895 -0.60850895 -0.60850895 -0.60850895 -0.60850895 -0.60850895
  1.34483473  0.61368353 -0.60850895 -0.60850895 -0.60850895  0.07722667
  3.64817112 -0.60850895 -0.60850895 -0.60850895 -0.60850895  2.62236486
 -0.60850895 -0.60850895 -0.49708273  1.41918981 -0.60850895 -0.19042572
 -0.60850895  0.40305991 -0.60850895 -0.60850895 -0.60850895 -0.60850895
 -0.60850895 -0.60850895  1.24949945 -0.60850895]",[-2.0803905102719704]
14,"[-0.39111885 -0.39111885 -0.2358004  -0.39111885 -0.39111885 -0.39111885
 -0.39111885  1.14869624 -0.39111885 -0.39111885 -0.39111885 -0.39111885
 -0.39111885 -0.39111885 -0.39111885 -0.39111885  1.71175674  1.85618583
 -0.39111885 -0.39111885  0.04699057  2.1002112  -0.01607023 -0.32356438
 -0.29336367 -0.39111885 -0.39111885 -0.39111885 -0.39111885 -0.2644462
 -0.39111885 -0.39111885 -0.39111885 -0.39111885 -0.39111885 -0.39111885
 -0.39111885 -0.39111885 -0.39111885 -0.39111885 -0.39111885  0.51912763
 -0.39111885  0.82085015  5.53374133 -0.39111885 -0.39111885 -0.39111885
 -0.39111885  1.29924562  2.24792504  2.1315284   2.76677658 -0.39111885
  0.76894793 -0.33612671 -0.39111885 -0.39111885 -0.39111885  1.92664441
 -0.39111885 -0.39111885 -0.39111885 -0.39111885 -0.39111885 -0.39111885
 -0.39111885 -0.39111885 -0.39111885 -0.39111885 -0.39111885 -0.39111885
 -0.31607908 -0.39111885 -0.39111885 -0.39111885 -0.39111885 -0.39111885
 -0.39111885 -0.39111885 -0.39111885 -0.39111885 -0.39111885 -0.39111885
 -0.39111885  3.95190655 -0.39111885  0.46044701 -0.39111885 -0.39111885
 -0.39111885 -0.39111885 -0.12721108 -0.39111885]",[0.002462488213149594]
14,"[-0.53438099 -0.53438099 -0.41126437 -0.53438099 -0.53438099 -0.53438099
  0.3330419  -0.53438099  0.79392545 -0.53438099 -0.53438099 -0.53438099
 -0.53438099 -0.53438099 -0.53438099  0.28006637  3.31868714  2.16717546
 -0.53438099 -0.53438099  0.20650793  2.26174949  0.81808182 -0.39962898
  2.06427281 -0.53438099 -0.53438099 -0.53438099 -0.53438099 -0.38044922
 -0.53438099 -0.53438099 -0.53438099 -0.53438099 -0.53438099  0.19274887
 -0.53438099 -0.53438099  1.24327934 -0.53438099 -0.53438099  1.46291361
 -0.53438099  0.54921496  2.29532909  0.01956038 -0.53438099 -0.53438099
 -0.53438099  1.65284623  2.65625343  2.05167465  2.2787333  -0.53438099
  1.00464135 -0.3578785  -0.53438099 -0.53438099 -0.53438099  0.09850105
 -0.53438099 -0.53438099 -0.53438099 -0.53438099 -0.53438099 -0.53438099
 -0.53438099  0.48831109 -0.53438099 -0.53438099 -0.53438099 -0.53438099
  3.14823198 -0.53438099 -0.53438099 -0.53438099 -0.53438099  1.04897303
 -0.53438099  0.39434474 -0.4366949  -0.53438099 -0.53438099 -0.49248612
 -0.53438099  2.78095817 -0.53438099 -0.53438099 -0.53438099 -0.53438099
 -0.53438099 -0.53438099 -0.53438099 -0.53438099]",[-0.07761255976644077]
14,"[-0.47786716 -0.47786716 -0.23460226 -0.47786716 -0.47786716 -0.47786716
 -0.47786716 -0.47786716  0.99181722 -0.47786716 -0.47786716 -0.47786716
 -0.47786716 -0.47786716 -0.47786716  0.27660172  2.11344881  1.69746118
 -0.47786716 -0.37517666  0.55733702  2.72494303  0.66024007 -0.34359224
  0.60700984 -0.47786716 -0.47786716 -0.47786716 -0.47786716 -0.11657421
 -0.47786716 -0.47786716 -0.47786716 -0.47786716 -0.47786716 -0.47786716
 -0.47786716 -0.47786716 -0.47786716 -0.47786716 -0.47786716  2.13318279
 -0.47786716  1.51587606 -0.23438437 -0.47786716 -0.47786716 -0.47786716
 -0.47786716  1.88503788  2.43492572  2.29324604  3.05815755 -0.47786716
  2.58297232  0.12274288 -0.47786716 -0.47786716 -0.47786716  3.19750626
 -0.47786716 -0.47786716 -0.47786716 -0.47786716 -0.47786716 -0.47786716
  1.60686717 -0.47786716 -0.47786716 -0.47786716 -0.47786716 -0.47786716
 -0.47786716 -0.47786716 -0.47786716 -0.47786716 -0.47786716  0.49378925
 -0.47786716 -0.47786716 -0.47786716 -0.47786716 -0.47786716 -0.3674566
 -0.47786716  3.21359007 -0.47786716 -0.47786716 -0.47786716 -0.47786716
 -0.47786716 -0.47786716 -0.47786716 -0.47786716]",[-0.04719133859357805]
14,"[-0.59898764 -0.59898764  0.70667794 -0.59898764 -0.59898764 -0.59898764
 -0.59898764 -0.59898764 -0.59898764 -0.59898764 -0.59898764 -0.59898764
 -0.59898764 -0.59898764 -0.59898764  0.18303756  0.09486354  1.02203955
 -0.59898764  1.12848072  1.06614996  2.41688943  1.84103324 -0.59898764
  3.01778488 -0.59898764 -0.59898764 -0.59898764 -0.59898764  0.69149034
 -0.59898764 -0.59898764 -0.59898764 -0.59898764 -0.59898764 -0.59898764
 -0.59898764 -0.59898764  2.32725573 -0.13869902  0.09919606  0.80690397
 -0.37470349  1.00768572  1.54622298 -0.59898764 -0.59898764 -0.59898764
 -0.59898764  1.01751854  1.11749971  1.93746407  1.15018161 -0.59898764
  2.43347383 -0.39997074 -0.59898764 -0.59898764 -0.59898764 -0.23217456
 -0.59898764 -0.59898764 -0.59898764 -0.59898764 -0.59898764 -0.59898764
 -0.59898764  0.62664189 -0.59898764 -0.59898764 -0.59898764  2.35584712
  2.97281181 -0.59898764 -0.59898764 -0.59898764  0.36193071  2.00300206
 -0.59898764 -0.59898764 -0.42232593 -0.59898764 -0.59898764  1.57798089
 -0.59898764 -0.19285669 -0.59898764 -0.02174318 -0.59898764 -0.59898764
 -0.59898764 -0.59898764  2.21166793 -0.59898764]",[-0.023831270391061588]
14,"[-0.47434349 -0.47434349  2.19584768 -0.47434349 -0.47434349 -0.47434349
 -0.47434349 -0.47434349 -0.47434349 -0.47434349 -0.47434349 -0.47434349
 -0.47434349 -0.47434349 -0.47434349 -0.47434349 -0.39871076  0.09143756
 -0.47434349  1.2647032   1.24791479  2.74451753  2.92867431  1.73988887
  2.8646715  -0.47434349 -0.47434349 -0.47434349 -0.47434349 -0.02055279
 -0.47434349 -0.47434349 -0.47434349 -0.47434349 -0.47434349 -0.47434349
 -0.47434349 -0.47434349 -0.47434349  0.37136605 -0.47434349 -0.23251666
 -0.33566348  0.86657952 -0.47434349 -0.47434349 -0.47434349 -0.47434349
 -0.47434349  0.93904306 -0.47434349  1.45244583  1.58978897 -0.47434349
  1.1915098  -0.47434349 -0.47434349  1.48293736 -0.47434349  2.94058201
 -0.05738232 -0.47434349 -0.47434349 -0.47434349 -0.47434349 -0.47434349
 -0.21715873 -0.47434349 -0.47434349 -0.47434349 -0.47434349 -0.47434349
  4.38984245 -0.47434349 -0.47434349 -0.47434349  0.62753354  2.19187267
 -0.47434349 -0.47434349 -0.47434349 -0.47434349 -0.47434349 -0.23008662
 -0.47434349  0.15192816 -0.47434349 -0.47434349 -0.47434349 -0.47434349
 -0.47434349 -0.47434349 -0.47434349 -0.47434349]",[-0.17006341840448952]
14,"[-0.47372863 -0.47372863  0.28119475 -0.47372863 -0.47372863 -0.47372863
 -0.47372863 -0.47372863 -0.47372863 -0.47372863 -0.47372863 -0.47372863
 -0.47372863 -0.47372863 -0.47372863 -0.47372863  0.18711357 -0.02069244
 -0.47372863  0.13802098  0.88542495  2.31642771  2.0506084  -0.25166625
  2.36401262 -0.47372863 -0.47372863 -0.47372863 -0.47372863  0.21220019
 -0.47372863 -0.47372863 -0.47372863 -0.47372863 -0.47372863 -0.47372863
 -0.47372863 -0.47372863 -0.47372863 -0.47372863 -0.47372863  0.43405106
  0.42558467  0.77353659 -0.31756373 -0.47372863 -0.47372863 -0.47372863
 -0.47372863  1.12554518  0.21564508  1.54173043  1.12998838 -0.47372863
  2.68262848 -0.21513389 -0.47372863 -0.47372863 -0.47372863  4.45006099
  2.04079441 -0.47372863 -0.47372863 -0.47372863 -0.47372863 -0.47372863
  0.67798543 -0.47372863 -0.47372863 -0.47372863 -0.47372863 -0.47372863
 -0.13555167 -0.47372863 -0.47372863 -0.47372863 -0.47372863  1.70991973
 -0.47372863 -0.47372863 -0.47372863 -0.47372863 -0.47372863 -0.04526747
 -0.47372863 -0.47372863  0.5404439  -0.47372863 -0.47372863  0.97678778
 -0.47372863 -0.47372863  4.61853094 -0.47372863]",[0.21149112931699876]
14,"[-0.44855308 -0.44855308  0.04906191 -0.44855308 -0.44855308 -0.44855308
 -0.44855308 -0.44855308  1.60802497 -0.44855308 -0.44855308 -0.44855308
 -0.44855308 -0.44855308 -0.44855308 -0.44855308  0.17459085  0.62589119
 -0.44855308 -0.20876442 -0.33900903  3.50027032  2.96917132  0.6360076
  1.3217253  -0.44855308 -0.44855308 -0.44855308 -0.44855308  0.01555313
 -0.44855308 -0.44855308 -0.44855308 -0.44855308 -0.44855308 -0.44855308
 -0.44855308 -0.44855308  1.60802497  0.10603296 -0.44855308  1.28544256
  0.19230257  1.48260142 -0.44855308 -0.44855308 -0.44855308 -0.44855308
 -0.44855308  2.56558135 -0.44855308  3.23857584  4.31884119 -0.44855308
 -0.44855308  1.73265501 -0.44855308 -0.44855308 -0.44855308 -0.35722649
 -0.44855308 -0.44855308 -0.44855308 -0.44855308 -0.44855308 -0.44855308
 -0.44855308 -0.44855308 -0.44855308 -0.44855308 -0.44855308 -0.44855308
 -0.27644592 -0.44855308 -0.44855308 -0.44855308 -0.44855308  1.63033207
 -0.44855308 -0.44855308 -0.44855308 -0.44855308 -0.44855308 -0.22969299
 -0.44855308  2.35837925 -0.44855308 -0.44855308 -0.44855308 -0.44855308
 -0.44855308 -0.44855308  0.49368237 -0.44855308]",[0.07346608065520782]
14,"[ 2.32604598 -0.57602784  2.03421549 -0.57602784 -0.57602784 -0.57602784
 -0.57602784 -0.57602784 -0.57602784 -0.57602784 -0.57602784 -0.57602784
 -0.57602784 -0.57602784 -0.57602784 -0.57602784  1.67367182  0.34373441
 -0.57602784 -0.57602784  0.22633865  2.08035709  2.4112315  -0.57602784
  3.18709021 -0.57602784 -0.57602784 -0.57602784 -0.57602784  0.63654669
 -0.57602784 -0.57602784 -0.57602784 -0.57602784 -0.57602784 -0.57602784
 -0.57602784 -0.57602784  1.60417339  0.01189497 -0.57602784  2.67779472
  0.25031702  1.34916314 -0.25367036 -0.57602784 -0.57602784 -0.57602784
 -0.57602784  0.60387669  0.07432268  1.57020909  1.41977583 -0.57602784
 -0.35497411  0.52739828 -0.57602784  1.84483571 -0.57602784  0.93505616
 -0.57602784 -0.57602784 -0.57602784 -0.57602784 -0.57602784 -0.57602784
 -0.57602784 -0.57602784 -0.57602784 -0.57602784 -0.57602784  1.49449667
  2.00786002 -0.57602784 -0.57602784 -0.57602784  1.33072334  0.21113366
 -0.57602784  1.05306591 -0.57602784 -0.57602784 -0.57602784  0.24000205
 -0.57602784 -0.28014907 -0.57602784 -0.57602784 -0.57602784 -0.57602784
 -0.57602784 -0.57602784  3.05321658 -0.57602784]",[-0.10102451326278195]
14,"[ 0.66653687  3.82073161  0.45199417 -0.53887138 -0.53887138 -0.53887138
  0.07537921 -0.53887138 -0.53887138 -0.53887138 -0.53887138 -0.53887138
 -0.53887138 -0.53887138 -0.53887138 -0.53887138  1.3155839   0.21436908
 -0.53887138  2.60559113  0.25756466 -0.11221456  0.41164588  3.6094892
  0.67268309 -0.53887138 -0.53887138 -0.53887138 -0.53887138  0.21014257
 -0.53887138 -0.53887138 -0.53887138 -0.53887138 -0.53887138 -0.53887138
 -0.53887138 -0.53887138 -0.53887138  0.7221022  -0.53887138 -0.53887138
 -0.3992052   0.36850292  0.13741702 -0.53887138 -0.53887138 -0.53887138
 -0.53887138  0.32261536  0.46424609  0.66542722  1.2387698  -0.53887138
 -0.53887138  2.5691195  -0.53887138  0.66653687 -0.53887138 -0.53887138
 -0.53887138 -0.53887138 -0.53887138 -0.53887138 -0.53887138 -0.53887138
  0.95904002  2.87960785 -0.53887138 -0.53887138 -0.53887138  3.275107
  0.54565102 -0.53887138 -0.53887138 -0.53887138  0.19053976  0.59475884
 -0.53887138 -0.53887138 -0.53887138 -0.53887138 -0.53887138  0.46319269
 -0.53887138  1.03321437 -0.53887138 -0.53887138 -0.53887138 -0.53887138
 -0.53887138  2.51388538 -0.53887138 -0.53887138]",[-0.02398245714117697]
