Time Point,X,y
0,"[-0.48449412 -0.48449412 -0.48449412 -0.48449412 -0.48449412  0.77097314
  4.04316548  1.67149278 -0.48449412  1.61997615 -0.48449412 -0.48449412
 -0.48449412 -0.48449412 -0.48449412 -0.48449412 -0.48449412 -0.48449412
  1.80783876 -0.48449412  0.46324973  0.49308914  1.41811909 -0.48449412
 -0.48449412 -0.48449412 -0.48449412 -0.48449412 -0.48449412 -0.48449412
 -0.48449412  0.04254277 -0.48449412  2.20437657 -0.48449412 -0.48449412
 -0.48449412 -0.48449412 -0.48449412 -0.48449412]",[-0.1812261729127767]
0,"[-0.40528716 -0.40528716 -0.40528716 -0.40528716 -0.40528716  0.45966733
  4.06498749 -0.40528716 -0.40528716  2.35680431 -0.40528716 -0.40528716
 -0.40528716 -0.40528716 -0.40528716 -0.40528716 -0.40528716 -0.40528716
  1.10252314 -0.40528716  1.81697868 -0.40528716 -0.40528716 -0.40528716
 -0.40528716 -0.40528716 -0.40528716 -0.40528716 -0.40528716 -0.40528716
  0.95381752 -0.40528716 -0.40528716  2.6196977  -0.40528716 -0.40528716
 -0.40528716 -0.40528716 -0.40528716 -0.40528716]",[-1.320670673553663]
0,"[-0.47934381 -0.47934381 -0.47934381 -0.47934381 -0.47934381  0.86639427
  2.89690392 -0.11794251 -0.47934381  0.35718176 -0.47934381 -0.47934381
 -0.47934381 -0.47934381 -0.47934381 -0.47934381 -0.47934381 -0.47934381
  1.36447392 -0.47934381  1.3998767  -0.47934381  0.41545207 -0.47934381
 -0.47934381 -0.47934381  1.27570782 -0.47934381 -0.47934381 -0.47934381
 -0.47934381  2.38467394 -0.47934381  3.53759244 -0.47934381 -0.47934381
 -0.47934381 -0.47934381 -0.47934381 -0.47934381]",[0.07885984011207203]
0,"[-0.46699795 -0.46699795 -0.46699795 -0.46699795 -0.46699795  1.01270641
  3.88680853  0.96181754 -0.46699795  1.08131212 -0.46699795 -0.46699795
 -0.46699795 -0.46699795 -0.46699795 -0.46699795 -0.46699795 -0.46699795
  1.39306188 -0.46699795  0.86653161 -0.46699795 -0.46699795 -0.46699795
 -0.46699795 -0.46699795  1.54072679 -0.46699795 -0.46699795 -0.46699795
 -0.46699795  0.64725094 -0.46699795  3.08672079 -0.46699795 -0.46699795
 -0.46699795 -0.46699795 -0.46699795 -0.46699795]",[0.025718624368998466]
0,"[-0.47083139 -0.47083139 -0.47083139 -0.47083139 -0.47083139  0.97090655
  4.31034974  0.43591988 -0.47083139  0.53867661 -0.47083139 -0.47083139
 -0.47083139 -0.47083139 -0.47083139 -0.47083139 -0.47083139 -0.47083139
  1.66734178 -0.47083139  1.74133077 -0.47083139 -0.47083139 -0.47083139
 -0.47083139 -0.47083139  0.41622851  1.02466636 -0.47083139 -0.47083139
 -0.47083139  0.57344943 -0.47083139  2.44607196 -0.47083139 -0.47083139
 -0.47083139 -0.47083139 -0.47083139 -0.47083139]",[0.018616012514572955]
0,"[-0.50855008 -0.50855008 -0.50855008 -0.50855008 -0.50855008  0.50859687
  4.32964177 -0.11966524 -0.50855008  0.21654518 -0.50855008 -0.50855008
 -0.50855008 -0.50855008 -0.50855008 -0.50855008 -0.50855008  1.50643644
  1.62943173  1.162987    0.19156161  0.39989873 -0.50855008 -0.50855008
 -0.50855008 -0.50855008  0.75006627  0.45429248 -0.50855008 -0.50855008
 -0.50855008  0.11337581 -0.50855008  2.58768361 -0.50855008 -0.50855008
 -0.50855008 -0.50855008 -0.50855008 -0.50855008]",[0.09464757977254906]
0,"[-0.52385116 -0.52385116 -0.52385116 -0.52385116 -0.52385116 -0.52385116
  4.12355833 -0.1379225  -0.52385116  0.86371493 -0.52385116 -0.52385116
 -0.52385116 -0.52385116  0.75335457 -0.52385116 -0.52385116 -0.52385116
  1.68881775 -0.52385116  0.20833381  0.25717299 -0.52385116 -0.52385116
 -0.52385116 -0.52385116  1.49576499  0.43050473 -0.52385116 -0.52385116
 -0.52385116  0.93757904 -0.52385116  2.77585038  0.31674744 -0.52385116
 -0.52385116 -0.52385116 -0.52385116  0.43050473]",[0.07440377296827427]
0,"[-0.40404279 -0.40404279 -0.40404279 -0.40404279 -0.40404279  0.12265136
  3.48657899 -0.40404279 -0.40404279  0.04632136 -0.40404279 -0.40404279
 -0.40404279 -0.40404279 -0.40404279 -0.40404279 -0.40404279 -0.40404279
  2.6504566  -0.40404279  0.59102362 -0.40404279 -0.40404279 -0.40404279
 -0.40404279 -0.40404279  0.5724744  -0.40404279 -0.40404279 -0.40404279
 -0.40404279  0.60894961 -0.40404279  3.7735491   0.67332138 -0.40404279
 -0.40404279 -0.40404279 -0.40404279 -0.40404279]",[-0.004010450942415644]
0,"[-0.47664976 -0.47664976 -0.47664976 -0.47664976 -0.47664976  1.82356682
  3.75049231 -0.47664976 -0.47664976  0.10926357 -0.47664976 -0.47664976
 -0.47664976 -0.47664976 -0.47664976 -0.47664976  0.55804686 -0.47664976
  1.95323719 -0.47664976  0.90918969 -0.47664976 -0.47664976 -0.47664976
 -0.47664976 -0.47664976 -0.47664976 -0.47664976 -0.47664976 -0.47664976
 -0.47664976  0.4081529  -0.47664976  2.98576254  0.65302779 -0.47664976
 -0.47664976 -0.47664976 -0.47664976  1.14875303]",[0.03185640338290896]
0,"[-0.51208395 -0.51208395 -0.51208395 -0.51208395 -0.51208395  0.98663818
  3.27461997  0.21221796 -0.51208395  0.5518774  -0.51208395 -0.51208395
 -0.51208395  1.47515768 -0.51208395 -0.51208395  0.39351547 -0.51208395
  2.44793737 -0.51208395  2.68088309 -0.51208395 -0.51208395 -0.51208395
 -0.51208395 -0.51208395 -0.51208395  0.8336536  -0.51208395 -0.51208395
 -0.51208395 -0.51208395 -0.51208395  2.0351852  -0.04125146 -0.51208395
 -0.51208395 -0.51208395 -0.51208395 -0.51208395]",[-0.08718063979861923]
0,"[-0.52173118 -0.52173118 -0.52173118 -0.52173118 -0.52173118  0.43928654
  4.0079694   0.34347291 -0.52173118  0.75894681 -0.52173118 -0.52173118
 -0.52173118  0.32619829 -0.52173118 -0.52173118 -0.52173118 -0.52173118
  1.89024692 -0.52173118  2.27351723 -0.52173118 -0.52173118 -0.52173118
 -0.52173118 -0.52173118  0.83423048  0.39074845 -0.52173118 -0.52173118
 -0.52173118  0.49504299 -0.52173118  2.2692909   0.57952213 -0.52173118
 -0.52173118 -0.52173118 -0.52173118 -0.52173118]",[0.14048799048862054]
0,"[-0.48696374 -0.48696374 -0.48696374 -0.48696374 -0.48696374  0.99470757
  3.80754304 -0.12496906 -0.48696374  0.2615951  -0.48696374 -0.48696374
 -0.48696374 -0.48696374 -0.48696374 -0.48696374 -0.48696374  1.65821162
  1.25418652 -0.48696374  1.02213067 -0.48696374 -0.48696374 -0.48696374
 -0.48696374 -0.48696374 -0.48696374 -0.48696374 -0.48696374 -0.48696374
 -0.48696374 -0.48696374 -0.48696374  2.69351529  1.70242238 -0.48696374
 -0.48696374 -0.48696374 -0.48696374  1.3395692 ]",[-0.10164723978975049]
0,"[-0.53199707 -0.53199707 -0.53199707 -0.14854062 -0.53199707  0.92913172
  2.84792752  0.67473869 -0.53199707  0.79688262 -0.53199707 -0.53199707
 -0.53199707  0.60406404 -0.53199707 -0.53199707 -0.53199707 -0.53199707
  2.50584261 -0.53199707  1.92987089 -0.53199707 -0.53199707 -0.53199707
 -0.53199707 -0.53199707 -0.53199707 -0.53199707 -0.53199707 -0.53199707
 -0.53199707  2.22329776 -0.53199707  2.45383542  0.61086449 -0.53199707
 -0.53199707 -0.53199707 -0.53199707 -0.53199707]",[-0.04318512472735325]
0,"[-0.54465102 -0.54465102 -0.54465102 -0.54465102 -0.54465102  0.54981152
  3.31692073  0.8216763  -0.54465102  1.61940506 -0.54465102 -0.54465102
 -0.54465102 -0.54465102 -0.54465102 -0.54465102 -0.54465102 -0.54465102
  0.9920403  -0.54465102  0.7885272   0.51244515 -0.54465102 -0.54465102
 -0.54465102 -0.54465102 -0.54465102 -0.54465102  0.9107857  -0.54465102
 -0.54465102  0.5952503  -0.54465102  2.23221249 -0.09676212 -0.54465102
 -0.54465102 -0.54465102 -0.54465102  3.007916  ]",[-0.009714911279490979]
0,"[-0.63069347 -0.63069347 -0.63069347  0.27408241 -0.63069347 -0.24795466
  2.78557683  1.69442644 -0.63069347  2.54803783 -0.63069347 -0.63069347
 -0.63069347 -0.63069347 -0.63069347 -0.63069347 -0.63069347 -0.63069347
  1.08843744 -0.63069347  1.13748312  0.55569478 -0.63069347 -0.63069347
 -0.63069347 -0.63069347  0.5888177   0.08701209 -0.63069347  1.03726583
 -0.63069347  2.07335127 -0.63069347  1.50909494  1.26670412 -0.63069347
 -0.63069347 -0.63069347 -0.63069347 -0.63069347]",[0.02963229057980943]
0,"[-0.50308538 -0.50308538 -0.50308538 -0.50308538 -0.50308538  0.93275925
  3.75955092  2.41904324 -0.50308538  1.17251461 -0.50308538 -0.50308538
 -0.50308538 -0.50308538 -0.50308538 -0.50308538 -0.50308538  1.49467526
  1.42709122 -0.50308538  1.13328842  1.13943663 -0.50308538 -0.50308538
 -0.50308538 -0.50308538 -0.50308538 -0.50308538 -0.50308538 -0.50308538
 -0.50308538 -0.50308538 -0.50308538 -0.19793738 -0.50308538 -0.50308538
 -0.50308538 -0.50308538 -0.50308538  1.81213914]",[0.03008388040886384]
0,"[-0.51990631 -0.51990631 -0.51990631 -0.51990631 -0.51990631  0.46103382
  3.39033881  1.29986751 -0.51990631  2.37813056 -0.51990631 -0.51990631
 -0.51990631 -0.51990631 -0.51990631 -0.51990631 -0.51990631  0.84492351
  1.58629423 -0.51990631  1.3441372   0.72048595 -0.51990631 -0.51990631
 -0.51990631 -0.51990631 -0.51990631 -0.51990631 -0.51990631 -0.51990631
 -0.51990631  1.11395046 -0.51990631  2.45802714 -0.51990631 -0.51990631
 -0.51990631 -0.51990631 -0.51990631 -0.51990631]",[-0.1371767059851272]
0,"[-0.76018476  0.43616319 -0.76018476 -0.76018476 -0.76018476  0.66477475
  2.8713107   1.01730302 -0.76018476  1.59774248 -0.76018476 -0.76018476
 -0.76018476 -0.76018476 -0.76018476 -0.76018476 -0.76018476  0.6628992
  1.26318243  0.19851759  0.94906802  0.04034598 -0.27065216 -0.76018476
 -0.76018476 -0.76018476  0.88395797 -0.76018476 -0.76018476 -0.76018476
  0.11743317  1.41590115 -0.76018476  2.16887288  0.25622069  0.45127198
 -0.76018476 -0.76018476 -0.76018476  1.99975176]",[-0.6341154072685635]
0,"[-0.53343815 -0.53343815 -0.53343815 -0.53343815 -0.53343815  0.60293666
  3.64541094  1.11421844 -0.53343815  0.37357429 -0.53343815 -0.53343815
 -0.53343815 -0.53343815 -0.53343815 -0.53343815  0.81208893 -0.53343815
  1.45270254 -0.53343815  1.63140194  0.39189488 -0.53343815 -0.53343815
 -0.53343815 -0.53343815 -0.53343815 -0.53343815 -0.53343815  1.25274694
 -0.53343815 -0.53343815 -0.53343815  2.71705729  1.47567348 -0.53343815
 -0.53343815 -0.53343815 -0.53343815 -0.53343815]",[-0.11151021177387999]
0,"[-0.46478511 -0.46478511 -0.46478511 -0.46478511 -0.46478511 -0.46478511
  4.0805777   1.03106932 -0.46478511  1.37299686 -0.46478511 -0.46478511
 -0.46478511 -0.46478511 -0.46478511 -0.46478511 -0.46478511 -0.46478511
  1.0727799  -0.46478511  1.6613814   1.35454929 -0.46478511 -0.46478511
 -0.46478511 -0.46478511 -0.46478511  0.58682121 -0.46478511 -0.46478511
 -0.46478511 -0.46478511 -0.46478511  2.70537495 -0.46478511 -0.46478511
 -0.46478511 -0.46478511 -0.46478511  0.54278784]",[-0.022668215339966213]
0,"[-0.48883793 -0.48883793 -0.48883793 -0.48883793 -0.48883793  0.48497264
  3.78277868  2.02518322 -0.48883793  2.1175482  -0.48883793 -0.48883793
 -0.48883793 -0.48883793 -0.48883793 -0.48883793  0.36525596  0.78777411
  1.02299917 -0.48883793  2.16757875  0.12601829 -0.48883793 -0.48883793
 -0.48883793 -0.48883793 -0.48883793 -0.48883793 -0.48883793 -0.48883793
 -0.48883793 -0.48883793 -0.48883793  1.78502893 -0.48883793 -0.48883793
 -0.48883793 -0.48883793 -0.48883793 -0.48883793]",[-0.05394159665897169]
0,"[-0.46205288 -0.46205288 -0.46205288 -0.46205288 -0.46205288  0.48731823
  4.32491149  1.20366621 -0.46205288  0.82978735 -0.46205288 -0.46205288
 -0.46205288 -0.46205288 -0.46205288 -0.46205288  0.79043755 -0.46205288
  1.97176012 -0.46205288  2.27247283  0.06766624 -0.46205288 -0.46205288
 -0.46205288 -0.46205288 -0.46205288 -0.46205288 -0.46205288 -0.46205288
 -0.46205288  0.24850827 -0.46205288  1.66505822 -0.46205288 -0.46205288
 -0.46205288 -0.46205288 -0.46205288 -0.46205288]",[-0.1575460470601902]
0,"[-0.65714796 -0.65714796 -0.65714796 -0.65714796 -0.65714796  0.47153616
  3.25892248  0.27565902 -0.65714796  0.63929573 -0.65714796 -0.65714796
 -0.65714796  0.98510219 -0.65714796 -0.65714796 -0.65714796  0.6787099
  2.54995575  1.31957284  1.70461446 -0.65714796  0.88896584 -0.65714796
  0.6787099  -0.65714796 -0.65714796  0.61028654 -0.65714796 -0.65714796
 -0.65714796  0.11953292 -0.65714796  1.87622993  0.37160522 -0.65714796
 -0.65714796 -0.65714796 -0.65714796 -0.65714796]",[0.16327304038415147]
0,"[-0.45018813 -0.45018813 -0.45018813 -0.45018813 -0.45018813  0.41212882
  3.80601966 -0.26022729 -0.45018813  0.79179406 -0.45018813 -0.45018813
 -0.45018813 -0.45018813 -0.45018813 -0.45018813 -0.45018813 -0.45018813
  2.16717314 -0.45018813  1.92729893 -0.45018813 -0.45018813 -0.45018813
  1.18102938 -0.45018813 -0.45018813 -0.45018813 -0.45018813 -0.45018813
 -0.45018813 -0.45018813 -0.45018813  2.61189052  1.3187248  -0.45018813
 -0.45018813 -0.45018813 -0.45018813 -0.45018813]",[-0.23816931525446666]
0,"[-0.70213749  1.4043746   1.31404176  0.15226089 -0.70213749  0.48879071
  3.55043696 -0.4069424  -0.70213749  0.98716275  0.89973155 -0.70213749
 -0.70213749 -0.70213749 -0.70213749 -0.70213749 -0.70213749 -0.70213749
  1.07021363 -0.70213749  0.46677629  1.07108884 -0.70213749 -0.70213749
  1.08820947 -0.70213749  1.38461268 -0.70213749 -0.70213749 -0.70213749
 -0.70213749 -0.28002223 -0.70213749  1.99173746 -0.70213749 -0.70213749
 -0.70213749 -0.70213749  0.3826301   0.58405923]",[0.5358735817915272]
0,"[-1.02013254e+00  1.83914778e+00  1.45648619e+00 -1.02013254e+00
 -1.02013254e+00  2.19128633e-01  2.68540051e+00  7.63082348e-01
 -1.02013254e+00  1.03380190e+00  8.83931815e-01 -1.02013254e+00
 -1.02013254e+00 -2.46673369e-03 -1.02013254e+00  1.16359355e+00
 -4.58196012e-01  5.91371764e-01  1.33040952e+00 -1.02013254e+00
  6.20779074e-01  1.45582935e-01 -3.75028785e-02 -1.02013254e+00
  1.46738069e+00 -1.02013254e+00  2.16403747e-02 -1.02013254e+00
  4.43782231e-01 -1.02013254e+00  6.04334655e-01  6.34214045e-02
 -1.02013254e+00  8.61513359e-01 -1.54828941e-01 -1.02013254e+00
 -1.02013254e+00 -1.02013254e+00  2.16403747e-02  7.58686149e-01]",[0.5970983569668451]
0,"[-0.68328492  1.39354365  0.8524421  -0.68328492 -0.68328492  0.97975397
  3.19717629  1.2350249  -0.68328492  0.58626526 -0.68328492 -0.68328492
 -0.68328492 -0.68328492 -0.68328492 -0.68328492 -0.68328492  1.04615693
  1.38985528 -0.68328492  1.08799943 -0.68328492 -0.68328492 -0.68328492
  1.04615693 -0.68328492 -0.68328492 -0.68328492  0.39870145 -0.68328492
  0.10609121  0.18245719 -0.68328492  2.66243745 -0.35773352 -0.68328492
 -0.68328492 -0.68328492 -0.68328492  0.59250968]",[0.9749119412136156]
0,"[-0.91956149  1.88778206  1.4465212  -0.91956149 -0.91956149  0.37348827
  2.47509848  0.85444406 -0.91956149  1.09818593  1.02639748 -0.91956149
 -0.91956149 -0.91956149 -0.91956149  1.28844037 -0.08339052 -0.91956149
  0.91061693 -0.08339052  0.91399986  0.15030558  0.06814279 -0.91956149
  1.46127548 -0.91956149 -0.91956149 -0.91956149  0.58940061 -0.91956149
  0.84630598 -0.00713368 -0.91956149  1.29963258 -0.91956149 -0.91956149
 -0.91956149 -0.91956149  0.08282044  0.87272489]",[0.16604367264043174]
0,"[-1.14221105  0.20024587  0.20024587 -0.35369813 -1.14221105  0.24652819
  2.81900564  0.57120513 -1.14221105  1.42265591 -1.14221105 -1.14221105
  0.34387054  1.09143806 -1.14221105  0.27914457 -0.44747548  0.52615579
  1.31605157 -0.17968511  0.7690187   0.05805204 -0.17968511 -1.14221105
  1.4981295  -1.14221105  0.34387054  0.70577339  0.82522386 -1.14221105
 -1.14221105  1.37820243 -0.13991977  1.45652373 -0.39398537 -1.14221105
 -1.14221105 -1.14221105 -0.17968511  0.67153645]",[0.3465867237932132]
0,"[-0.48159034 -0.48159034 -0.48159034  0.34613799 -0.48159034  0.34454737
  3.99433077  1.98049849 -0.48159034  1.82877651 -0.48159034 -0.48159034
 -0.48159034 -0.48159034 -0.48159034 -0.48159034 -0.48159034 -0.48159034
  2.35050011 -0.48159034  0.96725205  1.32369581 -0.48159034 -0.48159034
 -0.48159034 -0.48159034 -0.48159034 -0.48159034 -0.48159034 -0.48159034
 -0.48159034  0.15155999 -0.48159034  1.16041099 -0.48159034 -0.48159034
 -0.48159034 -0.48159034 -0.48159034 -0.48159034]",[-0.017931605945128493]
0,"[-0.60653141 -0.60653141 -0.60653141 -0.60653141 -0.60653141  0.92830002
  3.5298962   0.7367643  -0.60653141  2.21538843 -0.60653141 -0.60653141
 -0.60653141  0.14444969 -0.60653141 -0.60653141 -0.60653141  1.07455727
  1.55636437 -0.60653141  0.81133948 -0.11247469 -0.60653141 -0.60653141
  0.85800361 -0.60653141 -0.60653141 -0.60653141  0.41170152 -0.60653141
 -0.60653141  0.8213765  -0.60653141  2.3742492  -0.60653141 -0.60653141
 -0.60653141 -0.60653141 -0.60653141  0.41990085]",[-0.02349018571425343]
0,"[-0.72677158 -0.72677158 -0.72677158 -0.72677158 -0.72677158  0.55867113
  3.16550845  0.80316319 -0.72677158  1.12769211 -0.72677158 -0.72677158
 -0.72677158  1.14437557 -0.72677158 -0.72677158 -0.2708678   1.14437557
  1.6811813  -0.72677158  1.1058859   0.14586718 -0.72677158 -0.72677158
  0.45891044 -0.72677158 -0.72677158  1.01345845  0.85715738 -0.72677158
 -0.72677158  1.77603869 -0.72677158  1.92583071  0.02645978 -0.72677158
 -0.72677158 -0.72677158 -0.72677158  0.05203836]",[0.20578162400826405]
0,"[-0.49356974 -0.49356974 -0.49356974 -0.49356974 -0.49356974  0.37012714
  4.00630339  1.59540243 -0.49356974  2.00890759 -0.49356974 -0.49356974
 -0.49356974 -0.49356974 -0.49356974 -0.49356974  0.2598109  -0.49356974
  2.18391601 -0.49356974  0.88317416  1.41823663 -0.49356974 -0.49356974
  0.78655982 -0.49356974 -0.49356974 -0.49356974 -0.49356974 -0.49356974
 -0.49356974 -0.49356974 -0.49356974  1.29465399 -0.49356974 -0.49356974
 -0.49356974 -0.49356974 -0.49356974 -0.49356974]",[-0.1707301341721405]
0,"[-0.56181972 -0.56181972 -0.56181972 -0.56181972 -0.56181972  0.77585886
  3.73944466  0.67980921 -0.56181972  2.13650191 -0.56181972 -0.56181972
 -0.56181972 -0.56181972 -0.56181972 -0.56181972  0.1984083   1.01381673
  1.75589708 -0.56181972  0.89651037 -0.14566237 -0.56181972 -0.56181972
 -0.56181972 -0.56181972 -0.56181972  0.1984083  -0.56181972 -0.56181972
 -0.56181972  0.94225238 -0.56181972  2.36332147 -0.56181972 -0.56181972
 -0.56181972 -0.56181972 -0.56181972  0.61456565]",[0.6800371515040858]
0,"[-0.16012815 -0.16012815 -0.16012815 -0.16012815 -0.16012815 -0.16012815
 -0.16012815 -0.16012815 -0.16012815  6.244998   -0.16012815 -0.16012815
 -0.16012815 -0.16012815 -0.16012815 -0.16012815 -0.16012815 -0.16012815
 -0.16012815 -0.16012815 -0.16012815 -0.16012815 -0.16012815 -0.16012815
 -0.16012815 -0.16012815 -0.16012815 -0.16012815 -0.16012815 -0.16012815
 -0.16012815 -0.16012815 -0.16012815 -0.16012815 -0.16012815 -0.16012815
 -0.16012815 -0.16012815 -0.16012815 -0.16012815]",[-0.34951905484731477]
0,"[-0.47680989  0.87426612 -0.47680989 -0.47680989 -0.47680989 -0.47680989
  3.87149712 -0.25773802 -0.47680989  0.53155701 -0.47680989 -0.47680989
 -0.47680989 -0.47680989 -0.47680989 -0.47680989  0.67819279 -0.47680989
  0.95517545 -0.47680989  1.52158434 -0.47680989 -0.47680989 -0.47680989
 -0.47680989 -0.47680989 -0.47680989 -0.47680989 -0.47680989 -0.47680989
 -0.47680989  0.50713419 -0.47680989  3.45353464 -0.47680989 -0.47680989
 -0.47680989  0.87426612 -0.47680989  0.81801717]",[-0.16025064585287058]
0,"[-0.48205603  1.32688551 -0.48205603  0.00390056 -0.48205603 -0.48205603
  3.70650352  0.55163903 -0.48205603  1.11163172 -0.48205603 -0.48205603
 -0.48205603 -0.48205603 -0.48205603 -0.48205603 -0.48205603 -0.48205603
  1.9832386  -0.48205603  0.79078821  0.7160858  -0.48205603 -0.48205603
 -0.48205603 -0.48205603 -0.48205603 -0.48205603 -0.48205603 -0.48205603
 -0.48205603 -0.04237259 -0.48205603  3.29579244 -0.48205603 -0.48205603
 -0.48205603 -0.48205603 -0.48205603  0.53553208]",[0.03666136803661413]
0,"[-0.47802845 -0.47802845 -0.47802845  0.20022747 -0.47802845  0.79673468
  3.90186448  0.03084899 -0.47802845 -0.3108132  -0.47802845 -0.47802845
 -0.47802845 -0.47802845 -0.47802845 -0.47802845 -0.47802845  1.48309187
  2.81665802 -0.47802845  1.08533185 -0.47802845 -0.47802845 -0.47802845
 -0.47802845 -0.47802845  1.10004199  0.65504491 -0.47802845 -0.47802845
 -0.47802845 -0.47802845 -0.47802845  2.10379412 -0.47802845 -0.47802845
 -0.47802845 -0.47802845 -0.47802845 -0.47802845]",[-0.013482224472821547]
0,"[-0.52815653 -0.52815653 -0.52815653 -0.52815653 -0.52815653  0.73561015
  3.98285664  1.01648568 -0.52815653  0.75809038 -0.52815653 -0.52815653
 -0.52815653  0.85975406 -0.52815653 -0.52815653 -0.52815653 -0.52815653
  2.19450354 -0.52815653  0.9441625   0.51419469 -0.52815653 -0.52815653
 -0.52815653  0.89263176 -0.52815653  1.18549068 -0.52815653 -0.52815653
 -0.52815653 -0.52815653 -0.52815653  2.23275944 -0.52815653 -0.52815653
 -0.52815653 -0.52815653 -0.52815653 -0.52815653]",[-0.01435202655808443]
0,"[-0.42878447 -0.42878447 -0.42878447 -0.42878447 -0.42878447  1.25380481
  3.88051872 -0.42878447 -0.42878447  0.34940665 -0.42878447 -0.42878447
 -0.42878447 -0.42878447 -0.42878447 -0.42878447 -0.42878447 -0.42878447
  1.93783931 -0.42878447  1.79884551 -0.42878447  0.55803747 -0.42878447
 -0.42878447 -0.42878447 -0.42878447 -0.42878447 -0.42878447 -0.42878447
 -0.42878447 -0.42878447 -0.42878447  3.0412196   0.90143112 -0.42878447
 -0.42878447 -0.42878447 -0.42878447 -0.42878447]",[-0.0006928277512017744]
0,"[-0.31908879 -0.31908879 -0.31908879  0.62095254 -0.31908879  0.95769929
  5.3137904  -0.31908879 -0.31908879 -0.22571045 -0.31908879 -0.31908879
 -0.31908879 -0.31908879 -0.31908879 -0.31908879 -0.31908879 -0.31908879
  2.09172731 -0.31908879  0.14224507 -0.31908879 -0.31908879 -0.31908879
 -0.31908879 -0.31908879 -0.31908879 -0.31908879 -0.31908879 -0.31908879
 -0.31908879 -0.31908879 -0.31908879  1.62922586 -0.31908879 -0.31908879
 -0.31908879 -0.31908879 -0.31908879 -0.31908879]",[-0.12438909361569667]
0,"[-0.43607942 -0.43607942 -0.43607942 -0.43607942 -0.43607942  0.48870449
  3.59939046 -0.2675837  -0.43607942  0.19739753 -0.43607942 -0.43607942
 -0.43607942 -0.43607942 -0.43607942 -0.43607942 -0.43607942 -0.43607942
  1.66223126 -0.43607942  2.80205414 -0.43607942 -0.43607942 -0.43607942
 -0.43607942 -0.43607942  0.70350812 -0.43607942 -0.43607942  0.70350812
 -0.43607942 -0.43607942 -0.43607942  3.06073942  0.13243268 -0.43607942
 -0.43607942 -0.43607942 -0.43607942 -0.43607942]",[-0.1473867148964338]
0,"[-0.58461549 -0.58461549 -0.58461549 -0.58461549 -0.58461549  0.75985364
  3.88246837 -0.58461549 -0.58461549 -0.27547129 -0.58461549 -0.58461549
 -0.58461549  0.91297987 -0.58461549 -0.58461549  0.52204439  1.12400014
  2.03602651 -0.58461549  1.21727708 -0.58461549 -0.58461549 -0.58461549
 -0.58461549 -0.58461549  1.74381104  0.84266358 -0.58461549 -0.58461549
 -0.58461549  1.14806667 -0.58461549  1.27419164  0.59670649 -0.58461549
 -0.58461549 -0.58461549 -0.58461549 -0.58461549]",[-0.06087997348535379]
0,"[-0.47550933 -0.47550933 -0.47550933 -0.47550933 -0.47550933 -0.22600461
  2.91005574 -0.47550933 -0.47550933 -0.37749413 -0.47550933 -0.47550933
 -0.47550933 -0.47550933 -0.47550933 -0.47550933 -0.47550933 -0.47550933
  0.77211129  0.65471063  1.82333705 -0.47550933  2.02159086 -0.47550933
 -0.47550933 -0.47550933 -0.47550933 -0.47550933 -0.47550933  2.00414762
 -0.47550933 -0.03570721 -0.47550933  3.41091764  0.83210568 -0.47550933
 -0.47550933 -0.47550933 -0.47550933 -0.47550933]",[-0.07602112739550648]
0,"[-0.42558281 -0.42558281 -0.42558281 -0.42558281 -0.42558281  1.08693233
  4.18917987 -0.42558281 -0.42558281  0.19549389 -0.42558281 -0.42558281
 -0.42558281 -0.42558281 -0.42558281 -0.42558281 -0.42558281 -0.42558281
  1.80510557 -0.42558281  0.49090256 -0.42558281 -0.42558281 -0.42558281
 -0.42558281 -0.42558281  1.01570465 -0.42558281 -0.42558281 -0.42558281
 -0.42558281 -0.42558281 -0.42558281  3.19027686  0.32344882 -0.42558281
 -0.42558281 -0.42558281 -0.42558281  0.89602269]",[-0.023955532769202814]
0,"[-0.53922985 -0.53922985 -0.53922985 -0.53922985 -0.53922985  0.9041213
  3.28062422  2.09530378 -0.53922985  1.48518026 -0.53922985 -0.53922985
 -0.53922985  1.65633098 -0.53922985 -0.53922985 -0.53922985 -0.53922985
  1.14133084 -0.53922985  0.6998618  -0.53922985 -0.53922985 -0.53922985
 -0.53922985 -0.53922985 -0.53922985  1.16594241 -0.53922985 -0.53922985
 -0.53922985  1.5731452  -0.53922985  2.17505482 -0.53922985 -0.53922985
 -0.53922985 -0.53922985 -0.53922985 -0.53922985]",[0.07709597510790167]
0,"[-0.62396868 -0.62396868 -0.62396868 -0.62396868 -0.62396868  0.44363749
  3.28021249  1.85268381 -0.62396868  2.29907762 -0.62396868 -0.62396868
 -0.62396868  0.48759072 -0.62396868 -0.62396868 -0.62396868 -0.62396868
  1.07961388 -0.62396868  0.86444806  0.2995382   0.07879854 -0.62396868
 -0.62396868 -0.62396868 -0.62396868 -0.62396868  1.34123724 -0.62396868
 -0.62396868  1.747177   -0.62396868  0.93501764  0.02094098 -0.62396868
 -0.62396868 -0.62396868 -0.62396868  1.49321196]",[-0.03588205375554099]
0,"[-0.52718754 -0.52718754 -0.52718754 -0.52718754 -0.52718754  1.03799764
  3.62194098  2.27424671 -0.52718754  0.89851824 -0.52718754 -0.52718754
 -0.52718754  1.03555055 -0.52718754 -0.52718754 -0.52718754 -0.52718754
  2.0126647  -0.52718754  1.04639659 -0.52718754 -0.52718754 -0.52718754
 -0.52718754 -0.52718754 -0.52718754  0.97522218  1.26349051 -0.52718754
 -0.52718754 -0.52718754 -0.52718754  1.64959805 -0.52718754 -0.52718754
 -0.52718754 -0.52718754 -0.52718754 -0.52718754]",[-0.0670830866871257]
0,"[-0.44565581 -0.44565581 -0.44565581  0.17435954 -0.44565581  1.69012486
  3.78219456  0.2143742  -0.44565581 -0.31143018 -0.44565581 -0.44565581
 -0.44565581 -0.44565581 -0.44565581 -0.44565581  0.06541085  1.54318875
  2.33340641 -0.44565581  1.11538765 -0.44565581 -0.44565581 -0.44565581
 -0.44565581 -0.44565581 -0.44565581 -0.44565581 -0.44565581 -0.44565581
 -0.44565581 -0.44565581 -0.44565581  2.76265771 -0.44565581 -0.44565581
 -0.44565581 -0.44565581 -0.44565581 -0.44565581]",[0.01141943063046591]
0,"[-0.54697509 -0.54697509 -0.54697509 -0.54697509 -0.54697509  0.2972101
  3.27732603  0.83622108 -0.54697509  1.5343367  -0.54697509 -0.54697509
 -0.54697509 -0.54697509 -0.54697509 -0.54697509 -0.54697509 -0.54697509
  2.28581336  0.67449681  1.56525047 -0.54697509 -0.54697509 -0.54697509
 -0.54697509 -0.54697509 -0.54697509 -0.54697509  1.5210566  -0.54697509
 -0.54697509  1.72540207 -0.54697509  1.99985948  0.14530494 -0.54697509
 -0.54697509 -0.54697509 -0.54697509 -0.54697509]",[-0.04225231461637402]
0,"[-0.51935969 -0.51935969 -0.51935969 -0.51935969 -0.51935969  0.33699979
  3.90289377 -0.09404685 -0.51935969  1.35464398 -0.51935969 -0.51935969
 -0.51935969  0.5588545  -0.51935969 -0.51935969 -0.51935969 -0.51935969
  1.13340398 -0.51935969  1.32415105 -0.51935969 -0.51935969 -0.51935969
 -0.51935969 -0.51935969 -0.51935969  1.2276787  -0.51935969 -0.51935969
 -0.51935969  1.13940861 -0.51935969  1.85808815 -0.51935969 -0.51935969
 -0.51935969 -0.51935969 -0.51935969  2.31935523]",[0.06116031203175376]
0,"[-0.37244675 -0.37244675 -0.37244675  0.74463118 -0.37244675  0.12626546
  4.68680553  2.81065878 -0.37244675 -0.29165176 -0.37244675 -0.37244675
 -0.37244675 -0.37244675 -0.37244675 -0.37244675 -0.37244675 -0.37244675
  1.48768103 -0.37244675  1.34429957 -0.37244675 -0.37244675 -0.37244675
 -0.37244675 -0.37244675 -0.37244675 -0.37244675 -0.37244675 -0.37244675
 -0.37244675 -0.37244675 -0.37244675  1.00960635 -0.37244675 -0.37244675
 -0.37244675 -0.37244675 -0.37244675 -0.37244675]",[-0.16821282148214062]
0,"[-0.48846099 -0.48846099 -0.48846099 -0.48846099 -0.48846099  0.35874514
  3.36748494 -0.48846099 -0.48846099  0.26371337 -0.48846099 -0.48846099
 -0.48846099 -0.48846099 -0.48846099 -0.48846099  0.60970106 -0.48846099
  1.66751916 -0.48846099  1.80274781 -0.48846099  0.78849138 -0.48846099
 -0.48846099 -0.48846099 -0.48846099 -0.48846099 -0.48846099 -0.48846099
 -0.48846099  0.50053084 -0.48846099  2.7233146   2.57158138 -0.48846099
 -0.48846099 -0.48846099 -0.48846099 -0.48846099]",[-0.02236054047552999]
1,"[ 1.32399286 -0.66572029 -0.66572029 -0.66572029  1.20577856  0.7747549
  3.54262006  1.46749122  0.96554469  0.91861478 -0.66572029  1.24903514
 -0.66572029 -0.66572029 -0.66572029 -0.66572029 -0.66572029 -0.66572029
  1.1255512  -0.66572029  0.33991692  0.22216623  0.83981302 -0.66572029
 -0.66572029 -0.66572029 -0.66572029  0.17935639 -0.66572029 -0.66572029
 -0.66572029  0.29334795 -0.66572029  2.19502341 -0.66572029 -0.66572029
 -0.66572029 -0.66572029 -0.66572029 -0.66572029]",[0.13717734262817283]
1,"[-0.40048397 -0.40048397 -0.40048397 -0.40048397 -0.40048397  0.55309685
  2.84910939 -0.40048397 -0.40048397  0.8061116  -0.40048397 -0.40048397
 -0.40048397 -0.40048397 -0.40048397 -0.40048397 -0.40048397 -0.40048397
  0.8092264  -0.40048397 -0.04474569 -0.40048397 -0.40048397 -0.40048397
 -0.40048397 -0.40048397  1.04388343  0.57148734 -0.40048397 -0.40048397
 -0.40048397  1.05523254 -0.40048397  4.77160123 -0.40048397 -0.40048397
 -0.40048397 -0.40048397 -0.40048397 -0.40048397]",[-0.0847734611875221]
1,"[-0.44127933 -0.44127933 -0.44127933 -0.44127933 -0.44127933  0.87475382
  3.45583831 -0.20800557 -0.44127933 -0.18658116 -0.44127933 -0.44127933
 -0.44127933 -0.44127933 -0.44127933 -0.44127933 -0.44127933 -0.44127933
  2.53835186 -0.44127933  1.67469646  0.02220311 -0.44127933 -0.44127933
 -0.44127933 -0.44127933  0.9973836  -0.44127933 -0.44127933 -0.44127933
 -0.44127933  0.04831701 -0.44127933  3.35733991  0.22280323 -0.44127933
 -0.44127933 -0.44127933 -0.44127933 -0.44127933]",[-0.13563332887199153]
1,"[-0.45221537 -0.45221537 -0.45221537 -0.45221537 -0.45221537  0.3337259
  4.15777413 -0.45221537 -0.45221537  0.42614612 -0.45221537 -0.45221537
 -0.45221537 -0.45221537 -0.45221537 -0.45221537 -0.45221537 -0.45221537
  2.10684982 -0.45221537  1.69766706 -0.45221537  0.09309289 -0.45221537
 -0.45221537 -0.45221537 -0.45221537  0.38282886 -0.45221537 -0.45221537
 -0.45221537  1.86892662 -0.45221537  2.29670944  0.20274039 -0.45221537
 -0.45221537 -0.45221537 -0.45221537 -0.45221537]",[-0.051666057270472854]
1,"[-0.4139025  -0.4139025  -0.4139025  -0.4139025  -0.4139025   0.67323635
  4.59756818 -0.4139025  -0.4139025   0.10936899 -0.4139025  -0.4139025
 -0.4139025   0.99500921 -0.4139025  -0.4139025  -0.4139025  -0.4139025
  1.61040548 -0.4139025   0.22037416  1.01860546 -0.4139025  -0.4139025
 -0.4139025  -0.4139025  -0.4139025  -0.4139025  -0.4139025  -0.4139025
 -0.4139025   0.82501333 -0.4139025   2.78139646 -0.4139025  -0.4139025
 -0.4139025  -0.4139025  -0.4139025  -0.4139025 ]",[-0.08675187167952209]
1,"[-0.44944738 -0.44944738 -0.44944738 -0.44944738 -0.44944738  0.73195929
  3.83206248 -0.44944738 -0.44944738 -0.44944738 -0.44944738 -0.44944738
 -0.44944738  1.58349224 -0.44944738 -0.44944738 -0.44944738 -0.44944738
  1.6943583  -0.44944738  0.5728774  -0.44944738 -0.44944738 -0.44944738
 -0.44944738 -0.44944738  1.86718468  1.45185661 -0.44944738 -0.44944738
 -0.44944738 -0.44944738 -0.44944738  2.64852522 -0.44944738 -0.44944738
 -0.44944738 -0.44944738 -0.44944738 -0.44944738]",[-0.09343563539823074]
1,"[-0.40805324 -0.40805324 -0.40805324 -0.40805324 -0.40805324  0.79943629
  2.73130863 -0.40805324 -0.40805324  0.07048543 -0.40805324 -0.40805324
 -0.40805324 -0.40805324 -0.40805324 -0.40805324  0.07860626 -0.40805324
  3.07591837 -0.40805324  0.12867516 -0.40805324 -0.40805324 -0.40805324
 -0.40805324 -0.40805324 -0.40805324  0.4809667  -0.40805324 -0.40805324
 -0.40805324 -0.40805324 -0.40805324  3.8784821   1.40577146 -0.40805324
 -0.40805324 -0.40805324 -0.40805324 -0.40805324]",[-0.00961362803951965]
1,"[-0.59926459 -0.59926459 -0.59926459 -0.59926459 -0.59926459  1.00387898
  3.01614137  0.22466074 -0.59926459  0.75070745 -0.59926459 -0.59926459
 -0.59926459  1.38112567 -0.59926459 -0.59926459  0.0140308   1.18360101
  2.31399831 -0.59926459  2.414571   -0.59926459 -0.59926459 -0.59926459
 -0.59926459 -0.59926459  0.9539367   0.76343409 -0.59926459 -0.59926459
 -0.59926459  0.28448257 -0.59926459  1.87557513 -0.59926459 -0.59926459
 -0.59926459 -0.59926459 -0.59926459 -0.59926459]",[0.03177357754983823]
1,"[-0.38124319 -0.38124319 -0.38124319 -0.38124319 -0.38124319 -0.38124319
  4.87095622 -0.00986864 -0.38124319 -0.01212362 -0.38124319 -0.38124319
 -0.38124319 -0.38124319 -0.38124319 -0.38124319 -0.38124319 -0.38124319
  1.82052442 -0.38124319  1.19576529 -0.38124319 -0.38124319 -0.38124319
 -0.38124319 -0.38124319  1.54380846  0.84723133 -0.38124319 -0.38124319
 -0.38124319 -0.38124319 -0.38124319  1.94348861 -0.38124319 -0.38124319
 -0.38124319 -0.38124319 -0.38124319 -0.38124319]",[-0.12475000265741104]
1,"[-0.58861098 -0.58861098 -0.58861098 -0.58861098 -0.58861098  0.77918348
  3.53139079 -0.28370649 -0.58861098  0.00687762 -0.58861098 -0.58861098
 -0.58861098  0.11204317 -0.58861098 -0.58861098 -0.58861098  1.5227173
  0.98223415  1.09258838  1.13240863 -0.58861098 -0.58861098 -0.58861098
 -0.58861098 -0.58861098 -0.58861098  0.35130996 -0.58861098 -0.58861098
 -0.58861098  0.94513593 -0.58861098  2.69092302  1.86265384 -0.58861098
 -0.58861098 -0.58861098 -0.58861098  0.57812581]",[0.2299399179919826]
1,"[-4.81328174e-01 -4.81328174e-01 -4.81328174e-01  3.81216922e-03
 -4.81328174e-01  8.08497164e-01  4.00779665e+00  2.16144227e+00
 -4.81328174e-01  1.49097096e+00 -4.81328174e-01 -4.81328174e-01
 -4.81328174e-01 -4.81328174e-01 -4.81328174e-01 -4.81328174e-01
 -4.81328174e-01 -4.81328174e-01  1.70188650e+00 -4.81328174e-01
  5.47005574e-01 -4.81328174e-01 -4.81328174e-01 -4.81328174e-01
 -4.81328174e-01 -4.81328174e-01  9.25301175e-01  5.34550718e-01
 -4.81328174e-01 -4.81328174e-01 -4.81328174e-01 -4.81328174e-01
 -4.81328174e-01  2.25858205e+00 -4.81328174e-01 -4.81328174e-01
 -4.81328174e-01 -4.81328174e-01 -4.81328174e-01 -4.81328174e-01]",[0.05945851247531153]
1,"[-0.55436593 -0.55436593 -0.55436593 -0.55436593 -0.55436593  0.76676433
  3.82061734  1.25935742 -0.55436593  1.44484682 -0.55436593 -0.55436593
 -0.55436593 -0.55436593 -0.55436593 -0.55436593 -0.55436593 -0.55436593
  1.31128556 -0.55436593  0.63893461  0.73565182 -0.55436593 -0.55436593
 -0.55436593 -0.55436593 -0.55436593  0.79807589 -0.55436593 -0.55436593
 -0.55436593  0.29160909 -0.55436593  1.81935043  0.23116042 -0.55436593
 -0.55436593 -0.55436593 -0.55436593  2.40459242]",[-0.02525626315730234]
1,"[-0.60106118 -0.60106118 -0.60106118 -0.60106118 -0.60106118 -0.26998002
  2.85262092  1.60628803 -0.60106118  2.76501175 -0.60106118 -0.60106118
 -0.60106118 -0.60106118 -0.60106118 -0.60106118 -0.60106118 -0.60106118
  1.07239514 -0.60106118  1.03142915  0.58449646 -0.60106118 -0.60106118
 -0.60106118 -0.60106118 -0.60106118 -0.60106118  0.98046898  0.73922747
 -0.60106118  1.99383173 -0.60106118  1.51051239  1.21103317 -0.60106118
 -0.60106118 -0.60106118 -0.60106118  0.1513166 ]",[0.005385274459085987]
1,"[-0.44521479 -0.44521479 -0.44521479  0.60334875 -0.44521479  1.07703624
  4.55042574  0.21778184 -0.44521479 -0.08899698 -0.44521479 -0.44521479
 -0.44521479 -0.44521479 -0.44521479 -0.44521479  0.04519655  1.52068486
  2.29258007 -0.44521479 -0.19876374 -0.44521479 -0.44521479 -0.44521479
 -0.44521479 -0.44521479  1.1506981  -0.44521479 -0.44521479 -0.44521479
 -0.44521479 -0.44521479 -0.44521479  1.74123742 -0.44521479 -0.44521479
 -0.44521479 -0.44521479 -0.44521479 -0.44521479]",[-0.10945078313399026]
1,"[-0.4730015  -0.4730015  -0.4730015  -0.4730015  -0.4730015   0.24576641
  3.7816939   1.83603003 -0.4730015   2.99246714 -0.4730015  -0.4730015
 -0.4730015  -0.4730015  -0.4730015  -0.4730015  -0.4730015  -0.4730015
  0.79296654 -0.4730015   1.03159278 -0.4730015  -0.4730015  -0.4730015
 -0.4730015  -0.4730015  -0.4730015  -0.4730015   1.72098919 -0.4730015
 -0.4730015  -0.4730015  -0.4730015   1.28781613 -0.0342404  -0.4730015
 -0.4730015  -0.4730015  -0.4730015   0.53496319]",[0.07019993517614492]
1,"[-0.65708301 -0.65708301 -0.65708301 -0.65708301 -0.65708301  0.86977444
  3.38112642  1.79019226 -0.65708301  1.14520746 -0.65708301 -0.65708301
 -0.65708301  0.51467478 -0.65708301 -0.65708301 -0.65708301  0.8060318
  1.61422817 -0.65708301  1.41823434  0.98352715 -0.65708301 -0.65708301
 -0.65708301 -0.65708301 -0.65708301  0.54243212 -0.65708301 -0.65708301
 -0.65708301  0.83951191 -0.65708301  1.9241598   0.42570598 -0.65708301
 -0.65708301 -0.65708301 -0.65708301  0.8293517 ]",[0.21288567339357783]
1,"[-0.51668224 -0.51668224 -0.51668224 -0.51668224 -0.51668224  1.3638866
  3.70443375  2.4366114  -0.51668224  1.63988321 -0.51668224 -0.51668224
 -0.51668224 -0.51668224 -0.51668224 -0.51668224 -0.51668224  0.99432007
  1.3501934  -0.51668224  0.97298597 -0.51668224  0.22896354 -0.51668224
 -0.51668224 -0.51668224  1.29215965 -0.51668224 -0.51668224 -0.51668224
 -0.51668224 -0.51668224 -0.51668224  1.51702954 -0.51668224 -0.51668224
 -0.51668224 -0.51668224 -0.51668224 -0.51668224]",[0.16683063289306227]
1,"[-0.45710582 -0.45710582 -0.45710582 -0.45710582 -0.45710582  0.39925396
  4.8449591   1.34536065 -0.45710582  1.10779304 -0.45710582 -0.45710582
 -0.45710582 -0.45710582 -0.45710582 -0.45710582 -0.45710582 -0.45710582
  0.7097909  -0.45710582  0.46896923 -0.45710582 -0.45710582 -0.45710582
 -0.45710582 -0.45710582  1.33402699  0.88849399  0.88849399 -0.45710582
 -0.45710582 -0.45710582 -0.45710582  1.72603265 -0.45710582 -0.45710582
 -0.45710582 -0.45710582 -0.45710582 -0.45710582]",[-0.13714346501722496]
1,"[-0.77300209 -0.77300209 -0.77300209  0.14795064 -0.77300209  0.81160354
  3.25454803  1.15078895 -0.77300209  0.95347472 -0.77300209 -0.77300209
 -0.77300209  0.45647666  0.12440527  1.05153046 -0.77300209 -0.77300209
  1.42229939 -0.77300209  1.33078764  0.46958651 -0.77300209 -0.77300209
 -0.77300209 -0.77300209 -0.77300209  0.53175915 -0.77300209  0.36640416
  0.57547533 -0.77300209 -0.77300209  2.37378455  1.10660621  0.36640416
 -0.77300209 -0.77300209 -0.77300209  0.51216054]",[-1.2370550357895125]
1,"[-0.66689077 -0.66689077 -0.66689077 -0.66689077 -0.66689077  0.04022017
  3.00072761  0.81959318 -0.66689077  2.21833825 -0.66689077 -0.66689077
 -0.66689077 -0.66689077 -0.66689077  2.14912478  0.29072373 -0.66689077
  1.22779921 -0.66689077  1.25837812  0.6842593  -0.66689077 -0.66689077
 -0.66689077 -0.66689077  0.26242256 -0.66689077  1.37313059 -0.66689077
 -0.66689077  0.29319696 -0.66689077  1.0052974  -0.66689077 -0.66689077
 -0.66689077 -0.66689077  0.36500516  1.68405225]",[0.014525959901569685]
1,"[-0.64494836 -0.64494836 -0.64494836 -0.64494836 -0.64494836  0.55614194
  3.34906242  1.01728964 -0.64494836  0.32471099 -0.64494836 -0.64494836
 -0.64494836 -0.64494836 -0.64494836 -0.64494836 -0.64494836  0.62510872
  1.54302811 -0.64494836  1.71063715  0.04012557 -0.64494836 -0.64494836
 -0.64494836  0.62510872 -0.64494836  0.4142134  -0.64494836  1.09214398
 -0.64494836  0.27999231 -0.64494836  2.59263307  1.59815217 -0.64494836
 -0.64494836 -0.64494836 -0.64494836  0.35536086]",[0.024846473804424618]
1,"[-0.48745333 -0.48745333 -0.48745333 -0.48745333 -0.48745333 -0.48745333
  3.8576807   0.967528   -0.48745333  1.0935127  -0.48745333 -0.48745333
 -0.48745333 -0.48745333 -0.48745333 -0.48745333 -0.48745333 -0.48745333
  0.98320426 -0.48745333  1.41812121  0.77193981 -0.48745333 -0.48745333
 -0.48745333 -0.48745333 -0.48745333  0.15561801 -0.48745333 -0.48745333
 -0.48745333  0.48492473 -0.48745333  2.26693868 -0.48745333 -0.48745333
 -0.48745333 -0.48745333 -0.48745333  2.62413173]",[0.07781145769720654]
1,"[-5.42779529e-01 -5.42779529e-01 -5.42779529e-01 -5.42779529e-01
 -5.42779529e-01  6.89051726e-01  4.12812612e+00  1.70507376e+00
 -5.42779529e-01  1.73336765e+00 -5.42779529e-01 -5.42779529e-01
 -5.42779529e-01 -5.42779529e-01 -5.42779529e-01 -5.42779529e-01
  4.20440288e-01 -5.42779529e-01  1.23492436e+00 -5.42779529e-01
  7.74486723e-01 -2.53493713e-03 -5.42779529e-01 -5.42779529e-01
 -5.42779529e-01 -5.42779529e-01 -5.42779529e-01 -5.42779529e-01
  1.18009360e+00 -5.42779529e-01 -5.42779529e-01  3.68420378e-01
 -5.42779529e-01  1.26734398e+00 -5.42779529e-01 -5.42779529e-01
 -5.42779529e-01 -5.42779529e-01 -5.42779529e-01  1.69903315e+00]",[0.04252733765679917]
1,"[-0.68835745 -0.68835745 -0.68835745 -0.68835745 -0.68835745 -0.17576143
  2.899936   -0.04759967 -0.68835745  1.70691012 -0.68835745 -0.68835745
 -0.68835745 -0.68835745  0.31603561 -0.68835745 -0.07416099 -0.68835745
  1.07283877  1.37448093  1.42362153 -0.68835745 -0.68835745 -0.68835745
  0.86712584 -0.68835745  0.58688474 -0.68835745  0.64859382 -0.68835745
 -0.68835745  1.19687569 -0.68835745  2.64216118  1.04909512 -0.68835745
 -0.68835745 -0.68835745 -0.68835745  1.03354143]",[0.051213463485287436]
1,"[-0.8038077   0.85446214  1.16497332 -0.8038077   0.77027632  0.72783487
  2.99773127  0.26539964  0.73752925  1.70939383 -0.8038077  -0.8038077
 -0.8038077   1.20732666 -0.8038077   0.8788594  -0.8038077   0.8788594
  1.09273502 -0.8038077   0.4636834   0.98485614 -0.8038077  -0.8038077
  0.56834822 -0.8038077  -0.8038077  -0.8038077  -0.8038077  -0.8038077
 -0.16626391 -0.8038077  -0.8038077   2.00697548 -0.8038077  -0.8038077
 -0.8038077  -0.8038077  -0.8038077   0.54078903]",[-0.4265287839854981]
1,"[-0.57661574 -0.57661574 -0.57661574 -0.57661574 -0.57661574  0.66979433
  3.98775954  1.53456828 -0.57661574  1.63280192 -0.57661574 -0.57661574
 -0.57661574 -0.57661574 -0.57661574 -0.57661574 -0.15201303  0.90996336
  1.49769786 -0.57661574  0.90069899 -0.57661574 -0.57661574 -0.57661574
 -0.57661574 -0.57661574  1.4873974  -0.57661574 -0.57661574 -0.57661574
  0.46143734  0.88379819 -0.57661574  1.58436016  0.17036061 -0.57661574
 -0.57661574 -0.57661574 -0.57661574 -0.57661574]",[-0.9490265192519024]
1,"[-0.917771    2.01895127  1.45523761 -0.917771   -0.917771   -0.45508729
  2.39634987  1.00479197 -0.917771    1.18716555  0.99723649 -0.917771
 -0.917771   -0.917771   -0.917771    1.2759791  -0.01573269 -0.917771
  1.00353064  0.07749365  0.94329443 -0.2967843  -0.917771    0.13739739
  1.45890127 -0.917771    0.18845708 -0.917771    0.74751865 -0.917771
  1.20143301 -0.38614252 -0.917771    0.57762351 -0.917771   -0.917771
 -0.917771   -0.917771    0.00502677  0.99723649]",[-0.09622242802052683]
1,"[-0.77391609  2.14000585  1.56861894 -0.77391609 -0.77391609 -0.16267818
  2.90577411  0.47321705 -0.77391609  1.24268232  0.81885881 -0.77391609
 -0.77391609 -0.77391609 -0.77391609  1.21405705 -0.03564509 -0.77391609
  1.05454853 -0.77391609  0.90962547 -0.1244901  -0.77391609 -0.77391609
  1.52670496 -0.77391609 -0.77391609 -0.77391609  0.7415669  -0.77391609
  1.01234965 -0.00806894 -0.77391609  0.80789358 -0.77391609 -0.77391609
 -0.77391609 -0.77391609 -0.77391609  0.94113317]",[-0.08203221541963324]
1,"[-0.79562433 -0.79562433 -0.79562433 -0.79562433 -0.79562433  0.48029247
  2.75235975  0.27359025 -0.79562433  2.08853263 -0.79562433 -0.79562433
  0.6893128  -0.19418728 -0.79562433 -0.79562433 -0.79562433 -0.79562433
  1.29350808  1.19056564  1.03346576 -0.05985823 -0.26595146 -0.79562433
  1.56869846 -0.79562433  0.64750646 -0.79562433  1.41989257 -0.79562433
 -0.79562433  0.61152375  0.49882072  1.96807945 -0.79562433  0.16616036
 -0.79562433 -0.79562433 -0.79562433  0.54579874]",[0.4001526083518339]
1,"[-0.49952194 -0.49952194 -0.49952194 -0.49952194 -0.49952194 -0.49952194
  3.87165615  0.85291333 -0.49952194  2.38827593 -0.49952194 -0.49952194
 -0.49952194 -0.49952194 -0.49952194 -0.49952194 -0.49952194 -0.49952194
  1.68290494 -0.49952194  1.08806104  0.47800543 -0.49952194 -0.49952194
  1.95379061 -0.49952194 -0.49952194 -0.49952194  1.13097824 -0.49952194
 -0.49952194  0.23663213 -0.49952194  1.30244046 -0.49952194 -0.49952194
 -0.49952194 -0.49952194 -0.49952194 -0.49952194]",[0.048823905340159846]
1,"[-0.6300216   0.50362342 -0.6300216  -0.6300216  -0.6300216   0.37912509
  3.16552817  0.23200233 -0.6300216   2.06779849 -0.6300216  -0.6300216
 -0.6300216  -0.6300216  -0.6300216  -0.6300216  -0.6300216  -0.6300216
  1.47347508 -0.6300216   0.97868955  0.20281056 -0.6300216  -0.6300216
  1.95804943 -0.6300216  -0.6300216  -0.6300216   1.04329979 -0.6300216
 -0.6300216   0.49183943 -0.6300216   2.22270297 -0.6300216  -0.6300216
 -0.6300216  -0.6300216   0.45864669  1.2029706 ]",[-0.08512037542830353]
1,"[-0.52098996 -0.52098996 -0.52098996  0.163317   -0.52098996  0.47920872
  3.39222426 -0.11244644 -0.52098996  2.5657405  -0.52098996 -0.52098996
 -0.52098996 -0.52098996 -0.52098996 -0.52098996 -0.52098996 -0.52098996
  1.47826733  1.33294287  1.00777118 -0.52098996 -0.52098996 -0.52098996
 -0.52098996 -0.52098996 -0.52098996 -0.52098996  1.78978334 -0.52098996
 -0.52098996  0.78047161 -0.52098996  2.23142845 -0.52098996 -0.52098996
 -0.52098996 -0.52098996 -0.52098996 -0.52098996]",[0.03888005339199008]
1,"[-0.66429987  0.48371285 -0.66429987  0.124165   -0.66429987  0.78844599
  3.96324085  1.56885495 -0.66429987  0.97101994 -0.66429987 -0.66429987
 -0.66429987  0.02511002 -0.66429987 -0.66429987 -0.05715118  0.87333459
  1.73661018 -0.66429987  0.72457398  1.17195539 -0.66429987 -0.66429987
 -0.66429987 -0.66429987  0.17908752 -0.66429987 -0.66429987 -0.66429987
 -0.66429987  0.44682871 -0.66429987  1.96137973 -0.01083949  0.328568
 -0.66429987 -0.66429987 -0.66429987 -0.66429987]",[-0.04079939031505786]
1,"[-0.93884134 -0.93884134 -0.93884134 -0.93884134 -0.93884134  0.54161881
  2.77606358  0.49051399 -0.93884134  1.51464428 -0.93884134 -0.93884134
 -0.93884134  0.31007531 -0.93884134 -0.93884134  0.21433336  0.71027344
  1.36669776  0.77455627  1.04128868  0.01811139 -0.31224967  1.1458122
  1.09025971 -0.93884134 -0.93884134  0.51862777  0.86993531 -0.93884134
  0.11821743  1.12543165 -0.93884134  1.92206262 -0.16392981 -0.93884134
 -0.93884134 -0.93884134 -0.05156594  0.87836607]",[-0.7856902436483515]
1,"[-0.50964721 -0.50964721 -0.50964721 -0.50964721 -0.50964721  1.18863532
  3.7766492   0.65816241 -0.50964721  2.0530055  -0.50964721 -0.50964721
 -0.50964721 -0.50964721 -0.50964721 -0.50964721 -0.50964721 -0.50964721
  1.14221217 -0.50964721  0.61815799 -0.50964721 -0.50964721 -0.50964721
 -0.50964721 -0.50964721 -0.50964721 -0.50964721  0.36328966 -0.50964721
 -0.50964721  1.90257602 -0.50964721  1.87397909  1.7127489  -0.50964721
 -0.50964721 -0.50964721 -0.50964721 -0.50964721]",[-0.0006559085696951072]
1,"[-0.63706054  0.55043636 -0.63706054  0.21371231 -0.63706054 -0.07731481
  2.71179231 -0.63706054 -0.63706054  0.44437032 -0.63706054 -0.63706054
 -0.63706054  1.2602028  -0.63706054 -0.63706054  0.51818298 -0.63706054
  2.05085603 -0.63706054  0.55043636 -0.63706054 -0.63706054 -0.63706054
 -0.63706054 -0.63706054 -0.63706054  1.01630591 -0.63706054 -0.63706054
 -0.63706054 -0.03876061  1.58896207  3.15547034  0.7648136  -0.63706054
 -0.63706054  1.21704753 -0.63706054 -0.63706054]",[0.09352439335160068]
1,"[-0.44539466  0.96092712 -0.44539466 -0.44539466 -0.44539466  0.24930163
  3.64152668  0.32027691 -0.44539466  0.89085369 -0.44539466 -0.44539466
 -0.44539466 -0.44539466 -0.44539466 -0.44539466 -0.44539466 -0.44539466
  2.17397496 -0.44539466  1.2688727   0.90170576 -0.44539466 -0.44539466
 -0.44539466 -0.44539466 -0.44539466 -0.44539466 -0.44539466 -0.44539466
 -0.44539466 -0.44539466 -0.44539466  3.39979509 -0.44539466 -0.44539466
 -0.44539466 -0.44539466 -0.44539466 -0.44539466]",[-0.06090409941644043]
1,"[-0.49151068 -0.49151068 -0.49151068 -0.49151068 -0.49151068  0.9100732
  3.58305439  0.04292021 -0.49151068 -0.15861343 -0.49151068 -0.49151068
 -0.49151068 -0.49151068 -0.49151068 -0.49151068  0.5157283  -0.49151068
  2.16891909 -0.49151068  2.00569372 -0.49151068 -0.49151068 -0.49151068
 -0.49151068 -0.49151068 -0.49151068 -0.49151068 -0.49151068 -0.49151068
 -0.49151068 -0.09054387 -0.49151068  2.50619808  1.08446976  1.68591022
 -0.49151068 -0.49151068 -0.49151068 -0.49151068]",[0.04750578505496189]
1,"[-0.54250856 -0.54250856 -0.54250856 -0.54250856 -0.54250856  0.68251121
  3.67771105  0.19250389 -0.54250856  1.15543288 -0.54250856 -0.54250856
 -0.54250856  0.96515125 -0.54250856 -0.54250856 -0.54250856 -0.54250856
  1.72717186 -0.54250856  1.6588209  -0.54250856 -0.54250856 -0.54250856
 -0.54250856 -0.54250856 -0.54250856  1.10791424  2.32685271 -0.54250856
 -0.54250856 -0.54250856 -0.54250856  1.49848445  0.74019384 -0.54250856
 -0.54250856 -0.54250856 -0.54250856 -0.54250856]",[0.0975663876896189]
1,"[-0.4294773  -0.4294773  -0.4294773  -0.4294773  -0.4294773   0.90149415
  3.92521099  0.38425146 -0.4294773  -0.11750591 -0.4294773  -0.4294773
 -0.4294773  -0.4294773  -0.4294773  -0.4294773  -0.4294773  -0.4294773
  2.07947062 -0.4294773   2.08254508 -0.4294773   0.24317668 -0.4294773
 -0.4294773  -0.4294773  -0.4294773  -0.4294773  -0.4294773  -0.4294773
 -0.4294773  -0.4294773  -0.4294773   2.88291569  0.93223762 -0.4294773
 -0.4294773  -0.4294773  -0.4294773  -0.4294773 ]",[0.057818187327194626]
1,"[-0.44347788 -0.44347788 -0.44347788 -0.44347788 -0.44347788  0.79690721
  4.13382464 -0.18936583 -0.44347788 -0.44347788 -0.44347788 -0.44347788
 -0.44347788  0.42197031 -0.44347788 -0.44347788  0.23423665 -0.44347788
  1.79619846 -0.44347788  0.83652798 -0.44347788 -0.44347788 -0.44347788
 -0.44347788 -0.44347788 -0.44347788 -0.44347788 -0.44347788  0.87373359
 -0.44347788 -0.44347788 -0.44347788  3.13198191  1.26832157 -0.44347788
 -0.44347788 -0.44347788 -0.44347788 -0.44347788]",[0.013275201803848224]
1,"[-0.58346613 -0.58346613 -0.58346613 -0.58346613 -0.58346613  0.27194647
  3.63295014 -0.58346613 -0.58346613 -0.13652936 -0.58346613 -0.58346613
 -0.58346613  0.17354536 -0.58346613 -0.58346613 -0.58346613  0.78168283
  1.93356222  1.16350534  1.69015639 -0.58346613 -0.58346613 -0.58346613
 -0.58346613 -0.58346613 -0.58346613 -0.58346613 -0.58346613  0.92390279
 -0.58346613  1.29200541 -0.58346613  2.09020447  1.25123114  0.68542235
 -0.58346613 -0.58346613 -0.58346613 -0.58346613]",[-0.01503487395852754]
1,"[-0.42288965 -0.42288965 -0.42288965 -0.42288965 -0.42288965  1.02302705
  4.1798784   0.4201227  -0.42288965 -0.34293975 -0.42288965 -0.42288965
 -0.42288965 -0.42288965 -0.42288965 -0.42288965 -0.42288965 -0.42288965
  1.95485907 -0.42288965  1.12796957  1.24524425  0.55287148 -0.42288965
 -0.42288965 -0.42288965 -0.42288965 -0.42288965 -0.42288965 -0.42288965
 -0.42288965 -0.42288965 -0.42288965  2.94854652 -0.42288965 -0.42288965
 -0.42288965 -0.42288965 -0.42288965 -0.42288965]",[-0.11186101353002975]
1,"[-0.64549546 -0.64549546 -0.64549546 -0.31625341 -0.64549546  0.97205182
  3.50243659  0.01271536 -0.64549546  0.11447531 -0.64549546 -0.64549546
 -0.64549546 -0.64549546 -0.64549546 -0.64549546 -0.64549546  1.02830064
  1.91234652  1.4638698   1.26001299 -0.64549546 -0.64549546 -0.64549546
 -0.64549546 -0.64549546  1.22431464  0.29661426 -0.64549546  0.70099523
 -0.64549546  1.12270465 -0.64549546  1.8870156   0.95578647 -0.64549546
 -0.64549546 -0.64549546 -0.64549546 -0.64549546]",[0.10951567151776687]
1,"[-0.55153046 -0.55153046 -0.55153046 -0.55153046 -0.55153046  0.47555908
  1.69454423 -0.55153046 -0.55153046  0.05977854 -0.55153046 -0.55153046
 -0.55153046  0.07388366 -0.55153046 -0.55153046 -0.55153046 -0.55153046
  0.81876144 -0.55153046  2.03945878  0.46982428  2.66468244 -0.55153046
 -0.55153046 -0.55153046 -0.55153046  0.28745669 -0.55153046  1.81241845
 -0.55153046 -0.55153046 -0.55153046  2.77234029  2.27414491 -0.55153046
 -0.55153046 -0.55153046 -0.55153046 -0.55153046]",[0.02027014332788102]
1,"[-0.44953835 -0.44953835 -0.44953835 -0.44953835 -0.44953835  0.58636633
  3.79252595 -0.44953835 -0.44953835  0.91846209 -0.44953835 -0.44953835
 -0.44953835 -0.44953835 -0.44953835 -0.44953835 -0.44953835  0.86571302
  1.87381148  1.07808459  0.36684766 -0.44953835 -0.44953835 -0.44953835
 -0.44953835 -0.44953835 -0.44953835 -0.44953835 -0.44953835 -0.44953835
 -0.44953835 -0.44953835 -0.44953835  3.38640794 -0.44953835 -0.44953835
 -0.44953835 -0.44953835 -0.44953835  1.06746967]",[0.06944854120178345]
1,"[-0.65985073 -0.65985073 -0.65985073 -0.65985073 -0.65985073  0.42113575
  2.93563532  1.60341682 -0.65985073  2.24594865 -0.65985073 -0.65985073
 -0.65985073 -0.65985073 -0.65985073 -0.65985073 -0.65985073  0.89584519
  0.71971277  1.80516646  0.98039097 -0.65985073  0.11097538 -0.65985073
 -0.65985073 -0.65985073 -0.65985073 -0.65985073  0.75561171 -0.65985073
 -0.65985073  1.74760353 -0.65985073  0.9000997   0.69221111 -0.65985073
 -0.65985073 -0.65985073 -0.65985073  1.34236566]",[0.16448706255843915]
1,"[-0.59427063 -0.59427063 -0.59427063 -0.59427063 -0.59427063  1.08747378
  3.56007285  1.75335463 -0.59427063  0.88153466 -0.59427063 -0.59427063
 -0.59427063  0.6110964  -0.59427063 -0.59427063 -0.59427063 -0.59427063
  1.67786495 -0.59427063  1.26695492 -0.59427063  0.33442019 -0.59427063
 -0.59427063 -0.59427063 -0.59427063  0.63964989  1.37116149 -0.59427063
 -0.59427063 -0.17435088 -0.59427063  2.19718491 -0.59427063  0.8388891
 -0.59427063 -0.59427063 -0.59427063 -0.59427063]",[0.0991295170253304]
1,"[-0.58922741 -0.58922741 -0.58922741 -0.58922741 -0.58922741  0.43341504
  2.89355117  0.27745923 -0.58922741  1.40184111 -0.58922741 -0.58922741
 -0.58922741 -0.58922741 -0.58922741 -0.58922741  0.7146554  -0.58922741
  2.0807098  -0.58922741  1.52162109 -0.58922741 -0.58922741 -0.58922741
 -0.58922741 -0.58922741 -0.58922741  0.2461271   1.39418729 -0.58922741
 -0.58922741  1.68339623 -0.58922741  2.29028987  1.56111404 -0.58922741
 -0.58922741 -0.58922741 -0.58922741 -0.58922741]",[0.20812159227991284]
1,"[-0.45819937 -0.45819937 -0.45819937 -0.45819937 -0.45819937  0.72918883
  4.16676421 -0.23487081 -0.45819937  1.0367223  -0.45819937 -0.45819937
 -0.45819937 -0.45819937 -0.45819937 -0.45819937 -0.45819937 -0.45819937
  1.72137837 -0.45819937  0.84764165 -0.45819937  0.07113557 -0.45819937
 -0.45819937 -0.45819937 -0.45819937 -0.45819937 -0.45819937 -0.45819937
 -0.45819937  2.37658533 -0.45819937  0.90402238 -0.45819937 -0.45819937
 -0.45819937 -0.45819937 -0.45819937  2.12741342]",[-0.09830228531637764]
1,"[-0.54065958 -0.54065958 -0.54065958 -0.54065958 -0.54065958  1.34808358
  4.00786497  2.05754716 -0.54065958 -0.07339859 -0.54065958 -0.54065958
 -0.54065958  1.16238538 -0.54065958 -0.54065958  0.30275259 -0.54065958
  1.73805035 -0.54065958  1.52949017 -0.54065958 -0.54065958 -0.54065958
 -0.54065958 -0.54065958  0.50868133  1.15736805 -0.54065958 -0.54065958
 -0.54065958 -0.54065958 -0.54065958  1.09689054 -0.54065958 -0.54065958
 -0.54065958 -0.54065958 -0.54065958  0.30275259]",[0.13111762010433003]
1,"[-0.51082153 -0.51082153 -0.51082153 -0.51082153 -0.51082153  0.84767721
  3.38681312 -0.37209641 -0.51082153 -0.34712378 -0.51082153 -0.51082153
 -0.51082153 -0.51082153 -0.51082153 -0.51082153  0.48261918  1.2541716
  1.27794317 -0.51082153  1.63474859 -0.51082153  0.89731717 -0.51082153
 -0.51082153 -0.51082153 -0.51082153 -0.51082153 -0.51082153 -0.51082153
 -0.51082153  0.08936931 -0.51082153  2.73676202  2.41480167 -0.51082153
 -0.51082153 -0.51082153 -0.51082153 -0.51082153]",[-0.004790216934660418]
2,"[-0.52854295 -0.52854295 -0.52854295 -0.52854295 -0.52854295 -0.52854295
  3.33725146 -0.07212293 -0.52854295  2.29269851 -0.52854295 -0.52854295
 -0.52854295  0.54655679 -0.52854295 -0.52854295 -0.52854295 -0.52854295
  0.94735955  0.88795684  1.12718304 -0.52854295  2.77112672 -0.52854295
 -0.52854295 -0.52854295  0.6073895  -0.52854295 -0.52854295 -0.52854295
 -0.52854295  1.29546023 -0.52854295  1.58688587 -0.52854295 -0.52854295
 -0.52854295 -0.52854295 -0.52854295 -0.52854295]",[0.0048923593816315725]
2,"[-0.48525743 -0.48525743 -0.48525743 -0.48525743 -0.48525743  0.24929648
  3.80981724 -0.48525743 -0.48525743  0.42629227 -0.48525743 -0.48525743
 -0.48525743  0.9105271  -0.48525743 -0.48525743 -0.48525743 -0.48525743
  1.41429974 -0.48525743  1.0645533  -0.48525743 -0.48525743 -0.48525743
 -0.48525743 -0.48525743  1.69661278  1.29924779 -0.48525743 -0.48525743
 -0.48525743  0.64963842 -0.48525743  3.03743783 -0.48525743 -0.48525743
 -0.48525743 -0.48525743 -0.48525743 -0.48525743]",[0.12166619381544314]
2,"[-0.57691266 -0.57691266 -0.57691266 -0.57691266 -0.57691266  0.7673775
  2.45277326 -0.57691266 -0.57691266 -0.37849275 -0.57691266 -0.57691266
 -0.57691266  0.92305983 -0.57691266 -0.57691266 -0.57691266 -0.57691266
  2.21281012  0.94766825  1.54323235 -0.57691266  0.73571958 -0.57691266
 -0.57691266 -0.57691266  0.79923797 -0.57691266 -0.57691266 -0.57691266
 -0.57691266  2.14293855 -0.57691266  2.7463071   1.26092271 -0.57691266
 -0.57691266 -0.57691266 -0.57691266 -0.57691266]",[0.12340517740942747]
2,"[-0.50388143 -0.50388143 -0.50388143 -0.50388143 -0.50388143  0.69809697
  4.04482477  0.99628759 -0.50388143  0.17557924 -0.50388143 -0.50388143
 -0.50388143  0.62580526 -0.50388143 -0.50388143 -0.50388143 -0.50388143
  1.78201243 -0.50388143  0.61413186 -0.50388143 -0.50388143 -0.50388143
 -0.50388143 -0.50388143 -0.50388143  1.11120028 -0.50388143 -0.50388143
 -0.50388143  1.50114767 -0.50388143  2.6807869  -0.50388143 -0.50388143
 -0.50388143 -0.50388143 -0.50388143  0.38268855]",[0.07843657647660868]
2,"[-5.42883017e-01 -5.42883017e-01 -5.42883017e-01 -5.42883017e-01
 -5.42883017e-01  5.15132974e-01  3.11842859e+00 -5.42883017e-01
 -5.42883017e-01  1.27865624e-03 -5.42883017e-01 -5.42883017e-01
 -5.42883017e-01  1.77270134e+00 -5.42883017e-01 -5.42883017e-01
 -5.42883017e-01 -5.42883017e-01  2.32665068e+00 -5.42883017e-01
  1.26638453e+00 -5.42883017e-01 -5.42883017e-01 -5.42883017e-01
 -5.42883017e-01 -5.42883017e-01  8.41373032e-01  1.77940366e+00
 -5.42883017e-01 -5.42883017e-01 -5.42883017e-01  1.39633434e+00
 -5.42883017e-01  2.30220009e+00 -5.42883017e-01  4.23719605e-01
 -5.42883017e-01 -5.42883017e-01 -5.42883017e-01 -5.42883017e-01]",[0.048145361153769384]
2,"[-0.41766687 -0.41766687 -0.41766687 -0.41766687 -0.41766687  0.8188093
  3.09660669 -0.18510565 -0.41766687  0.4365156  -0.41766687 -0.41766687
 -0.41766687 -0.41766687 -0.41766687 -0.41766687 -0.41766687 -0.41766687
  2.89091831 -0.41766687  0.44718404 -0.41766687 -0.41766687 -0.41766687
 -0.41766687 -0.41766687 -0.41766687  0.54190417 -0.41766687 -0.41766687
 -0.41766687 -0.41766687 -0.41766687  3.72474232  1.17609807 -0.41766687
 -0.41766687 -0.41766687 -0.41766687 -0.41766687]",[-0.2831609271160296]
2,"[-0.52945003 -0.52945003 -0.52945003 -0.52945003 -0.52945003  1.28334249
  2.89463342 -0.06519867 -0.52945003 -0.22009401 -0.52945003 -0.52945003
 -0.52945003 -0.52945003 -0.52945003 -0.52945003  0.33030436 -0.52945003
  2.15832231 -0.52945003  1.23367832 -0.52945003  0.55091339 -0.52945003
 -0.52945003 -0.52945003  0.57591698 -0.52945003 -0.52945003 -0.52945003
 -0.52945003  2.3721187  -0.52945003  3.00347991  0.7071837  -0.52945003
 -0.52945003 -0.52945003 -0.52945003 -0.52945003]",[0.07115452030229963]
2,"[-0.50599319 -0.50599319 -0.50599319 -0.50599319 -0.50599319  0.65051912
  3.57076462  0.0180864  -0.50599319  0.02362746 -0.50599319 -0.50599319
 -0.50599319  0.98542799 -0.50599319 -0.50599319 -0.50599319 -0.50599319
  2.25449793  0.90075743  1.58096693 -0.50599319 -0.50599319 -0.50599319
 -0.50599319 -0.50599319 -0.50599319 -0.50599319 -0.50599319 -0.50599319
 -0.50599319  1.06366083 -0.50599319  2.89270259  0.73279129 -0.50599319
 -0.50599319 -0.50599319 -0.50599319 -0.50599319]",[0.1188585783717484]
2,"[-0.35867107 -0.35867107 -0.35867107 -0.35867107 -0.35867107  1.16662501
  4.86950667 -0.13956073 -0.35867107 -0.21597044 -0.35867107 -0.35867107
 -0.35867107 -0.35867107 -0.35867107 -0.35867107 -0.35867107 -0.35867107
  1.40663975 -0.35867107  0.97983317 -0.35867107 -0.35867107 -0.35867107
 -0.35867107 -0.35867107 -0.35867107 -0.35867107 -0.35867107 -0.35867107
 -0.35867107 -0.35867107 -0.35867107  2.70269913  0.70770155 -0.35867107
 -0.35867107 -0.35867107 -0.35867107 -0.35867107]",[-0.11287581277408748]
2,"[-0.42186966 -0.42186966 -0.42186966 -0.42186966 -0.42186966  0.87149853
  4.14263449  1.80655903 -0.42186966  0.96745605 -0.42186966 -0.42186966
 -0.42186966 -0.42186966 -0.42186966 -0.42186966 -0.42186966 -0.42186966
  1.83194862 -0.42186966  0.17544808 -0.42186966 -0.42186966 -0.42186966
 -0.42186966 -0.42186966 -0.42186966  0.86812098 -0.42186966 -0.42186966
 -0.42186966 -0.42186966 -0.42186966  2.8361634  -0.42186966 -0.42186966
 -0.42186966 -0.42186966 -0.42186966 -0.42186966]",[-0.0461086137273129]
2,"[-0.5796222  -0.5796222  -0.5796222  -0.5796222  -0.5796222   0.33789051
  3.92462734  1.33428842 -0.5796222   1.44683834 -0.5796222  -0.5796222
 -0.5796222  -0.5796222  -0.5796222  -0.5796222  -0.5796222   0.99457634
  1.47234444 -0.5796222   0.93846517  0.40142078  0.09257182 -0.5796222
 -0.5796222  -0.5796222  -0.5796222  -0.5796222  -0.5796222  -0.5796222
 -0.5796222   0.275227   -0.5796222   1.64426092 -0.5796222  -0.5796222
  0.81603902 -0.5796222  -0.5796222   1.97124924]",[0.13227757918072114]
2,"[-0.5956759  -0.5956759  -0.5956759  -0.5956759  -0.5956759   0.85021359
  3.83123214  0.22838166 -0.5956759   1.00205944 -0.5956759  -0.5956759
 -0.5956759   0.89604956 -0.5956759  -0.5956759   0.36090497 -0.5956759
  1.87519466 -0.5956759   1.18116771 -0.5956759  -0.5956759  -0.5956759
 -0.5956759  -0.5956759  -0.5956759  -0.5956759   0.85099503 -0.5956759
 -0.5956759   0.89810751 -0.5956759   2.16836498  1.0013078  -0.5956759
 -0.5956759  -0.5956759  -0.5956759   0.93927031]",[0.11288284101127599]
2,"[-0.55466557 -0.55466557 -0.55466557 -0.55466557 -0.55466557  0.8571677
  4.25494172 -0.15732567 -0.55466557 -0.11337013 -0.55466557 -0.55466557
 -0.55466557  0.0973242  -0.55466557 -0.55466557  0.23850021  1.23892142
  1.03537086 -0.55466557  0.75624735 -0.55466557  0.26379299 -0.55466557
 -0.55466557 -0.55466557  1.10388708 -0.55466557 -0.55466557 -0.55466557
 -0.55466557  0.08078212 -0.55466557  2.77846161  0.44499992  0.98693789
 -0.55466557 -0.55466557 -0.55466557 -0.55466557]",[0.16104550593907024]
2,"[-0.40280156 -0.40280156 -0.40280156 -0.40280156 -0.40280156  1.09677995
  4.57535048  2.59807324 -0.40280156 -0.15921565 -0.40280156 -0.40280156
 -0.40280156 -0.40280156 -0.40280156 -0.40280156 -0.40280156 -0.40280156
  1.35327347 -0.40280156  1.22726683 -0.40280156 -0.40280156 -0.40280156
 -0.40280156 -0.40280156 -0.40280156 -0.40280156 -0.40280156 -0.40280156
 -0.40280156  1.36601967 -0.40280156  0.83210199 -0.40280156 -0.40280156
 -0.40280156 -0.40280156 -0.40280156 -0.40280156]",[-0.09949777453931186]
2,"[-0.44419734 -0.44419734 -0.44419734 -0.44419734 -0.44419734 -0.15910973
  4.25163134  2.02229863 -0.44419734  1.63813497 -0.44419734 -0.44419734
 -0.44419734 -0.44419734 -0.44419734 -0.44419734 -0.44419734 -0.44419734
  0.91841591 -0.44419734  0.85712246 -0.44419734 -0.44419734 -0.44419734
 -0.44419734 -0.44419734  1.16617596 -0.44419734 -0.44419734 -0.44419734
 -0.44419734 -0.44419734 -0.44419734  2.35662092 -0.44419734 -0.44419734
 -0.44419734 -0.44419734 -0.44419734  0.71882706]",[-0.059372663389422875]
2,"[-0.3498516  -0.3498516  -0.3498516  -0.3498516  -0.3498516   0.17787915
  4.71214537  2.06362752 -0.3498516   0.51601097 -0.3498516  -0.3498516
 -0.3498516  -0.3498516  -0.3498516  -0.3498516  -0.3498516  -0.3498516
  1.75269629 -0.3498516  -0.14832909 -0.3498516  -0.3498516  -0.3498516
 -0.3498516  -0.3498516  -0.3498516  -0.3498516  -0.3498516  -0.3498516
 -0.3498516  -0.3498516  -0.3498516   2.47107275 -0.3498516  -0.3498516
 -0.3498516  -0.3498516  -0.3498516  -0.3498516 ]",[-0.08281687495958673]
2,"[-0.65236481 -0.65236481 -0.65236481 -0.65236481 -0.65236481 -0.09324526
  3.00943027  0.45535762 -0.65236481  1.83651288 -0.65236481 -0.65236481
 -0.65236481  0.94926207 -0.65236481  2.17584055 -0.65236481 -0.65236481
  1.25645089 -0.65236481  1.13161683 -0.65236481 -0.65236481 -0.65236481
 -0.65236481 -0.65236481 -0.65236481  0.83930221  1.10982773 -0.65236481
 -0.65236481  1.44433534 -0.65236481  1.13765638 -0.65236481 -0.65236481
 -0.65236481 -0.65236481  0.14121946  1.56791812]",[-0.04663259672751918]
2,"[-0.40964187 -0.40964187 -0.40964187 -0.40964187 -0.40964187 -0.40964187
  3.61423285  1.00328373 -0.40964187  0.92924677 -0.40964187 -0.40964187
 -0.40964187 -0.40964187 -0.40964187 -0.40964187 -0.40964187 -0.40964187
  1.0432721  -0.40964187  0.62985395 -0.40964187 -0.40964187 -0.40964187
 -0.40964187 -0.40964187 -0.40964187 -0.40964187 -0.40964187 -0.40964187
 -0.40964187  0.30092917 -0.40964187  1.67349668 -0.40964187 -0.40964187
 -0.40964187 -0.40964187 -0.40964187  3.91422459]",[-0.19705454712914267]
2,"[-0.50025219 -0.50025219 -0.50025219 -0.50025219 -0.50025219  0.5755093
  4.58044243  1.16647648 -0.50025219  1.52631716 -0.50025219 -0.50025219
 -0.50025219 -0.50025219 -0.50025219 -0.50025219 -0.50025219 -0.50025219
  1.43975033 -0.50025219  0.71550397  0.38995747 -0.50025219 -0.50025219
 -0.50025219 -0.50025219 -0.50025219 -0.50025219 -0.50025219 -0.50025219
 -0.50025219  0.42457864  0.91001189  1.12990556 -0.50025219 -0.50025219
 -0.50025219 -0.50025219 -0.50025219  1.6488603 ]",[-0.09526258038135704]
2,"[-0.63714398 -0.63714398 -0.63714398 -0.63714398 -0.63714398  0.60231445
  3.66346229 -0.03390054 -0.63714398  1.85216832 -0.63714398 -0.63714398
 -0.63714398 -0.63714398 -0.63714398 -0.63714398 -0.63714398  0.9260802
  1.08496047 -0.63714398  1.39674438 -0.63714398  0.07619427 -0.63714398
  0.9260802  -0.63714398  0.22027928 -0.63714398  0.74324815 -0.63714398
 -0.63714398  2.38202172 -0.63714398  0.88521535  0.5592865  -0.63714398
 -0.63714398 -0.63714398 -0.63714398  0.64444448]",[0.003988221288189542]
2,"[-0.59279269  1.12153146 -0.59279269 -0.59279269 -0.59279269  0.90846814
  3.44165055  0.00345372 -0.59279269  2.35875618 -0.59279269 -0.59279269
 -0.59279269 -0.59279269 -0.59279269 -0.59279269 -0.59279269  0.7882557
  1.51314985 -0.59279269  1.18334194  0.93962148 -0.59279269 -0.59279269
 -0.59279269 -0.59279269  0.22638115 -0.59279269  0.16341369 -0.59279269
 -0.59279269 -0.59279269 -0.59279269  2.45480044  0.04190692 -0.59279269
 -0.59279269 -0.59279269 -0.59279269  0.26787881]",[0.8528528300350786]
2,"[-0.48758918 -0.48758918 -0.48758918 -0.48758918 -0.48758918  0.85214755
  4.0836683   0.49036397 -0.48758918  0.82062289 -0.48758918 -0.48758918
 -0.48758918  0.38515657 -0.48758918 -0.48758918 -0.48758918 -0.48758918
  1.74749929 -0.48758918  2.01342162 -0.48758918 -0.48758918 -0.48758918
 -0.48758918 -0.48758918 -0.48758918 -0.48758918 -0.48758918 -0.48758918
 -0.48758918  0.94582589 -0.48758918  2.34879655  0.94017281 -0.48758918
 -0.48758918 -0.48758918 -0.48758918 -0.48758918]",[0.5373542685344059]
2,"[-0.84269921  2.23397799  1.51846255 -0.84269921 -0.84269921 -0.32668951
  2.49349697 -0.05778551 -0.84269921  1.22309026  0.88171104 -0.84269921
 -0.84269921 -0.84269921 -0.84269921  1.32139109  0.15423349 -0.84269921
  1.0739034  -0.84269921  1.02952819  0.04576338 -0.01878208 -0.84269921
  1.65033413 -0.84269921 -0.84269921 -0.84269921  0.77925911 -0.84269921
  1.10521058  0.01950591 -0.84269921  0.65134114 -0.84269921 -0.84269921
 -0.84269921 -0.84269921  0.11468074  0.96135138]",[-0.2657597903805945]
2,"[-1.02729878  2.09846972  1.60811474 -1.02729878 -1.02729878 -0.38221323
  2.14902289  0.06172111 -1.02729878  1.24629826  1.03492629 -1.02729878
 -1.02729878 -0.36870388 -1.02729878  1.29179492  0.20746807 -1.02729878
  0.94378536 -0.02491785  0.93953235  0.05945539  0.07286666  0.38931027
  1.64628029 -1.02729878 -1.02729878 -0.38762792  0.74463285 -1.02729878
  0.93031743  0.17815163 -1.02729878  0.57315991 -0.65162323 -1.02729878
 -1.02729878 -1.02729878  0.08319799  0.96606168]",[-0.432002705172217]
2,"[-0.8772931   0.75183276  0.52607022 -0.8772931  -0.8772931   0.13394902
  2.89031358  0.55604548 -0.8772931   1.84385904 -0.8772931  -0.8772931
 -0.8772931  -0.8772931  -0.8772931   0.44817026 -0.8772931  -0.8772931
  1.24551749 -0.8772931   1.08227357  0.46239223 -0.8772931  -0.8772931
  1.87864229 -0.8772931   0.81421238  0.20937033  1.04583411 -0.8772931
 -0.39547172  0.7601842   0.44817026  1.32445476 -0.54479752 -0.8772931
 -0.8772931  -0.8772931   0.20937033  0.97817577]",[-0.48666724311546744]
2,"[-0.45069804 -0.45069804 -0.45069804 -0.45069804 -0.45069804  0.85016376
  4.43795012  2.06794913 -0.45069804  1.13406527 -0.45069804 -0.45069804
 -0.45069804 -0.45069804 -0.45069804 -0.45069804 -0.45069804 -0.45069804
  2.12193925 -0.45069804  0.6803165  -0.45069804 -0.45069804 -0.45069804
 -0.45069804 -0.45069804  0.98426162 -0.45069804 -0.45069804 -0.45069804
 -0.45069804  0.42822164 -0.45069804  1.26677183 -0.45069804 -0.45069804
 -0.45069804 -0.45069804 -0.45069804 -0.45069804]",[-0.3761721827143169]
2,"[-0.71514197 -0.71514197  0.75141242 -0.71514197 -0.71514197  0.15258034
  3.26864101  0.6845819  -0.71514197  2.08336291 -0.71514197 -0.71514197
  0.83760456 -0.71514197 -0.71514197 -0.71514197 -0.71514197 -0.71514197
  1.46427195 -0.71514197  0.98467023  0.54537415 -0.13605988 -0.71514197
  2.12428373 -0.71514197  0.2318287  -0.0075449   1.18953149 -0.71514197
 -0.71514197  0.48719305 -0.71514197  0.56890965 -0.71514197 -0.71514197
 -0.71514197 -0.71514197 -0.71514197  1.21762408]",[0.8529323434382784]
2,"[-0.48210991 -0.48210991 -0.48210991 -0.48210991 -0.48210991  0.77435647
  3.9400697   1.15773263 -0.48210991  0.93884362 -0.48210991 -0.48210991
 -0.48210991 -0.48210991 -0.48210991 -0.48210991 -0.48210991 -0.48210991
  1.60984139 -0.48210991  1.76569556 -0.48210991 -0.48210991 -0.48210991
 -0.48210991 -0.48210991 -0.48210991 -0.48210991 -0.48210991 -0.48210991
 -0.48210991  1.65553216 -0.48210991  2.32099189 -0.48210991 -0.48210991
  0.78234366 -0.48210991 -0.48210991 -0.48210991]",[-0.07382236758295668]
2,"[-0.70509926  0.89468415  0.65965994 -0.04338023 -0.70509926  1.05106727
  3.77914237  1.5854535  -0.70509926  1.09964921 -0.70509926 -0.70509926
 -0.70509926 -0.70509926 -0.70509926 -0.70509926  0.2769112   0.77077451
  2.11896454 -0.70509926  0.55363814 -0.70509926 -0.70509926 -0.70509926
  0.65965994 -0.70509926 -0.70509926  0.39680233 -0.70509926 -0.70509926
 -0.70509926  0.53787657 -0.70509926  1.30491269  0.32357781  0.24788904
 -0.70509926 -0.70509926 -0.70509926 -0.70509926]",[-0.052989280734371924]
2,"[-0.66747282 -0.66747282 -0.66747282 -0.66747282 -0.66747282 -0.01168457
  3.14282906  0.78063538 -0.66747282  1.97451054 -0.66747282 -0.66747282
 -0.66747282 -0.66747282 -0.66747282 -0.66747282  0.51644753 -0.66747282
  1.32945109  1.00799233  1.21111629 -0.66747282 -0.66747282  1.30852774
  1.38502227 -0.66747282 -0.66747282 -0.66747282  1.12290272 -0.66747282
 -0.66747282  1.45799016 -0.66747282  0.72417968 -0.66747282 -0.66747282
 -0.66747282 -0.66747282 -0.66747282  1.40437298]",[0.0047804156125299535]
2,"[-5.10303117e-01 -5.10303117e-01 -5.10303117e-01 -5.10303117e-01
 -5.10303117e-01  9.87894469e-01  3.61895305e+00 -8.59331851e-04
 -5.10303117e-01  2.18659194e+00 -5.10303117e-01 -5.10303117e-01
 -5.10303117e-01 -5.10303117e-01 -5.10303117e-01 -5.10303117e-01
 -5.10303117e-01 -5.10303117e-01  9.24201736e-01 -5.10303117e-01
  6.36564168e-01 -5.10303117e-01  1.44810575e-01 -5.10303117e-01
 -5.10303117e-01 -5.10303117e-01 -5.10303117e-01 -5.10303117e-01
 -5.10303117e-01 -5.10303117e-01 -5.10303117e-01  2.62653459e+00
 -5.10303117e-01  1.66660551e+00  1.56168196e+00 -5.10303117e-01
 -5.10303117e-01 -5.10303117e-01 -5.10303117e-01  4.45811733e-01]",[-0.1527781624267187]
2,"[-0.54353615 -0.54353615 -0.54353615 -0.54353615 -0.54353615  0.46017145
  3.16634198 -0.54353615 -0.54353615  0.15758908 -0.54353615 -0.54353615
 -0.54353615  1.36093487 -0.54353615 -0.54353615 -0.54353615 -0.54353615
  2.38739666 -0.54353615 -0.11761304 -0.54353615 -0.54353615 -0.54353615
 -0.54353615 -0.54353615  0.26336145  1.27141932 -0.54353615 -0.54353615
 -0.54353615 -0.54353615  2.08473092  2.35644323  0.34669145 -0.54353615
 -0.54353615  1.48154473 -0.54353615 -0.54353615]",[-0.052118714924293985]
2,"[-0.50629876  1.84931911 -0.50629876 -0.50629876 -0.50629876 -0.50629876
  3.28580409 -0.50629876 -0.50629876  1.71519294 -0.50629876 -0.50629876
 -0.50629876 -0.50629876 -0.50629876 -0.50629876  0.28719958 -0.50629876
  1.55944679 -0.50629876  1.67276407 -0.50629876 -0.50629876 -0.50629876
 -0.50629876 -0.50629876 -0.50629876 -0.50629876  0.31250296 -0.50629876
 -0.50629876  0.8469075  -0.50629876  2.90854629 -0.50629876 -0.50629876
 -0.50629876 -0.50629876 -0.50629876  0.75127953]",[0.33684504721161856]
2,"[-0.44400489 -0.44400489 -0.44400489 -0.44400489 -0.44400489  0.97258721
  3.3159739  -0.17024942 -0.44400489 -0.22154467 -0.44400489 -0.44400489
 -0.44400489 -0.44400489 -0.44400489 -0.44400489 -0.44400489  1.08268085
  3.13335296 -0.44400489  1.32052843 -0.44400489 -0.44400489 -0.44400489
 -0.44400489 -0.44400489 -0.44400489  0.87276901 -0.44400489 -0.44400489
 -0.44400489 -0.44400489 -0.44400489  2.92622298  0.08782556 -0.44400489
 -0.44400489 -0.44400489 -0.44400489 -0.44400489]",[-0.02648279167619577]
2,"[-0.44494217 -0.44494217 -0.44494217 -0.44494217 -0.44494217  0.63309498
  3.38916838 -0.08193448 -0.44494217 -0.30407675 -0.44494217 -0.44494217
 -0.44494217  1.72003294 -0.44494217 -0.44494217 -0.44494217 -0.44494217
  1.20813081 -0.44494217  0.87278977 -0.44494217 -0.44494217 -0.44494217
 -0.44494217 -0.44494217 -0.44494217  0.75640814 -0.44494217 -0.44494217
 -0.44494217 -0.44494217 -0.44494217  3.80962481  1.34502658 -0.44494217
 -0.44494217 -0.44494217 -0.44494217 -0.44494217]",[-0.14343943751889388]
2,"[-0.37976804 -0.37976804 -0.37976804 -0.37976804 -0.37976804  0.18256296
  4.5447805   1.75425906 -0.37976804 -0.27366577 -0.37976804 -0.37976804
 -0.37976804 -0.37976804 -0.37976804 -0.37976804 -0.37976804  1.01920543
  1.19369798 -0.37976804  0.03520013  0.29402126 -0.37976804 -0.37976804
 -0.37976804 -0.37976804 -0.37976804 -0.37976804 -0.37976804 -0.37976804
 -0.37976804 -0.37976804 -0.37976804  3.0227478  -0.37976804 -0.37976804
 -0.37976804 -0.37976804 -0.37976804 -0.37976804]",[-0.11694120539321384]
2,"[-0.37165912 -0.37165912 -0.37165912 -0.37165912 -0.37165912 -0.01862749
  4.10564063 -0.37165912 -0.37165912  0.41078566 -0.37165912 -0.37165912
 -0.37165912 -0.37165912 -0.37165912 -0.37165912 -0.37165912 -0.37165912
  1.95769519 -0.37165912  1.82944058 -0.37165912 -0.37165912 -0.37165912
 -0.37165912 -0.37165912 -0.37165912 -0.37165912 -0.37165912 -0.37165912
 -0.37165912 -0.37165912 -0.37165912  3.27781821  0.70199802 -0.37165912
 -0.37165912 -0.37165912 -0.37165912 -0.37165912]",[-0.09448173970462687]
2,"[-0.43020268 -0.43020268 -0.43020268 -0.43020268 -0.43020268  0.26383541
  3.88092707  0.14160937 -0.43020268  0.24318748 -0.43020268 -0.43020268
 -0.43020268 -0.43020268 -0.43020268 -0.43020268 -0.43020268  0.88268708
  1.55309021 -0.43020268  2.29547301 -0.43020268 -0.43020268 -0.43020268
 -0.43020268 -0.43020268 -0.43020268 -0.43020268 -0.43020268 -0.43020268
 -0.43020268 -0.43020268 -0.43020268  3.10711362  0.96835986 -0.43020268
 -0.43020268 -0.43020268 -0.43020268 -0.43020268]",[-0.07690385450548204]
2,"[-0.59850101 -0.59850101 -0.59850101 -0.59850101 -0.59850101  0.70889018
  3.53216904  0.80936101 -0.59850101  1.9138167  -0.59850101 -0.59850101
 -0.59850101  0.71370981 -0.59850101 -0.59850101 -0.59850101 -0.59850101
  0.92608995  0.92090007  1.44820261  0.04721653 -0.59850101 -0.59850101
 -0.59850101 -0.59850101 -0.59850101  0.27973874 -0.59850101  1.48673779
 -0.59850101 -0.59850101 -0.59850101  2.29512664  1.07756809 -0.59850101
 -0.59850101 -0.59850101 -0.59850101 -0.59850101]",[0.08314798428913339]
2,"[-0.53475067 -0.53475067 -0.53475067 -0.53475067 -0.53475067  0.78574714
  3.81245118 -0.02210171 -0.53475067  0.1181147  -0.53475067 -0.53475067
 -0.53475067  1.21254722 -0.53475067 -0.53475067 -0.53475067  0.85376943
  1.94605491 -0.53475067  1.44196263  0.60686499 -0.53475067 -0.53475067
 -0.53475067 -0.53475067 -0.53475067  1.02773747 -0.53475067 -0.53475067
 -0.53475067 -0.53475067 -0.53475067  2.65531268  0.53455806 -0.53475067
 -0.53475067 -0.53475067 -0.53475067 -0.53475067]",[0.12331773762998327]
2,"[-0.53597979 -0.53597979 -0.53597979 -0.53597979 -0.53597979  0.8920455
  3.71106755  0.33249838 -0.53597979  0.14666848 -0.53597979 -0.53597979
 -0.53597979 -0.53597979 -0.53597979 -0.53597979 -0.53597979  1.29999536
  2.03186417 -0.53597979  1.22502425 -0.53597979 -0.53597979 -0.53597979
 -0.53597979 -0.53597979  0.54772612 -0.53597979 -0.53597979 -0.53597979
 -0.53597979  0.73697454 -0.53597979  2.69517506  0.03601187 -0.53597979
 -0.53597979 -0.53597979 -0.53597979  1.35238277]",[0.1201545923799]
2,"[-0.53126031 -0.53126031 -0.53126031 -0.53126031 -0.53126031 -0.19223907
  2.06137927 -0.53126031 -0.53126031 -0.06445023 -0.53126031 -0.53126031
 -0.53126031 -0.53126031 -0.53126031 -0.53126031 -0.53126031  0.54895466
  1.57960137  0.64677678  1.67386815 -0.53126031  2.89497962 -0.53126031
 -0.53126031 -0.53126031 -0.53126031 -0.53126031 -0.53126031  2.02463953
 -0.53126031 -0.53126031 -0.53126031  1.93119629  2.30184271 -0.53126031
 -0.53126031 -0.53126031 -0.53126031 -0.53126031]",[-0.17557395155464528]
2,"[-0.38008981 -0.38008981 -0.38008981 -0.38008981 -0.38008981 -0.38008981
  4.43305913 -0.21572881 -0.38008981 -0.38008981 -0.38008981 -0.38008981
 -0.38008981 -0.38008981 -0.38008981 -0.38008981  0.79693498  1.59601556
  2.55260471 -0.38008981 -0.28349627 -0.38008981 -0.38008981 -0.38008981
 -0.38008981 -0.38008981 -0.38008981 -0.38008981 -0.38008981 -0.38008981
 -0.38008981 -0.38008981 -0.38008981  2.14636904  1.13711544 -0.38008981
 -0.38008981 -0.38008981 -0.38008981 -0.38008981]",[1.5275636028018498]
2,"[-0.49536367 -0.49536367 -0.49536367  0.44249355 -0.49536367  0.78785596
  3.88719016  2.32026578 -0.49536367  1.15726565 -0.49536367 -0.49536367
 -0.49536367 -0.49536367 -0.49536367 -0.49536367 -0.49536367 -0.49536367
  1.2628455  -0.49536367  0.81682218  0.60890038 -0.49536367 -0.49536367
 -0.49536367 -0.49536367 -0.49536367 -0.49536367 -0.49536367 -0.49536367
 -0.49536367 -0.49536367 -0.49536367  1.09667715 -0.49536367 -0.49536367
 -0.49536367 -0.49536367 -0.49536367  2.48059376]",[0.023360096510015915]
2,"[-0.49514111 -0.49514111 -0.49514111 -0.49514111 -0.49514111  0.44447066
  3.48751991  2.11188793 -0.49514111  2.45308312 -0.49514111 -0.49514111
 -0.49514111 -0.49514111 -0.49514111 -0.49514111 -0.49514111 -0.49514111
  0.98111725  1.20513467  0.57818846 -0.49514111  0.21546504 -0.49514111
 -0.49514111 -0.49514111 -0.49514111 -0.49514111  0.87996409 -0.49514111
 -0.49514111 -0.49514111 -0.49514111  2.49740209 -0.49514111 -0.49514111
 -0.49514111 -0.49514111 -0.49514111 -0.49514111]",[-0.05695892140746189]
2,"[-0.38110581 -0.38110581 -0.38110581 -0.38110581 -0.38110581  0.38813693
  3.9054054  -0.03479539 -0.38110581  2.55787848 -0.38110581 -0.38110581
 -0.38110581 -0.38110581 -0.38110581 -0.38110581 -0.38110581 -0.38110581
  1.83223739 -0.38110581  0.91739148 -0.38110581 -0.38110581 -0.38110581
 -0.38110581 -0.38110581 -0.38110581 -0.38110581 -0.38110581 -0.38110581
 -0.38110581 -0.38110581 -0.38110581  3.01023757 -0.38110581 -0.38110581
 -0.38110581 -0.38110581 -0.38110581 -0.38110581]",[-0.1363360426422095]
2,"[-0.55650166 -0.55650166 -0.55650166  0.45519218 -0.55650166  0.27323577
  3.73723226  1.22484152 -0.55650166  1.23370197 -0.55650166 -0.55650166
 -0.55650166 -0.55650166 -0.55650166 -0.55650166 -0.55650166 -0.55650166
  1.32364169 -0.55650166  1.39552968  0.72998389 -0.55650166 -0.55650166
 -0.55650166 -0.55650166 -0.55650166  0.12012007 -0.55650166 -0.55650166
 -0.55650166  0.8107817  -0.55650166  2.09636557 -0.55650166 -0.55650166
 -0.55650166 -0.55650166 -0.55650166  2.18142019]",[-0.02005426579476821]
2,"[-0.40954196 -0.40954196 -0.40954196 -0.40954196 -0.40954196  0.85363813
  4.84600335  2.42223717 -0.40954196 -0.21242501 -0.40954196 -0.40954196
 -0.40954196 -0.40954196 -0.40954196 -0.40954196  0.28133194 -0.40954196
  1.70265278 -0.40954196  0.7978292  -0.40954196 -0.40954196 -0.40954196
 -0.40954196 -0.40954196 -0.40954196 -0.40954196 -0.40954196 -0.40954196
 -0.40954196 -0.40954196 -0.40954196  0.74889197  0.02936753 -0.40954196
 -0.40954196 -0.40954196 -0.40954196  0.8167316 ]",[-0.04140120930435376]
