Time Point,X,y
0,"[-0.32833213 -0.32833213 -0.32833213 -0.32833213 -0.32833213 -0.32833213
 -0.32833213 -0.32833213 -0.32833213 -0.32833213 -0.32833213 -0.32833213
 -0.32833213 -0.32833213 -0.32833213 -0.32833213 -0.32833213 -0.32833213
 -0.32833213 -0.32833213 -0.32833213 -0.32833213 -0.32833213 -0.32833213
 -0.32833213 -0.32833213 -0.32833213 -0.32833213 -0.32833213 -0.32833213
 -0.32833213 -0.32833213 -0.32833213 -0.32833213 -0.32833213 -0.32833213
 -0.32833213 -0.32833213 -0.32833213 -0.32833213 -0.32833213 -0.32833213
 -0.32833213 -0.32833213 -0.32833213 -0.32833213 -0.32833213 -0.32833213
 -0.32833213 -0.32833213 -0.32833213  0.96994787 -0.32833213 -0.32833213
 -0.32833213 -0.32833213 -0.32833213 -0.32833213 -0.32833213 -0.32833213
 -0.32833213 -0.32833213 -0.32833213 -0.32833213 -0.32833213 -0.32833213
 -0.32833213 -0.32833213 -0.32833213 -0.32833213 -0.32833213 -0.32833213
 -0.32833213 -0.32833213 -0.32833213 -0.32833213 -0.32833213 -0.32833213
 -0.32833213 -0.32833213 -0.32833213 -0.32833213 -0.32833213 -0.32833213
 -0.32833213  0.13860069  2.68720151 -0.32833213 -0.32833213  2.43348017
 -0.32833213 -0.32833213 -0.32833213 -0.32833213 -0.13337614 -0.32833213
 -0.32833213 -0.32833213 -0.32833213  1.8440318  -0.32833213 -0.32833213
 -0.32833213 -0.32833213  0.45157279 -0.32833213 -0.32833213 -0.32833213
 -0.32833213 -0.32833213 -0.32833213 -0.32833213 -0.32833213 -0.32833213
 -0.32833213 -0.32833213 -0.32833213  0.8765015   5.00377097  3.68634765
 -0.32833213  2.89987598 -0.32833213 -0.32833213  5.12793599 -0.32833213
  3.617727   -0.32833213  4.81876977 -0.32833213 -0.32833213 -0.32833213
 -0.32833213 -0.32833213  0.50531532 -0.32833213  4.01371393  3.11808529
 -0.32833213 -0.32833213 -0.32833213 -0.32833213 -0.32833213 -0.30446636
 -0.172875   -0.32833213 -0.32833213 -0.32833213 -0.32833213 -0.32833213
 -0.32833213  4.23049162 -0.32833213  3.77126228 -0.32833213 -0.32833213
 -0.32833213 -0.32833213  1.54312963 -0.32833213 -0.32833213  4.55551414
 -0.32833213  3.85514388  3.91933939 -0.07376642  3.51159317 -0.32833213
  0.09659659 -0.32833213 -0.32833213 -0.32833213 -0.32833213 -0.32833213
 -0.32833213 -0.32833213 -0.32833213 -0.32833213 -0.32833213 -0.32833213
 -0.32833213 -0.32833213 -0.32833213 -0.32833213 -0.32833213 -0.32833213
 -0.32833213 -0.32833213  1.39487658 -0.32833213 -0.32833213 -0.32833213
 -0.32833213 -0.32833213 -0.32833213 -0.32833213 -0.32833213 -0.32833213
 -0.32833213 -0.32833213 -0.32833213 -0.32833213 -0.32833213 -0.32833213
 -0.32833213 -0.32833213 -0.32833213 -0.32833213  1.97782229  5.33180009
 -0.32833213 -0.32833213 -0.32833213 -0.32833213 -0.32833213 -0.32833213
 -0.32833213 -0.32833213 -0.32833213 -0.32833213 -0.32833213 -0.32833213
 -0.32833213 -0.32833213 -0.32833213 -0.32833213 -0.32833213 -0.32833213
 -0.32833213 -0.32833213 -0.32833213 -0.32833213 -0.32833213 -0.32833213
 -0.32833213 -0.32833213 -0.32833213 -0.32833213 -0.32833213 -0.32833213
 -0.32833213 -0.32833213 -0.32833213 -0.32833213 -0.32833213 -0.32833213
 -0.32833213 -0.32833213 -0.32833213 -0.32833213 -0.32833213 -0.32833213
 -0.32833213 -0.32833213 -0.32833213  0.61497167  1.39487658 -0.32833213
 -0.32833213 -0.32833213 -0.32833213 -0.32833213 -0.32833213 -0.32833213
 -0.32833213 -0.32833213 -0.32833213 -0.32833213 -0.32833213 -0.32833213
 -0.32833213 -0.32833213 -0.10365513 -0.32833213 -0.32833213 -0.32833213
 -0.32833213 -0.32833213 -0.32833213 -0.32833213 -0.32833213 -0.32833213
 -0.32833213 -0.32833213 -0.32833213 -0.32833213 -0.32833213 -0.32833213
 -0.32833213 -0.32833213 -0.32833213 -0.32833213 -0.23753445 -0.32833213
 -0.32833213 -0.32833213 -0.32833213  0.61497167  0.61497167 -0.32833213
  2.60613424 -0.32833213  0.56074417  0.8765015  -0.32833213  0.63871957
  2.33818038 -0.32833213 -0.32833213 -0.32833213 -0.32833213 -0.32833213
  1.13464133 -0.32833213 -0.32833213 -0.32833213 -0.32833213  0.25461358
 -0.32833213 -0.32833213 -0.32833213  0.72824846 -0.32833213 -0.32833213
 -0.32833213 -0.32833213 -0.32833213 -0.32833213  4.192313   -0.32833213
 -0.32833213 -0.32833213 -0.32833213 -0.32833213 -0.32833213 -0.32833213
 -0.32833213 -0.32833213 -0.32833213  1.08190449 -0.32833213  2.52960386
  3.21136674  0.31141925 -0.32833213  1.60948291  1.95903769 -0.32833213
 -0.32833213 -0.32833213  1.97782229 -0.32833213  2.85254725  1.97782229
  3.45306616  3.92999786  1.39487658 -0.32833213  2.83117824  6.72722078
 -0.32833213  1.45463127  1.63062092  1.08190449  5.0534671   1.49017638
 -0.32833213  3.97770668 -0.32833213  4.49699207  1.41934969  3.31356215
  1.21953045  0.64969534 -0.32833213 -0.32833213 -0.32833213 -0.32833213
 -0.32833213 -0.32833213 -0.32833213 -0.32833213 -0.32833213 -0.32833213
 -0.32833213 -0.32833213  0.82957799 -0.32833213 -0.32833213 -0.32833213
 -0.32833213 -0.32833213 -0.32833213 -0.32833213 -0.32833213 -0.32833213
  3.89799021 -0.32833213 -0.32833213  2.41428558 -0.32833213 -0.32833213
 -0.32833213 -0.32833213 -0.32833213 -0.32833213 -0.32833213 -0.32833213
  4.10348372  1.95043842 -0.32833213 -0.32833213  2.01432539  1.8198053
 -0.32833213  0.55290232 -0.32833213 -0.32833213  3.48164898 -0.32833213
 -0.32833213  3.77126228 -0.32833213 -0.1866439  -0.32833213 -0.32833213
 -0.32833213 -0.32833213 -0.32833213 -0.32833213 -0.32833213  3.96541382
 -0.32833213 -0.32833213 -0.32833213 -0.32833213 -0.32833213  0.25461358
 -0.32833213 -0.32833213 -0.32833213 -0.32833213  1.63062092  0.27833805
 -0.32833213 -0.32833213 -0.32833213 -0.32833213 -0.32833213 -0.32833213
 -0.32833213 -0.32833213 -0.32833213 -0.32833213 -0.32833213 -0.32833213
 -0.32833213 -0.32833213 -0.32833213 -0.32833213 -0.32833213  0.8765015
 -0.32833213 -0.32833213 -0.32833213 -0.32833213 -0.32833213 -0.32833213
 -0.32833213 -0.32833213  1.97782229 -0.32833213 -0.32833213  2.39648557
 -0.32833213 -0.32833213 -0.32833213 -0.32833213 -0.32833213 -0.32833213
 -0.32833213 -0.32833213 -0.32833213 -0.32833213 -0.32833213 -0.32833213
 -0.32833213 -0.32833213 -0.32833213 -0.32833213 -0.32833213 -0.32833213
 -0.32833213 -0.32833213 -0.32833213 -0.32833213 -0.32833213 -0.32833213
 -0.32833213  1.14691173  1.97782229 -0.32833213 -0.32833213 -0.32833213
 -0.32833213 -0.32833213 -0.32833213 -0.32833213 -0.32833213 -0.32833213
 -0.32833213 -0.32833213 -0.32833213 -0.32833213 -0.32833213 -0.32833213
 -0.32833213 -0.32833213  0.09659659 -0.32833213 -0.32833213 -0.32833213
 -0.32833213 -0.32833213 -0.32833213 -0.32833213 -0.32833213 -0.32833213
 -0.32833213 -0.32833213 -0.32833213 -0.32833213 -0.32833213 -0.32833213
 -0.32833213 -0.32833213 -0.32833213 -0.32833213 -0.32833213 -0.32833213
 -0.32833213  2.59971021 -0.32833213 -0.32833213 -0.32833213 -0.32833213
 -0.32833213 -0.32833213 -0.32833213 -0.32833213 -0.32833213 -0.32833213
 -0.32833213 -0.32833213 -0.32833213 -0.32833213 -0.32833213  3.32348828
 -0.32833213 -0.32833213 -0.32833213 -0.32833213 -0.32833213 -0.32833213
 -0.32833213 -0.32833213 -0.32833213 -0.32833213 -0.32833213 -0.32833213
 -0.32833213 -0.32833213 -0.32833213 -0.32833213 -0.32833213 -0.32833213
 -0.32833213 -0.32833213 -0.32833213 -0.32833213 -0.32833213 -0.32833213
 -0.32833213 -0.32833213 -0.32833213 -0.32833213 -0.32833213 -0.32833213
 -0.32833213 -0.32833213 -0.32833213 -0.32833213 -0.32833213 -0.32833213
 -0.32833213 -0.32833213 -0.32833213 -0.32833213 -0.32833213 -0.32833213
 -0.32833213 -0.32833213 -0.32833213  3.89799021 -0.32833213 -0.32833213
 -0.32833213 -0.32833213 -0.32833213 -0.32833213 -0.32833213 -0.32833213
 -0.32833213 -0.32833213 -0.32833213 -0.32833213 -0.32833213 -0.32833213
 -0.32833213 -0.32833213 -0.32833213 -0.32833213 -0.32833213 -0.32833213
 -0.32833213 -0.32833213 -0.32833213 -0.32833213 -0.32833213 -0.32833213
 -0.32833213 -0.32833213 -0.32833213 -0.32833213 -0.32833213 -0.32833213
 -0.32833213 -0.32833213 -0.32833213 -0.32833213 -0.32833213 -0.32833213
 -0.32833213 -0.32833213 -0.32833213 -0.32833213 -0.32833213 -0.32833213
 -0.32833213 -0.32833213  2.35737745 -0.32833213 -0.32833213 -0.32833213
 -0.32833213 -0.32833213 -0.32833213 -0.32833213 -0.32833213 -0.32833213
 -0.32833213 -0.32833213 -0.32833213 -0.32833213 -0.32833213 -0.32833213
  0.01886924 -0.32833213 -0.32833213 -0.32833213 -0.32833213 -0.32833213
 -0.32833213 -0.32833213 -0.32833213 -0.32833213 -0.32833213 -0.32833213
  4.11021892 -0.32833213 -0.32833213 -0.32833213  1.39487658 -0.32833213
 -0.32833213 -0.32833213 -0.32833213 -0.32833213  1.97782229 -0.32833213
 -0.32833213 -0.32833213 -0.32833213 -0.32833213 -0.32833213 -0.32833213
 -0.32833213 -0.32833213 -0.32833213 -0.32833213 -0.32833213 -0.32833213
 -0.32833213 -0.32833213 -0.32833213 -0.32833213 -0.32833213 -0.32833213
  1.08190449 -0.32833213 -0.32833213 -0.32833213 -0.32833213 -0.32833213
 -0.32833213  1.54312963 -0.32833213 -0.32833213 -0.32833213  1.08190449
 -0.32833213 -0.32833213 -0.32833213 -0.32833213 -0.32833213  0.29355579
 -0.32833213 -0.32833213 -0.32833213 -0.32833213 -0.32833213 -0.32833213
 -0.32833213 -0.32833213 -0.32833213  1.21953045 -0.32833213 -0.32833213
 -0.32833213 -0.32833213 -0.32833213 -0.32833213 -0.32833213 -0.32833213
 -0.32833213 -0.32833213 -0.32833213 -0.32833213 -0.32833213 -0.32833213
 -0.32833213 -0.32833213 -0.32833213 -0.32833213 -0.32833213 -0.32833213
 -0.32833213  1.97782229  0.45157279 -0.32833213  0.66812006 -0.32833213
 -0.32833213 -0.32833213 -0.32833213 -0.32833213 -0.32833213 -0.32833213
 -0.32833213 -0.32833213 -0.32833213 -0.32833213 -0.32833213 -0.32833213
 -0.32833213 -0.32833213 -0.32833213 -0.32833213 -0.32833213 -0.32833213
 -0.32833213 -0.32833213  0.72824846 -0.32833213  1.72985744 -0.32833213
 -0.32833213 -0.32833213 -0.32833213 -0.32833213]",[0.02456350945095298]
0,"[-0.33547061 -0.33547061 -0.33547061 -0.33547061 -0.33547061 -0.33547061
 -0.33547061 -0.33547061 -0.33547061 -0.33547061 -0.33547061 -0.33547061
 -0.33547061 -0.33547061 -0.33547061 -0.33547061 -0.33547061 -0.33547061
 -0.33547061 -0.33547061 -0.33547061 -0.33547061 -0.33547061 -0.33547061
 -0.33547061 -0.33547061 -0.33547061 -0.33547061 -0.33547061 -0.33547061
 -0.33547061 -0.33547061 -0.33547061 -0.33547061 -0.33547061 -0.33547061
 -0.33547061 -0.33547061 -0.33547061 -0.33547061 -0.33547061 -0.33547061
 -0.33547061 -0.33547061 -0.33547061 -0.33547061 -0.33547061 -0.33547061
 -0.33547061 -0.33547061 -0.33547061 -0.33547061 -0.33547061 -0.33547061
 -0.33547061 -0.33547061 -0.33547061 -0.33547061 -0.33547061 -0.33547061
 -0.33547061 -0.33547061 -0.33547061 -0.33547061 -0.33547061 -0.33547061
 -0.33547061 -0.33547061 -0.33547061 -0.33547061 -0.33547061 -0.33547061
 -0.33547061 -0.33547061  0.68019681 -0.33547061 -0.33547061 -0.33547061
 -0.33547061 -0.33547061 -0.33547061 -0.33547061 -0.33547061 -0.33547061
 -0.33547061  1.21931574  3.8938512   1.88138436 -0.33547061  3.41308174
 -0.33547061 -0.33547061 -0.33547061 -0.33547061  0.72084073  0.64085043
  0.68019681 -0.33547061  4.59874314  2.18556661 -0.33547061 -0.33547061
 -0.33547061  1.88138436  1.32101161 -0.33547061 -0.33547061 -0.33547061
 -0.33547061 -0.33547061 -0.33547061 -0.33547061 -0.33547061 -0.33547061
 -0.33547061 -0.33547061 -0.33547061 -0.33547061  4.3066955   2.38666419
 -0.33547061  1.66370446 -0.33547061 -0.33547061  1.60333704 -0.33547061
  3.90915486 -0.33547061  4.90002498 -0.33547061 -0.33547061 -0.33547061
 -0.33547061 -0.33547061 -0.33547061  3.22617512  4.22073359 -0.33547061
  1.18276947 -0.33547061 -0.33547061 -0.33547061 -0.33547061  0.34178241
 -0.18603313 -0.33547061 -0.33547061 -0.33547061 -0.33547061 -0.33547061
 -0.33547061  4.86817349 -0.33547061  4.52025791  5.86841022 -0.33547061
 -0.33547061 -0.33547061  0.35134872 -0.33547061 -0.33547061  3.25554114
 -0.33547061  4.17165092  2.25368664 -0.33547061 -0.33547061  1.02015849
 -0.33547061 -0.33547061 -0.33547061 -0.33547061 -0.33547061 -0.33547061
 -0.33547061 -0.33547061 -0.33547061 -0.33547061 -0.33547061 -0.33547061
 -0.33547061 -0.33547061 -0.33547061 -0.33547061 -0.33547061 -0.33547061
 -0.33547061 -0.33547061 -0.33547061 -0.33547061 -0.33547061 -0.33547061
 -0.33547061 -0.33547061 -0.33547061 -0.33547061 -0.33547061 -0.33547061
 -0.33547061 -0.33547061 -0.33547061 -0.33547061 -0.33547061 -0.33547061
 -0.33547061 -0.33547061 -0.33547061 -0.33547061 -0.33547061  2.25533283
 -0.33547061 -0.33547061 -0.33547061 -0.33547061 -0.33547061 -0.33547061
 -0.33547061 -0.33547061 -0.33547061 -0.33547061 -0.33547061 -0.33547061
 -0.33547061 -0.33547061 -0.33547061 -0.33547061 -0.33547061 -0.33547061
 -0.33547061 -0.33547061 -0.33547061 -0.33547061 -0.33547061 -0.33547061
 -0.33547061 -0.33547061 -0.33547061 -0.33547061 -0.33547061 -0.33547061
 -0.33547061 -0.33547061 -0.33547061 -0.33547061 -0.33547061 -0.33547061
 -0.33547061 -0.33547061 -0.33547061 -0.33547061 -0.33547061 -0.33547061
 -0.33547061 -0.33547061 -0.33547061  0.57130635 -0.33547061 -0.33547061
 -0.33547061 -0.33547061 -0.33547061 -0.33547061 -0.33547061 -0.33547061
 -0.33547061 -0.33547061  1.88138436 -0.33547061 -0.33547061 -0.33547061
 -0.33547061 -0.33547061 -0.33547061 -0.33547061 -0.33547061 -0.33547061
 -0.33547061 -0.33547061 -0.33547061 -0.33547061 -0.33547061 -0.33547061
  1.88138436 -0.33547061 -0.33547061 -0.33547061 -0.33547061 -0.33547061
 -0.33547061 -0.33547061  0.48484148 -0.33547061  0.25357746 -0.33547061
 -0.33547061 -0.33547061 -0.33547061 -0.33547061 -0.33547061 -0.33547061
  1.82391557 -0.33547061  3.27805488  0.82270916 -0.33547061  0.18482464
 -0.33547061 -0.33547061 -0.33547061 -0.33547061 -0.33547061 -0.33547061
  0.14945243 -0.33547061 -0.33547061 -0.33547061 -0.33547061 -0.33547061
 -0.33547061 -0.33547061 -0.33547061 -0.33547061 -0.33547061 -0.33547061
 -0.33547061 -0.33547061 -0.33547061 -0.33547061  0.82270916 -0.33547061
 -0.33547061 -0.33547061  0.11338152  0.82270916  1.02015849 -0.33547061
 -0.33547061 -0.33547061 -0.33547061 -0.33547061 -0.33547061  2.18552216
  3.20410962  1.41878134  0.41423464  2.64958023  2.55556556 -0.33547061
 -0.33547061 -0.33547061 -0.33547061 -0.33547061  3.27330296 -0.33547061
  1.88138436  2.6989318   3.52611928  0.64085043  1.60333704  2.78587466
 -0.33547061  0.1919983  -0.33547061 -0.33547061  5.8240017   2.47919139
  1.88138436  2.64038115 -0.33547061 -0.33547061  1.95624991  4.57073566
  2.22778858  0.09222498 -0.33547061 -0.33547061 -0.33547061 -0.33547061
 -0.33547061 -0.33547061 -0.33547061 -0.33547061 -0.33547061 -0.33547061
 -0.33547061 -0.33547061 -0.19295826 -0.33547061 -0.33547061 -0.33547061
 -0.33547061 -0.33547061 -0.33547061 -0.33547061 -0.33547061 -0.33547061
 -0.33547061 -0.33547061 -0.33547061  2.36559004 -0.33547061  2.31939815
 -0.33547061 -0.33547061 -0.33547061 -0.33547061  0.48484148 -0.33547061
  3.97260875  2.57354922 -0.33547061 -0.33547061  2.3315129  -0.33547061
 -0.33547061 -0.33547061 -0.33547061 -0.33547061  0.45292231 -0.33547061
  5.68875204 -0.33547061 -0.33547061  1.17564144 -0.33547061  0.48484148
 -0.33547061 -0.33547061 -0.33547061 -0.33547061 -0.33547061  4.8742826
 -0.33547061 -0.33547061 -0.33547061 -0.33547061 -0.33547061 -0.33547061
 -0.33547061 -0.33547061 -0.33547061 -0.33547061 -0.33547061  1.10235722
 -0.33547061 -0.33547061 -0.33547061 -0.33547061 -0.33547061 -0.33547061
 -0.33547061 -0.33547061 -0.33547061  1.4959659   0.54038373 -0.33547061
 -0.33547061 -0.33547061 -0.33547061  3.68834881  1.02015849 -0.33547061
 -0.33547061 -0.33547061 -0.33547061 -0.33547061 -0.33547061 -0.33547061
 -0.33547061 -0.33547061  2.31939815 -0.33547061 -0.33547061  1.64302126
 -0.33547061 -0.33547061  1.88138436 -0.33547061 -0.33547061 -0.33547061
 -0.33547061  0.68019681  3.29950348 -0.33547061  1.32101161 -0.33547061
 -0.33547061  4.1948808  -0.33547061 -0.33547061  0.68019681  1.69586423
 -0.33547061 -0.33547061  0.72320458 -0.33547061 -0.33547061 -0.33547061
 -0.33547061  2.20114407 -0.33547061 -0.33547061 -0.33547061 -0.33547061
 -0.33547061 -0.33547061 -0.33547061 -0.33547061 -0.33547061 -0.33547061
 -0.33547061 -0.33547061 -0.33547061 -0.33547061 -0.33547061 -0.33547061
 -0.33547061 -0.33547061  2.65667233 -0.33547061 -0.33547061 -0.33547061
 -0.33547061 -0.33547061 -0.33547061 -0.33547061 -0.33547061 -0.33547061
 -0.33547061 -0.33547061 -0.33547061 -0.33547061 -0.33547061 -0.33547061
 -0.33547061 -0.33547061 -0.33547061 -0.33547061 -0.33547061 -0.33547061
 -0.33547061 -0.33547061 -0.33547061 -0.33547061 -0.33547061 -0.33547061
 -0.33547061 -0.33547061 -0.33547061 -0.33547061 -0.33547061 -0.33547061
 -0.33547061 -0.33547061 -0.33547061 -0.33547061 -0.33547061  3.16000744
 -0.33547061 -0.33547061 -0.33547061 -0.33547061 -0.33547061 -0.33547061
 -0.33547061 -0.33547061 -0.33547061 -0.33547061 -0.33547061 -0.33547061
 -0.33547061 -0.33547061 -0.33547061 -0.33547061 -0.33547061 -0.33547061
  1.02015849 -0.33547061 -0.33547061 -0.33547061 -0.33547061 -0.33547061
 -0.33547061 -0.33547061 -0.33547061 -0.33547061 -0.33547061 -0.33547061
 -0.33547061 -0.33547061 -0.33547061 -0.33547061 -0.33547061 -0.33547061
 -0.33547061 -0.33547061 -0.33547061 -0.33547061 -0.33547061 -0.33547061
 -0.33547061 -0.33547061  1.9618264   3.62682943 -0.33547061 -0.33547061
 -0.33547061 -0.33547061 -0.33547061 -0.33547061 -0.33547061 -0.33547061
 -0.33547061 -0.33547061 -0.33547061 -0.33547061 -0.33547061 -0.33547061
 -0.33547061 -0.33547061 -0.33547061 -0.33547061  2.47919139 -0.33547061
 -0.33547061 -0.33547061 -0.33547061 -0.33547061 -0.33547061 -0.33547061
 -0.33547061 -0.33547061 -0.33547061 -0.33547061 -0.33547061 -0.33547061
 -0.33547061 -0.33547061 -0.33547061 -0.33547061 -0.33547061 -0.33547061
 -0.33547061 -0.33547061 -0.33547061 -0.33547061 -0.33547061 -0.33547061
 -0.33547061 -0.33547061  3.40180827 -0.33547061 -0.33547061 -0.33547061
 -0.33547061 -0.33547061 -0.33547061 -0.33547061 -0.33547061 -0.33547061
 -0.33547061 -0.33547061 -0.33547061 -0.33547061 -0.33547061 -0.33547061
 -0.33547061 -0.33547061 -0.33547061 -0.33547061 -0.33547061 -0.33547061
 -0.33547061 -0.33547061 -0.33547061 -0.33547061 -0.33547061 -0.33547061
 -0.33547061 -0.33547061 -0.33547061 -0.33547061 -0.33547061 -0.33547061
 -0.33547061 -0.33547061 -0.33547061 -0.33547061 -0.33547061 -0.33547061
 -0.33547061 -0.33547061 -0.33547061 -0.33547061 -0.33547061 -0.33547061
 -0.33547061 -0.33547061 -0.33547061 -0.33547061 -0.33547061 -0.33547061
 -0.33547061 -0.33547061 -0.33547061 -0.33547061 -0.33547061 -0.33547061
 -0.33547061 -0.33547061 -0.33547061 -0.33547061 -0.33547061 -0.33547061
 -0.33547061 -0.33547061 -0.33547061 -0.33547061 -0.33547061 -0.33547061
 -0.33547061 -0.33547061 -0.33547061 -0.33547061  1.32101161 -0.33547061
 -0.33547061 -0.33547061 -0.33547061 -0.33547061 -0.33547061 -0.33547061
 -0.33547061 -0.33547061 -0.33547061 -0.33547061 -0.33547061 -0.33547061
 -0.33547061 -0.33547061 -0.33547061 -0.33547061 -0.33547061 -0.33547061
 -0.33547061 -0.33547061 -0.33547061 -0.33547061  1.02015849 -0.33547061
 -0.33547061 -0.33547061 -0.33547061 -0.33547061 -0.33547061 -0.33547061
 -0.33547061  4.01849161  2.29733265 -0.33547061 -0.33547061 -0.33547061
 -0.33547061 -0.33547061 -0.33547061 -0.33547061 -0.33547061 -0.33547061
 -0.33547061 -0.33547061 -0.33547061 -0.33547061 -0.33547061 -0.33547061
 -0.33547061 -0.33547061 -0.33547061 -0.33547061 -0.33547061 -0.33547061
 -0.33547061 -0.33547061 -0.33547061 -0.33547061  2.76151682 -0.33547061
 -0.33547061 -0.33547061 -0.33547061 -0.33547061]",[0.9348278854683282]
0,"[-0.31593808 -0.31593808 -0.31593808 -0.31593808 -0.31593808 -0.31593808
 -0.31593808 -0.31593808 -0.31593808 -0.31593808 -0.31593808 -0.31593808
 -0.31593808 -0.31593808 -0.31593808 -0.31593808 -0.31593808 -0.31593808
 -0.31593808 -0.31593808 -0.31593808 -0.31593808 -0.31593808 -0.31593808
 -0.31593808 -0.31593808 -0.31593808 -0.31593808 -0.31593808 -0.31593808
 -0.31593808 -0.31593808 -0.31593808 -0.31593808 -0.31593808 -0.31593808
 -0.31593808 -0.31593808 -0.31593808 -0.31593808 -0.31593808 -0.31593808
 -0.31593808 -0.31593808 -0.31593808 -0.31593808 -0.31593808 -0.31593808
 -0.31593808 -0.31593808 -0.31593808 -0.31593808 -0.31593808  1.41052274
 -0.31593808 -0.31593808 -0.31593808 -0.31593808 -0.31593808 -0.31593808
 -0.31593808 -0.31593808 -0.31593808 -0.31593808 -0.31593808 -0.31593808
 -0.31593808 -0.31593808 -0.31593808 -0.31593808 -0.31593808 -0.31593808
 -0.31593808 -0.31593808 -0.31593808 -0.31593808 -0.31593808 -0.31593808
 -0.31593808 -0.31593808 -0.31593808 -0.31593808 -0.31593808 -0.31593808
 -0.31593808  1.30453071  3.50966104  2.61763018 -0.31593808  3.5035818
 -0.31593808 -0.31593808 -0.31593808 -0.31593808  1.10525227 -0.31593808
  1.23484569 -0.31593808  0.83671667  4.24038282 -0.31593808 -0.31593808
 -0.31593808 -0.31593808  3.87268563 -0.31593808 -0.31593808 -0.31593808
 -0.31593808 -0.31593808 -0.31593808 -0.31593808 -0.31593808 -0.31593808
 -0.22828166 -0.31593808 -0.31593808 -0.31593808  3.78703036  3.3519949
 -0.31593808  5.30123199 -0.31593808 -0.31593808  6.4719834   3.07785114
  3.16833168 -0.31593808  6.02668139 -0.31593808 -0.31593808 -0.31593808
 -0.31593808 -0.31593808 -0.31593808  4.09499153  3.07785114 -0.31593808
  2.65512737 -0.31593808 -0.31593808 -0.31593808 -0.31593808  1.02946999
 -0.31593808 -0.31593808 -0.31593808 -0.31593808 -0.31593808 -0.31593808
 -0.31593808  5.81971688 -0.31593808 -0.31593808  7.70455972 -0.31593808
 -0.31593808 -0.31593808  1.32489306 -0.31593808 -0.31593808  3.82301113
 -0.31593808  4.49570353  3.02075173 -0.31593808 -0.31593808 -0.31593808
 -0.31593808  0.39295671 -0.31593808 -0.31593808 -0.31593808 -0.31593808
 -0.31593808 -0.31593808 -0.31593808 -0.31593808 -0.31593808 -0.31593808
 -0.31593808 -0.31593808 -0.31593808 -0.31593808 -0.31593808 -0.31593808
 -0.31593808 -0.31593808 -0.31593808 -0.31593808 -0.31593808 -0.31593808
 -0.31593808 -0.31593808 -0.31593808 -0.31593808 -0.31593808 -0.31593808
 -0.31593808 -0.31593808 -0.31593808 -0.31593808 -0.31593808 -0.31593808
 -0.31593808 -0.31593808 -0.31593808 -0.31593808 -0.31593808  0.16375719
  0.04510009 -0.31593808 -0.31593808 -0.31593808 -0.31593808 -0.31593808
 -0.31593808 -0.31593808 -0.31593808 -0.31593808 -0.31593808 -0.31593808
 -0.31593808 -0.31593808 -0.31593808 -0.31593808 -0.31593808 -0.31593808
 -0.31593808 -0.31593808 -0.31593808 -0.31593808 -0.31593808 -0.31593808
 -0.31593808 -0.31593808 -0.31593808 -0.31593808 -0.31593808 -0.31593808
 -0.31593808 -0.31593808 -0.31593808 -0.31593808  0.77586589 -0.31593808
 -0.31593808 -0.31593808 -0.31593808 -0.31593808 -0.31593808 -0.31593808
 -0.31593808 -0.31593808 -0.31593808  0.62914596 -0.31593808 -0.31593808
 -0.31593808 -0.31593808 -0.31593808 -0.31593808 -0.31593808 -0.31593808
 -0.31593808  0.74263653 -0.31593808  0.30712349 -0.31593808 -0.31593808
 -0.31593808 -0.31593808 -0.31593808 -0.31593808 -0.31593808 -0.31593808
 -0.31593808 -0.31593808 -0.31593808 -0.31593808 -0.31593808 -0.31593808
 -0.31593808 -0.31593808 -0.31593808 -0.31593808 -0.31593808 -0.31593808
 -0.31593808 -0.31593808  0.78746117 -0.31593808  0.98831902 -0.31593808
 -0.31593808 -0.31593808 -0.31593808  0.62914596  3.97607557 -0.31593808
  2.03242236 -0.31593808  0.73887263  0.89116936 -0.31593808  0.15022744
 -0.31593808 -0.31593808 -0.31593808 -0.31593808 -0.31593808 -0.31593808
  0.18947069 -0.31593808 -0.31593808 -0.31593808 -0.31593808 -0.31593808
 -0.31593808 -0.31593808 -0.31593808 -0.31593808 -0.31593808 -0.31593808
 -0.31593808 -0.31593808 -0.31593808 -0.31593808  3.3412288  -0.31593808
 -0.31593808 -0.31593808  0.70162795  0.89116936 -0.31593808 -0.31593808
 -0.31593808 -0.31593808 -0.31593808 -0.31593808 -0.31593808  1.19683225
  0.17627108  0.44699823 -0.31593808  0.89116936  0.56285049 -0.31593808
 -0.31593808 -0.31593808 -0.31593808 -0.31593808  2.30159274 -0.31593808
  1.41052274  1.13386823  2.06493243  1.04948457  0.53902836  5.19974174
 -0.31593808 -0.31593808  0.40404494  0.62914596  3.61055294  0.15187595
 -0.31593808  2.41402201 -0.31593808 -0.31593808  0.54485398  3.07150053
 -0.31593808 -0.31593808 -0.31593808 -0.31593808 -0.31593808 -0.31593808
 -0.31593808 -0.31593808 -0.31593808 -0.31593808 -0.31593808 -0.31593808
 -0.31593808 -0.31593808 -0.16740525 -0.31593808 -0.31593808 -0.31593808
 -0.31593808 -0.31593808 -0.31593808 -0.31593808 -0.31593808 -0.31593808
 -0.31593808 -0.31593808 -0.31593808  2.40444819 -0.31593808  1.09695999
 -0.31593808 -0.31593808 -0.31593808 -0.31593808 -0.31593808 -0.31593808
  1.7840808   2.35917631 -0.31593808 -0.31593808  3.29322572 -0.31593808
 -0.31593808 -0.31593808 -0.31593808 -0.31593808  2.58167242 -0.31593808
  1.64671199 -0.31593808 -0.31593808  2.08728972  0.89116936 -0.31593808
 -0.31593808 -0.31593808 -0.31593808 -0.31593808 -0.31593808  3.92879985
 -0.31593808 -0.31593808 -0.31593808 -0.31593808 -0.31593808 -0.31593808
  0.03191854  0.50048097 -0.31593808 -0.31593808  0.81149125  1.08878035
 -0.31593808  0.62914596 -0.31593808 -0.31593808 -0.31593808 -0.31593808
 -0.31593808 -0.31593808 -0.31593808  1.87833678  1.99456861 -0.31593808
 -0.31593808 -0.31593808 -0.31593808 -0.31593808 -0.31593808 -0.31593808
 -0.31593808 -0.31593808 -0.31593808 -0.31593808 -0.31593808 -0.31593808
 -0.31593808 -0.31593808  1.64671199 -0.31593808 -0.31593808 -0.31593808
 -0.31593808 -0.31593808 -0.31593808 -0.31593808 -0.31593808 -0.31593808
 -0.31593808  0.74263653 -0.31593808 -0.31593808  2.82342082 -0.31593808
 -0.31593808  3.26229706 -0.31593808 -0.31593808  2.52119415  3.16338402
 -0.31593808 -0.31593808  2.35560679 -0.31593808 -0.31593808 -0.31593808
 -0.31593808 -0.31593808 -0.31593808 -0.31593808 -0.31593808 -0.31593808
 -0.31593808 -0.31593808 -0.31593808 -0.31593808 -0.31593808 -0.31593808
 -0.31593808 -0.31593808 -0.31593808 -0.31593808 -0.31593808 -0.31593808
 -0.31593808 -0.31593808  0.10979258 -0.31593808 -0.31593808 -0.31593808
 -0.31593808 -0.31593808 -0.31593808 -0.31593808 -0.31593808 -0.31593808
 -0.31593808 -0.31593808 -0.31593808 -0.31593808 -0.31593808 -0.31593808
 -0.31593808 -0.31593808 -0.31593808 -0.31593808 -0.31593808 -0.31593808
 -0.31593808 -0.31593808 -0.31593808 -0.31593808 -0.31593808 -0.31593808
 -0.31593808 -0.31593808 -0.31593808 -0.31593808 -0.31593808 -0.31593808
 -0.31593808 -0.31593808 -0.31593808 -0.31593808 -0.31593808  1.18542172
 -0.31593808 -0.31593808 -0.31593808 -0.31593808 -0.31593808 -0.31593808
 -0.31593808 -0.31593808 -0.31593808 -0.31593808 -0.31593808 -0.31593808
 -0.31593808 -0.31593808 -0.31593808 -0.31593808 -0.31593808 -0.31593808
  1.09695999 -0.31593808 -0.31593808 -0.31593808 -0.31593808 -0.31593808
 -0.31593808 -0.31593808 -0.31593808 -0.31593808 -0.31593808 -0.31593808
 -0.31593808 -0.31593808 -0.31593808 -0.31593808 -0.31593808 -0.31593808
 -0.31593808 -0.31593808 -0.31593808 -0.31593808 -0.31593808 -0.31593808
 -0.31593808 -0.31593808 -0.31593808  2.69121984  1.12865878 -0.31593808
 -0.31593808 -0.31593808 -0.31593808 -0.31593808 -0.31593808 -0.31593808
 -0.31593808 -0.31593808 -0.31593808 -0.31593808 -0.31593808 -0.31593808
 -0.31593808 -0.31593808 -0.31593808 -0.31593808 -0.31593808 -0.31593808
  4.63834337 -0.31593808 -0.31593808 -0.31593808 -0.31593808 -0.31593808
  1.99456861 -0.31593808 -0.31593808 -0.31593808 -0.31593808 -0.31593808
 -0.31593808 -0.31593808 -0.31593808 -0.31593808 -0.31593808 -0.31593808
 -0.31593808 -0.31593808 -0.31593808 -0.31593808 -0.31593808 -0.31593808
 -0.31593808 -0.31593808  5.4000307  -0.31593808 -0.31593808 -0.31593808
 -0.31593808  1.86052562 -0.31593808 -0.31593808 -0.31593808 -0.31593808
 -0.31593808 -0.31593808 -0.31593808 -0.31593808 -0.31593808 -0.31593808
  1.82874318 -0.31593808 -0.31593808 -0.31593808  2.61763018 -0.31593808
 -0.31593808 -0.31593808 -0.31593808  0.62914596 -0.31593808 -0.31593808
 -0.31593808 -0.31593808 -0.31593808 -0.31593808 -0.31593808 -0.31593808
 -0.31593808 -0.31593808 -0.31593808 -0.31593808 -0.31593808 -0.31593808
 -0.31593808 -0.31593808 -0.31593808 -0.31593808 -0.31593808 -0.31593808
 -0.31593808 -0.31593808 -0.31593808 -0.31593808 -0.31593808 -0.31593808
 -0.31593808 -0.31593808 -0.31593808 -0.31593808 -0.31593808 -0.31593808
 -0.31593808 -0.31593808 -0.31593808 -0.31593808 -0.31593808 -0.31593808
 -0.31593808 -0.31593808 -0.31593808 -0.31593808 -0.31593808 -0.31593808
 -0.31593808 -0.31593808 -0.31593808 -0.31593808  2.35560679 -0.31593808
 -0.31593808 -0.31593808 -0.31593808 -0.31593808 -0.31593808 -0.31593808
 -0.31593808 -0.31593808 -0.31593808  1.23484569 -0.31593808 -0.31593808
 -0.31593808 -0.31593808 -0.31593808 -0.31593808 -0.31593808 -0.31593808
 -0.31593808 -0.31593808 -0.31593808 -0.31593808  4.16227663 -0.31593808
 -0.31593808 -0.31593808 -0.31593808 -0.31593808 -0.31593808 -0.31593808
 -0.31593808 -0.31593808 -0.31593808 -0.31593808 -0.31593808 -0.31593808
 -0.31593808 -0.31593808 -0.31593808 -0.31593808 -0.31593808 -0.31593808
 -0.31593808 -0.31593808 -0.31593808 -0.31593808 -0.31593808 -0.31593808
 -0.31593808 -0.31593808 -0.31593808 -0.31593808 -0.31593808 -0.31593808
 -0.31593808 -0.31593808 -0.31593808 -0.31593808 -0.31593808 -0.31593808
 -0.31593808 -0.31593808 -0.31593808 -0.31593808]",[-0.655266064960202]
0,"[-3.17778380e-01 -3.17778380e-01 -3.17778380e-01 -3.17778380e-01
 -3.17778380e-01 -3.17778380e-01 -3.17778380e-01 -3.17778380e-01
 -3.17778380e-01 -3.17778380e-01 -3.17778380e-01 -3.17778380e-01
 -3.17778380e-01 -3.17778380e-01 -3.17778380e-01 -3.17778380e-01
  4.70062508e-01 -3.17778380e-01 -3.17778380e-01  4.70062508e-01
 -3.17778380e-01 -3.17778380e-01 -3.17778380e-01 -3.17778380e-01
 -3.17778380e-01 -3.17778380e-01 -3.17778380e-01 -3.17778380e-01
 -3.17778380e-01  1.49137840e-02 -3.17778380e-01 -3.17778380e-01
 -3.17778380e-01 -3.17778380e-01 -3.17778380e-01 -3.17778380e-01
 -3.17778380e-01 -3.17778380e-01 -3.17778380e-01 -3.17778380e-01
 -3.17778380e-01 -3.17778380e-01 -3.17778380e-01 -3.17778380e-01
 -3.17778380e-01 -3.17778380e-01 -3.17778380e-01 -3.17778380e-01
 -3.17778380e-01 -3.17778380e-01 -3.17778380e-01  1.91974026e+00
 -3.17778380e-01 -3.17778380e-01 -3.17778380e-01 -3.17778380e-01
 -3.17778380e-01 -3.17778380e-01 -3.17778380e-01 -3.17778380e-01
 -3.17778380e-01 -3.17778380e-01 -3.17778380e-01 -3.17778380e-01
 -3.17778380e-01 -3.17778380e-01 -3.17778380e-01 -3.17778380e-01
 -3.17778380e-01  3.58407472e+00 -3.17778380e-01 -3.17778380e-01
 -3.17778380e-01 -3.17778380e-01 -3.17778380e-01 -3.17778380e-01
 -3.17778380e-01 -3.17778380e-01 -3.17778380e-01 -3.17778380e-01
 -3.17778380e-01 -3.17778380e-01 -3.17778380e-01 -3.17778380e-01
 -3.17778380e-01  1.95107396e+00  5.92652342e+00  4.58829857e+00
 -3.17778380e-01  3.94042772e+00 -3.17778380e-01  1.81132467e+00
 -3.17778380e-01 -3.17778380e-01  7.80829940e-02 -3.17778380e-01
 -3.17778380e-01 -3.17778380e-01  1.98042347e+00  3.62238545e+00
 -3.17778380e-01 -3.17778380e-01  1.81132467e+00 -3.17778380e-01
 -3.17778380e-01 -3.17778380e-01 -3.17778380e-01 -3.17778380e-01
 -3.17778380e-01 -3.17778380e-01 -3.17778380e-01 -3.17778380e-01
 -3.17778380e-01 -3.17778380e-01 -2.37004089e-01 -3.17778380e-01
  4.02250563e-01 -3.17778380e-01  5.49500048e+00  1.41000485e+00
 -3.17778380e-01  3.86383674e+00 -3.17778380e-01 -3.17778380e-01
  2.01634686e+00  2.51974685e+00  4.01415511e+00 -3.17778380e-01
  6.17032263e+00 -3.17778380e-01 -3.17778380e-01 -3.17778380e-01
  4.70062508e-01 -3.17778380e-01  6.77865422e-01  4.73915276e+00
  5.40025903e+00  1.27313370e+00  5.53104757e-01 -3.17778380e-01
 -3.17778380e-01 -3.17778380e-01 -3.17778380e-01 -2.12702620e-01
  1.87944894e+00 -3.17778380e-01 -3.17778380e-01 -3.17778380e-01
 -3.17778380e-01 -3.17778380e-01  8.80828217e-01  4.34742996e+00
 -3.17778380e-01 -3.17778380e-01  4.93524664e+00 -3.17778380e-01
 -3.17778380e-01 -3.17778380e-01  4.55012911e-01 -3.17778380e-01
 -3.17778380e-01  4.15698102e+00 -3.17778380e-01  2.92704417e+00
  3.41438338e+00  6.02172762e-01  5.82782095e+00  1.27313370e+00
 -3.17778380e-01  8.21711218e-01 -3.17778380e-01 -3.17778380e-01
 -3.17778380e-01 -3.17778380e-01 -3.17778380e-01 -3.17778380e-01
 -3.17778380e-01 -3.17778380e-01 -3.17778380e-01 -3.17778380e-01
 -3.17778380e-01 -3.17778380e-01 -3.17778380e-01 -3.17778380e-01
 -3.17778380e-01 -3.17778380e-01 -3.17778380e-01 -3.17778380e-01
 -3.17778380e-01 -3.17778380e-01 -3.17778380e-01 -3.17778380e-01
 -3.17778380e-01  1.81132467e+00 -3.17778380e-01 -3.17778380e-01
 -3.17778380e-01 -3.17778380e-01 -3.17778380e-01 -3.17778380e-01
 -3.17778380e-01 -3.17778380e-01 -3.17778380e-01 -3.17778380e-01
 -3.17778380e-01 -3.17778380e-01 -3.17778380e-01 -3.17778380e-01
 -3.17778380e-01 -3.17778380e-01 -3.17778380e-01 -3.17778380e-01
 -3.17778380e-01 -3.17778380e-01 -3.17778380e-01 -3.17778380e-01
 -3.17778380e-01 -3.17778380e-01 -3.17778380e-01 -3.17778380e-01
 -3.17778380e-01  5.18520446e+00 -3.17778380e-01  6.57684895e-01
 -3.17778380e-01 -3.17778380e-01 -3.17778380e-01  1.81132467e+00
 -3.17778380e-01 -3.17778380e-01 -3.17778380e-01 -3.17778380e-01
 -3.17778380e-01 -3.17778380e-01 -3.17778380e-01 -3.17778380e-01
 -3.17778380e-01  1.41000485e+00 -3.17778380e-01 -3.17778380e-01
 -3.17778380e-01 -3.17778380e-01 -3.17778380e-01 -3.17778380e-01
  3.20734187e-01  3.68743605e+00 -3.17778380e-01 -3.17778380e-01
 -3.17778380e-01 -3.17778380e-01 -3.17778380e-01  5.53104757e-01
 -3.17778380e-01 -3.17778380e-01 -3.17778380e-01  5.53104757e-01
 -3.17778380e-01 -3.17778380e-01 -3.17778380e-01  1.27313370e+00
 -3.17778380e-01 -3.17778380e-01 -3.17778380e-01 -3.17778380e-01
 -3.17778380e-01 -3.17778380e-01 -3.17778380e-01 -3.17778380e-01
 -3.17778380e-01 -3.17778380e-01 -3.17778380e-01 -3.17778380e-01
 -3.17778380e-01 -3.17778380e-01 -3.17778380e-01 -3.17778380e-01
 -3.17778380e-01  1.81132467e+00 -3.17778380e-01 -3.17778380e-01
 -3.17778380e-01 -3.17778380e-01 -3.17778380e-01 -3.17778380e-01
 -3.17778380e-01 -3.17778380e-01 -3.17778380e-01 -3.17778380e-01
 -3.17778380e-01 -3.17778380e-01 -3.17778380e-01 -3.17778380e-01
  2.47952836e-01 -3.17778380e-01 -3.17778380e-01 -3.17778380e-01
 -3.17778380e-01  5.53104757e-01  5.53104757e-01 -3.17778380e-01
  7.13960704e-01 -3.17778380e-01  1.42763133e+00  7.94556045e-01
 -3.17778380e-01  8.71217099e-02 -3.17778380e-01 -3.17778380e-01
 -3.17778380e-01 -3.17778380e-01 -3.17778380e-01 -3.17778380e-01
  5.23836871e-02 -3.17778380e-01 -3.17778380e-01 -3.17778380e-01
 -3.17778380e-01 -3.17778380e-01 -3.17778380e-01 -3.17778380e-01
 -3.17778380e-01 -3.17778380e-01  1.81132467e+00 -3.17778380e-01
 -3.17778380e-01 -3.17778380e-01 -3.17778380e-01 -3.17778380e-01
  1.63314817e+00 -3.17778380e-01 -3.17778380e-01 -3.17778380e-01
 -3.17778380e-01 -3.17778380e-01 -3.17778380e-01 -3.17778380e-01
 -3.17778380e-01 -3.17778380e-01 -3.17778380e-01  5.53104757e-01
 -3.17778380e-01  9.99860704e-01  2.31204574e+00  3.85257899e-01
 -3.17778380e-01  1.27313370e+00  1.08049646e+00 -3.17778380e-01
 -3.17778380e-01 -3.17778380e-01 -3.17778380e-01 -3.17778380e-01
  1.91420640e+00 -3.17778380e-01  1.27313370e+00  1.83557483e+00
  2.20412593e-01 -3.17778380e-01  4.70062508e-01  3.84509151e+00
 -3.17778380e-01  5.09356749e-01 -3.17778380e-01 -3.17778380e-01
  2.89463106e+00  1.13306407e-01 -3.17778380e-01  2.05661141e+00
 -3.17778380e-01  1.81132467e+00  4.37153061e-01  1.69255432e+00
 -3.17778380e-01 -3.17778380e-01 -3.17778380e-01 -3.17778380e-01
  1.49077914e+00 -3.17778380e-01 -3.17778380e-01 -3.17778380e-01
 -3.17778380e-01 -3.17778380e-01 -3.17778380e-01 -3.17778380e-01
 -3.17778380e-01 -3.17778380e-01  4.22360916e-02 -3.17778380e-01
 -3.17778380e-01 -3.17778380e-01 -3.17778380e-01 -3.17778380e-01
 -3.17778380e-01 -3.17778380e-01 -3.17778380e-01 -3.17778380e-01
 -3.17778380e-01 -3.17778380e-01 -3.17778380e-01  1.75103408e+00
 -3.17778380e-01 -3.17778380e-01  2.97952059e+00 -3.17778380e-01
 -3.17778380e-01 -3.17778380e-01 -3.17778380e-01 -3.17778380e-01
  2.96606286e+00  3.04971600e+00 -3.17778380e-01 -3.17778380e-01
  1.44995977e+00  1.66543918e+00 -3.17778380e-01  1.11124949e+00
 -3.17778380e-01 -3.17778380e-01  1.04754772e+00 -3.17778380e-01
  7.58687669e+00 -3.17778380e-01  3.71937852e+00  4.93979360e+00
 -3.17778380e-01 -3.17778380e-01  2.86404578e+00 -3.17778380e-01
 -3.17778380e-01 -3.17778380e-01 -3.17778380e-01  3.86148093e+00
 -3.17778380e-01 -3.17778380e-01 -3.17778380e-01 -3.17778380e-01
 -3.17778380e-01  2.60311356e+00 -3.17778380e-01 -3.17778380e-01
 -3.17778380e-01 -3.17778380e-01  7.21133662e-01  2.42315651e-01
 -3.17778380e-01 -3.17778380e-01 -3.17778380e-01 -3.17778380e-01
 -3.17778380e-01 -3.17778380e-01 -3.17778380e-01 -3.17778380e-01
 -3.17778380e-01 -3.17778380e-01 -3.17778380e-01 -3.17778380e-01
 -3.17778380e-01 -3.17778380e-01 -3.17778380e-01  1.49077914e+00
 -3.17778380e-01 -3.17778380e-01 -3.17778380e-01 -3.17778380e-01
 -3.17778380e-01 -3.17778380e-01 -3.17778380e-01 -3.17778380e-01
 -3.17778380e-01 -3.17778380e-01 -3.17778380e-01 -3.17778380e-01
 -3.17778380e-01  4.22360916e-02 -3.17778380e-01 -3.17778380e-01
 -3.17778380e-01 -3.17778380e-01 -3.17778380e-01 -3.17778380e-01
 -3.17778380e-01 -3.17778380e-01 -3.17778380e-01 -3.17778380e-01
 -3.17778380e-01 -3.17778380e-01 -3.17778380e-01 -3.17778380e-01
  7.56442686e-01 -3.17778380e-01  6.57684895e-01  1.11124949e+00
 -3.17778380e-01 -3.17778380e-01 -3.17778380e-01 -3.17778380e-01
 -3.17778380e-01 -3.17778380e-01 -3.17778380e-01 -3.17778380e-01
 -3.17778380e-01 -3.17778380e-01 -3.17778380e-01 -3.17778380e-01
 -3.17778380e-01 -3.17778380e-01 -3.17778380e-01 -3.17778380e-01
 -3.17778380e-01 -3.17778380e-01 -3.17778380e-01 -3.17778380e-01
 -3.17778380e-01 -3.17778380e-01 -3.17778380e-01 -3.17778380e-01
 -3.17778380e-01 -3.17778380e-01  7.45271024e-02 -3.17778380e-01
 -3.17778380e-01 -3.17778380e-01 -3.17778380e-01 -3.17778380e-01
 -3.17778380e-01 -3.17778380e-01 -3.17778380e-01 -3.17778380e-01
 -3.17778380e-01 -3.17778380e-01 -3.17778380e-01 -3.17778380e-01
 -3.17778380e-01 -3.17778380e-01 -3.17778380e-01 -3.17778380e-01
 -3.17778380e-01 -3.17778380e-01 -3.17778380e-01 -3.17778380e-01
 -3.17778380e-01 -3.17778380e-01 -3.17778380e-01 -3.17778380e-01
 -3.17778380e-01 -3.17778380e-01 -3.17778380e-01 -3.17778380e-01
 -3.17778380e-01 -3.17778380e-01 -3.17778380e-01 -3.17778380e-01
 -3.17778380e-01 -3.17778380e-01 -3.17778380e-01 -3.17778380e-01
 -3.17778380e-01  3.15762678e+00 -3.17778380e-01 -3.17778380e-01
 -3.17778380e-01 -3.17778380e-01 -3.17778380e-01 -3.17778380e-01
 -3.17778380e-01 -3.17778380e-01 -3.17778380e-01 -3.17778380e-01
 -3.17778380e-01 -3.17778380e-01 -3.17778380e-01 -3.17778380e-01
 -3.17778380e-01 -3.17778380e-01 -3.17778380e-01 -3.17778380e-01
 -3.17778380e-01 -3.17778380e-01 -3.17778380e-01 -3.17778380e-01
 -3.17778380e-01 -3.17778380e-01 -3.17778380e-01 -3.17778380e-01
 -3.17778380e-01 -3.17778380e-01 -3.17778380e-01 -3.17778380e-01
 -3.17778380e-01 -1.90230196e-02 -3.17778380e-01 -3.17778380e-01
 -3.17778380e-01 -3.17778380e-01 -3.17778380e-01 -3.17778380e-01
 -3.17778380e-01 -3.17778380e-01 -3.17778380e-01 -3.17778380e-01
 -3.17778380e-01 -3.17778380e-01  2.97670424e-01  4.23883358e+00
 -3.17778380e-01 -3.17778380e-01 -3.17778380e-01 -3.17778380e-01
 -3.17778380e-01 -3.17778380e-01 -3.17778380e-01 -3.17778380e-01
 -3.17778380e-01 -3.17778380e-01 -3.17778380e-01 -3.17778380e-01
 -3.17778380e-01 -3.17778380e-01 -3.17778380e-01 -3.17778380e-01
 -3.17778380e-01 -3.17778380e-01  4.70062508e-01 -3.17778380e-01
 -3.17778380e-01 -3.17778380e-01 -3.17778380e-01 -3.17778380e-01
 -3.17778380e-01 -3.17778380e-01  9.84189543e-01 -3.17778380e-01
 -3.17778380e-01 -3.17778380e-01 -3.17778380e-01 -3.17778380e-01
 -3.17778380e-01 -3.17778380e-01 -3.17778380e-01 -3.17778380e-01
 -3.17778380e-01 -3.17778380e-01 -3.17778380e-01 -3.17778380e-01
 -3.17778380e-01 -3.17778380e-01 -3.17778380e-01 -3.17778380e-01
 -3.17778380e-01 -3.17778380e-01  3.26370258e-02 -3.17778380e-01
 -3.17778380e-01 -3.17778380e-01 -3.17778380e-01 -3.17778380e-01
 -3.17778380e-01 -3.17778380e-01 -3.17778380e-01 -3.17778380e-01
 -3.17778380e-01 -3.17778380e-01  5.53104757e-01 -3.17778380e-01
 -3.17778380e-01 -3.17778380e-01  2.76715218e-03 -3.17778380e-01
 -3.17778380e-01 -3.17778380e-01 -3.17778380e-01 -3.17778380e-01
 -3.17778380e-01 -3.17778380e-01 -3.17778380e-01 -3.17778380e-01
 -3.17778380e-01 -3.17778380e-01 -3.17778380e-01 -3.17778380e-01
 -3.17778380e-01 -3.17778380e-01 -3.17778380e-01 -3.17778380e-01
 -3.17778380e-01 -3.17778380e-01 -3.17778380e-01 -3.17778380e-01
 -3.17778380e-01 -3.17778380e-01 -3.17778380e-01 -3.17778380e-01
 -3.17778380e-01 -3.17778380e-01 -3.17778380e-01 -3.17778380e-01
 -3.17778380e-01 -3.17778380e-01 -3.17778380e-01 -3.17778380e-01
 -3.17778380e-01 -3.17778380e-01 -3.17778380e-01 -3.17778380e-01
 -3.17778380e-01 -3.17778380e-01 -3.17778380e-01 -3.17778380e-01
 -3.17778380e-01 -3.17778380e-01 -3.17778380e-01 -3.17778380e-01
 -3.17778380e-01 -3.17778380e-01 -3.17778380e-01 -3.17778380e-01
 -3.17778380e-01 -3.17778380e-01 -3.17778380e-01 -3.17778380e-01
 -3.17778380e-01 -3.17778380e-01 -3.17778380e-01 -3.17778380e-01
 -3.17778380e-01 -3.17778380e-01 -3.17778380e-01 -3.17778380e-01
 -3.17778380e-01 -3.17778380e-01 -3.17778380e-01 -3.17778380e-01
 -3.17778380e-01 -3.17778380e-01 -3.17778380e-01 -3.17778380e-01
 -3.17778380e-01 -3.17778380e-01 -3.17778380e-01 -3.17778380e-01
 -3.17778380e-01 -3.17778380e-01 -3.17778380e-01 -3.17778380e-01
 -3.17778380e-01 -3.17778380e-01 -3.17778380e-01 -3.17778380e-01
 -3.17778380e-01 -3.17778380e-01 -3.17778380e-01 -3.17778380e-01
 -3.17778380e-01 -3.17778380e-01 -3.17778380e-01 -3.17778380e-01
 -3.17778380e-01 -3.17778380e-01 -3.17778380e-01 -3.17778380e-01
  2.56365073e-01 -3.17778380e-01 -3.17778380e-01 -3.17778380e-01
 -3.17778380e-01 -3.17778380e-01 -3.17778380e-01 -3.17778380e-01
 -3.17778380e-01 -3.17778380e-01 -3.17778380e-01 -3.17778380e-01
 -3.17778380e-01 -3.17778380e-01 -3.17778380e-01 -3.17778380e-01
 -3.17778380e-01 -3.17778380e-01 -3.17778380e-01 -3.17778380e-01
 -3.17778380e-01 -3.17778380e-01 -3.17778380e-01 -3.17778380e-01
  7.94556045e-01 -3.17778380e-01 -3.17778380e-01 -3.17778380e-01
 -3.17778380e-01 -3.17778380e-01]",[1.075732554278448]
0,"[-0.3204095  -0.3204095  -0.3204095  -0.3204095  -0.3204095  -0.3204095
 -0.3204095  -0.3204095  -0.3204095  -0.3204095  -0.3204095  -0.3204095
 -0.3204095  -0.3204095  -0.3204095   0.11732735 -0.3204095  -0.3204095
 -0.3204095  -0.03145575 -0.3204095  -0.3204095  -0.3204095  -0.3204095
 -0.3204095  -0.3204095  -0.3204095  -0.3204095  -0.3204095  -0.3204095
 -0.3204095  -0.3204095  -0.3204095  -0.3204095  -0.3204095  -0.3204095
 -0.3204095  -0.3204095  -0.3204095  -0.3204095  -0.3204095  -0.3204095
 -0.3204095  -0.3204095  -0.3204095  -0.3204095  -0.3204095  -0.3204095
 -0.3204095  -0.3204095  -0.3204095   1.25502975 -0.3204095  -0.3204095
 -0.3204095  -0.3204095  -0.3204095  -0.3204095  -0.3204095  -0.3204095
 -0.3204095  -0.3204095  -0.3204095  -0.3204095  -0.3204095  -0.3204095
 -0.3204095  -0.3204095  -0.3204095   3.19339225 -0.3204095  -0.3204095
 -0.3204095  -0.3204095  -0.3204095  -0.3204095  -0.3204095  -0.3204095
 -0.3204095  -0.3204095  -0.3204095  -0.3204095  -0.3204095   0.71910332
 -0.3204095   4.14108595  4.33490276  3.56932133 -0.3204095   4.21739316
 -0.3204095  -0.3204095  -0.3204095  -0.3204095  -0.12860278 -0.3204095
 -0.3204095  -0.3204095   2.18186536  0.51916153 -0.3204095  -0.3204095
 -0.3204095  -0.3204095  -0.3204095  -0.3204095  -0.3204095  -0.3204095
 -0.3204095  -0.3204095  -0.3204095  -0.3204095  -0.3204095  -0.3204095
 -0.3204095  -0.3204095  -0.3204095  -0.3204095   5.11393689  5.98186233
 -0.3204095   2.18186536 -0.3204095  -0.3204095   2.62260673  1.94849183
  1.33664975 -0.3204095   5.35999527 -0.3204095  -0.3204095  -0.3204095
 -0.3204095  -0.3204095  -0.3204095  -0.15965012  3.7224326  -0.3204095
 -0.3204095  -0.3204095  -0.3204095  -0.3204095  -0.3204095   0.06482736
  4.04972366 -0.3204095  -0.3204095  -0.3204095  -0.3204095   0.2194431
 -0.3204095   3.92772825 -0.3204095   3.39990494  2.56033391 -0.3204095
 -0.3204095  -0.3204095   0.48680948 -0.3204095  -0.3204095   1.19243641
 -0.3204095   2.35382122  3.17217599 -0.3204095   5.61466314  2.97839843
  0.38660876  0.46948055 -0.3204095  -0.3204095  -0.3204095  -0.3204095
 -0.3204095  -0.3204095  -0.3204095  -0.3204095  -0.3204095  -0.3204095
 -0.3204095  -0.3204095  -0.3204095  -0.3204095  -0.3204095  -0.3204095
 -0.3204095  -0.3204095  -0.3204095  -0.3204095  -0.3204095  -0.3204095
 -0.3204095  -0.3204095  -0.3204095  -0.3204095  -0.3204095  -0.3204095
 -0.3204095  -0.3204095  -0.3204095  -0.3204095  -0.3204095  -0.3204095
 -0.3204095  -0.3204095  -0.3204095  -0.3204095  -0.3204095   0.15064788
 -0.3204095  -0.3204095  -0.3204095  -0.3204095  -0.3204095  -0.3204095
 -0.3204095  -0.3204095  -0.3204095  -0.3204095  -0.3204095   0.13898059
 -0.3204095   0.16293644 -0.3204095  -0.3204095  -0.3204095  -0.3204095
 -0.3204095  -0.3204095  -0.3204095  -0.3204095  -0.3204095  -0.3204095
 -0.3204095  -0.3204095  -0.3204095  -0.3204095  -0.3204095  -0.3204095
 -0.3204095  -0.3204095  -0.3204095  -0.3204095  -0.3204095   1.06704648
 -0.3204095   1.94849183 -0.3204095  -0.3204095  -0.3204095   0.60765638
 -0.3204095  -0.3204095  -0.3204095  -0.3204095  -0.3204095  -0.3204095
 -0.3204095  -0.3204095  -0.3204095  -0.3204095  -0.3204095  -0.3204095
 -0.3204095  -0.3204095  -0.3204095  -0.3204095  -0.3204095  -0.3204095
 -0.3204095  -0.3204095  -0.3204095  -0.3204095  -0.3204095  -0.3204095
 -0.3204095  -0.3204095  -0.3204095  -0.3204095  -0.3204095  -0.3204095
 -0.3204095  -0.3204095  -0.3204095  -0.3204095  -0.3204095  -0.3204095
 -0.3204095  -0.3204095   0.51916153 -0.3204095   0.12079077 -0.3204095
 -0.3204095  -0.3204095  -0.3204095   1.37496289 -0.3204095  -0.3204095
  1.91112608 -0.3204095  -0.16746359  1.37496289 -0.3204095   0.30337224
 -0.3204095  -0.3204095  -0.3204095  -0.3204095  -0.3204095  -0.3204095
  0.67171348 -0.3204095  -0.3204095  -0.3204095  -0.3204095   0.25311944
 -0.3204095  -0.3204095  -0.3204095   0.33545007 -0.3204095  -0.3204095
 -0.3204095  -0.3204095  -0.3204095  -0.3204095   2.41447571 -0.3204095
 -0.3204095  -0.3204095  -0.3204095  -0.3204095  -0.3204095  -0.3204095
 -0.3204095   0.71910332 -0.3204095   2.08198115 -0.3204095   2.90724956
  1.06704648  0.52498704  1.55402468  1.67628552  4.42161944  0.86496152
 -0.3204095   1.94849183 -0.3204095  -0.3204095   3.00171295 -0.3204095
  3.712961    4.5190369   2.66676118 -0.3204095   0.51916153  7.07696205
 -0.3204095   1.17287794  2.33532561  2.48209057  5.86550133  2.66676118
 -0.3204095   5.60964918 -0.3204095   2.56033391  1.58545198  3.47361424
  1.94849183 -0.3204095  -0.3204095  -0.3204095  -0.3204095  -0.3204095
 -0.3204095  -0.3204095  -0.3204095  -0.3204095  -0.3204095  -0.3204095
 -0.3204095  -0.3204095  -0.1745513  -0.3204095  -0.3204095  -0.3204095
 -0.3204095  -0.3204095  -0.3204095  -0.3204095  -0.3204095  -0.3204095
  1.94849183 -0.3204095  -0.3204095   2.27951339 -0.3204095  -0.3204095
 -0.3204095  -0.3204095  -0.3204095  -0.3204095   0.51916153 -0.3204095
  5.14094844  1.98063095 -0.3204095  -0.3204095   1.28185143 -0.3204095
 -0.3204095   1.45069973 -0.3204095  -0.3204095  -0.3204095  -0.3204095
 -0.3204095  -0.3204095  -0.3204095   3.3730223  -0.3204095  -0.3204095
  1.43849046 -0.3204095  -0.3204095  -0.3204095  -0.3204095   4.79987042
 -0.3204095  -0.3204095  -0.3204095  -0.3204095  -0.3204095   0.60765638
  1.26608368  1.06704648 -0.3204095  -0.3204095   0.38660876  1.27449968
 -0.3204095  -0.3204095  -0.3204095  -0.3204095  -0.3204095  -0.3204095
 -0.3204095  -0.3204095  -0.3204095   0.44689701 -0.3204095  -0.3204095
 -0.3204095  -0.3204095   1.06704648 -0.3204095  -0.3204095  -0.3204095
 -0.3204095  -0.3204095  -0.3204095  -0.3204095  -0.3204095  -0.3204095
 -0.3204095  -0.3204095  -0.3204095  -0.3204095  -0.3204095   1.41358888
 -0.3204095  -0.3204095  -0.3204095  -0.3204095  -0.3204095  -0.3204095
 -0.3204095  -0.3204095  -0.3204095  -0.3204095   1.37496289 -0.3204095
 -0.3204095  -0.3204095   4.44159796 -0.3204095   0.71910332 -0.3204095
 -0.3204095  -0.3204095   0.18959187 -0.3204095  -0.3204095  -0.3204095
 -0.3204095  -0.3204095  -0.3204095  -0.3204095  -0.3204095  -0.3204095
 -0.3204095  -0.3204095  -0.3204095  -0.3204095  -0.3204095  -0.3204095
 -0.3204095  -0.3204095  -0.3204095  -0.3204095  -0.3204095  -0.3204095
 -0.3204095  -0.3204095   0.93722604 -0.3204095  -0.3204095  -0.3204095
 -0.3204095  -0.3204095  -0.3204095  -0.3204095  -0.3204095  -0.3204095
 -0.3204095  -0.3204095  -0.3204095  -0.3204095  -0.3204095  -0.3204095
 -0.3204095  -0.3204095  -0.3204095  -0.3204095  -0.3204095  -0.3204095
 -0.3204095  -0.3204095  -0.3204095  -0.3204095  -0.3204095  -0.3204095
 -0.3204095  -0.3204095  -0.3204095  -0.3204095  -0.3204095  -0.3204095
 -0.3204095  -0.3204095  -0.3204095  -0.3204095  -0.3204095   1.59952409
 -0.3204095  -0.3204095  -0.3204095  -0.3204095  -0.3204095  -0.3204095
 -0.3204095  -0.3204095  -0.3204095  -0.3204095  -0.3204095  -0.3204095
 -0.3204095  -0.3204095  -0.3204095  -0.3204095  -0.3204095  -0.3204095
 -0.3204095  -0.3204095  -0.3204095  -0.3204095  -0.3204095  -0.3204095
 -0.3204095  -0.3204095  -0.3204095  -0.3204095  -0.3204095  -0.3204095
 -0.3204095  -0.3204095  -0.3204095  -0.3204095  -0.3204095  -0.3204095
 -0.3204095  -0.3204095  -0.3204095  -0.3204095  -0.3204095  -0.3204095
 -0.3204095  -0.3204095  -0.3204095   0.60765638 -0.3204095  -0.3204095
 -0.3204095  -0.3204095  -0.3204095  -0.3204095  -0.3204095  -0.3204095
 -0.3204095  -0.3204095  -0.3204095  -0.3204095  -0.3204095  -0.3204095
 -0.3204095  -0.3204095  -0.3204095  -0.3204095  -0.3204095  -0.3204095
 -0.3204095  -0.3204095  -0.3204095  -0.3204095  -0.3204095  -0.3204095
 -0.3204095  -0.3204095  -0.3204095  -0.3204095  -0.3204095  -0.3204095
 -0.3204095  -0.3204095  -0.3204095  -0.3204095  -0.3204095  -0.3204095
 -0.3204095  -0.3204095  -0.3204095  -0.3204095   1.37496289 -0.3204095
 -0.3204095  -0.3204095   0.6810424  -0.3204095  -0.3204095  -0.3204095
 -0.3204095  -0.3204095  -0.3204095  -0.3204095  -0.3204095  -0.3204095
 -0.3204095  -0.3204095  -0.3204095  -0.3204095  -0.3204095  -0.3204095
 -0.3204095  -0.3204095  -0.3204095  -0.3204095  -0.3204095  -0.3204095
 -0.3204095  -0.3204095  -0.3204095  -0.3204095  -0.3204095   0.60765638
  3.19339225 -0.3204095  -0.3204095  -0.3204095  -0.3204095  -0.3204095
 -0.3204095  -0.3204095  -0.3204095  -0.3204095  -0.3204095  -0.3204095
 -0.3204095  -0.3204095  -0.3204095  -0.3204095  -0.3204095  -0.3204095
 -0.3204095  -0.3204095  -0.3204095  -0.3204095  -0.3204095  -0.3204095
 -0.3204095  -0.3204095  -0.3204095  -0.3204095  -0.3204095  -0.3204095
 -0.3204095  -0.3204095  -0.3204095  -0.3204095  -0.3204095  -0.3204095
 -0.3204095   1.20244926 -0.3204095  -0.3204095  -0.3204095   1.06704648
 -0.3204095  -0.3204095  -0.3204095  -0.3204095  -0.3204095  -0.3204095
 -0.3204095  -0.3204095  -0.3204095  -0.3204095  -0.3204095  -0.3204095
 -0.3204095  -0.3204095  -0.3204095  -0.3204095  -0.3204095  -0.3204095
 -0.3204095  -0.3204095  -0.3204095  -0.3204095  -0.3204095  -0.3204095
 -0.3204095  -0.3204095  -0.3204095  -0.3204095  -0.3204095  -0.3204095
 -0.3204095  -0.3204095  -0.3204095  -0.3204095  -0.3204095  -0.3204095
 -0.3204095  -0.3204095  -0.3204095  -0.3204095   0.92449092 -0.3204095
 -0.3204095  -0.3204095  -0.3204095   1.06704648 -0.3204095  -0.3204095
 -0.3204095  -0.3204095  -0.3204095  -0.3204095  -0.3204095  -0.3204095
 -0.3204095  -0.3204095  -0.3204095  -0.3204095  -0.3204095  -0.3204095
 -0.3204095  -0.3204095  -0.3204095  -0.3204095   0.13898059 -0.3204095
 -0.3204095  -0.3204095  -0.3204095  -0.3204095 ]",[0.045375505162082]
0,"[-2.64702052e-01 -2.64702052e-01 -2.64702052e-01 -2.64702052e-01
 -2.64702052e-01 -2.64702052e-01 -2.64702052e-01 -2.64702052e-01
 -2.64702052e-01 -2.64702052e-01 -2.64702052e-01 -2.64702052e-01
 -2.64702052e-01 -2.64702052e-01 -2.64702052e-01 -2.64702052e-01
 -2.64702052e-01 -2.64702052e-01 -2.64702052e-01  3.54907240e-02
 -2.64702052e-01 -2.64702052e-01 -2.64702052e-01 -2.64702052e-01
 -2.64702052e-01 -2.64702052e-01 -2.64702052e-01 -2.64702052e-01
 -2.64702052e-01 -2.64702052e-01 -2.64702052e-01 -2.64702052e-01
 -2.64702052e-01 -2.64702052e-01 -2.64702052e-01 -2.64702052e-01
 -2.64702052e-01 -2.64702052e-01 -2.64702052e-01 -2.64702052e-01
 -2.64702052e-01 -2.64702052e-01 -2.64702052e-01 -2.64702052e-01
 -2.64702052e-01 -2.64702052e-01 -2.64702052e-01 -2.64702052e-01
 -2.64702052e-01 -2.64702052e-01 -2.64702052e-01 -2.64702052e-01
 -2.64702052e-01 -2.64702052e-01 -2.64702052e-01 -2.64702052e-01
 -2.64702052e-01 -2.64702052e-01 -2.64702052e-01 -2.64702052e-01
 -2.64702052e-01 -2.64702052e-01 -2.64702052e-01 -2.64702052e-01
 -2.64702052e-01 -2.64702052e-01 -2.64702052e-01 -2.64702052e-01
 -2.64702052e-01 -2.64702052e-01 -2.64702052e-01 -2.64702052e-01
 -2.64702052e-01 -2.64702052e-01 -2.64702052e-01 -2.64702052e-01
 -2.64702052e-01 -2.64702052e-01 -2.64702052e-01 -2.64702052e-01
 -2.64702052e-01 -2.64702052e-01 -2.64702052e-01 -2.64702052e-01
 -2.64702052e-01  2.53472166e+00  3.17239481e+00  5.12690028e+00
 -2.64702052e-01  3.05661308e+00 -2.64702052e-01 -2.64702052e-01
 -2.64702052e-01 -2.64702052e-01 -6.54348996e-02  2.12556287e-01
 -2.64702052e-01 -2.64702052e-01 -2.64702052e-01  2.72808957e+00
 -2.64702052e-01 -2.64702052e-01  2.09244953e+00 -2.64702052e-01
  1.83900131e+00 -2.64702052e-01 -2.64702052e-01 -2.64702052e-01
 -2.64702052e-01 -2.64702052e-01 -2.64702052e-01 -2.64702052e-01
 -2.64702052e-01 -2.64702052e-01 -2.64702052e-01 -2.64702052e-01
 -2.64702052e-01 -2.64702052e-01  4.09743062e+00  4.84546503e+00
 -2.64702052e-01  4.94093914e+00 -2.64702052e-01 -2.64702052e-01
  2.58432899e+00 -2.64702052e-01  7.83530529e-01 -2.64702052e-01
  5.25392320e+00 -2.64702052e-01 -2.64702052e-01 -2.64702052e-01
 -2.64702052e-01 -2.64702052e-01 -2.64702052e-01  2.14088339e+00
  3.50648779e+00 -2.64702052e-01 -2.64702052e-01 -2.64702052e-01
 -2.64702052e-01 -2.64702052e-01 -2.64702052e-01 -4.43625783e-02
  7.91752653e+00 -2.64702052e-01 -2.64702052e-01 -2.64702052e-01
 -2.64702052e-01 -2.64702052e-01 -2.64702052e-01  4.69187424e+00
 -2.64702052e-01  5.37756351e+00  6.02517154e+00 -2.64702052e-01
 -2.64702052e-01 -2.64702052e-01  9.52339630e-01 -2.64702052e-01
 -2.64702052e-01  4.14650260e+00 -2.64702052e-01  3.14755212e+00
  3.13934939e+00 -2.64702052e-01 -2.64702052e-01  6.40299353e+00
 -2.64702052e-01  2.72808957e+00 -2.64702052e-01 -2.64702052e-01
 -2.64702052e-01 -2.64702052e-01 -2.64702052e-01 -2.64702052e-01
 -2.64702052e-01 -2.64702052e-01 -2.64702052e-01 -2.64702052e-01
 -2.64702052e-01 -2.64702052e-01 -2.64702052e-01 -2.64702052e-01
 -2.64702052e-01 -2.64702052e-01 -2.64702052e-01 -2.64702052e-01
 -2.64702052e-01 -2.64702052e-01 -2.64702052e-01 -2.64702052e-01
 -2.64702052e-01 -2.64702052e-01 -2.64702052e-01 -2.64702052e-01
 -2.64702052e-01 -2.64702052e-01 -2.64702052e-01 -2.64702052e-01
 -2.64702052e-01 -2.64702052e-01 -2.64702052e-01 -2.64702052e-01
 -2.64702052e-01 -2.64702052e-01 -2.64702052e-01 -2.64702052e-01
 -2.64702052e-01 -2.64702052e-01  1.03624817e-01 -2.64702052e-01
 -2.64702052e-01 -2.64702052e-01 -2.64702052e-01 -2.64702052e-01
 -2.64702052e-01 -2.64702052e-01 -2.64702052e-01 -2.64702052e-01
 -2.64702052e-01 -2.64702052e-01 -2.64702052e-01 -2.64702052e-01
 -2.64702052e-01 -2.64702052e-01 -2.64702052e-01 -2.64702052e-01
 -2.64702052e-01 -2.64702052e-01 -2.64702052e-01 -2.64702052e-01
 -2.64702052e-01 -2.64702052e-01 -2.64702052e-01 -2.64702052e-01
 -2.64702052e-01 -2.64702052e-01 -2.64702052e-01 -2.64702052e-01
 -2.64702052e-01 -2.64702052e-01 -2.64702052e-01 -2.64702052e-01
 -2.64702052e-01 -2.64702052e-01 -2.64702052e-01 -2.64702052e-01
 -2.64702052e-01 -2.64702052e-01 -2.64702052e-01 -2.64702052e-01
 -2.64702052e-01 -2.64702052e-01 -2.64702052e-01 -2.64702052e-01
 -2.64702052e-01 -2.64702052e-01 -2.64702052e-01 -2.64702052e-01
 -2.64702052e-01 -2.64702052e-01 -2.64702052e-01 -2.64702052e-01
 -2.64702052e-01  8.15243232e-01 -2.64702052e-01 -2.64702052e-01
 -2.64702052e-01 -2.64702052e-01 -2.64702052e-01 -2.64702052e-01
 -2.64702052e-01 -2.64702052e-01 -2.64702052e-01 -2.64702052e-01
 -2.64702052e-01 -2.64702052e-01 -2.64702052e-01 -2.64702052e-01
 -2.64702052e-01 -2.64702052e-01 -2.64702052e-01 -2.64702052e-01
 -2.64702052e-01 -2.64702052e-01 -2.64702052e-01 -2.64702052e-01
 -2.64702052e-01 -2.64702052e-01 -2.64702052e-01 -2.64702052e-01
  3.61624714e-01 -2.64702052e-01 -2.64702052e-01 -2.64702052e-01
 -2.64702052e-01 -2.64702052e-01 -2.64702052e-01 -2.64702052e-01
  1.84455383e+00 -2.64702052e-01 -2.64702052e-01 -2.64702052e-01
 -2.64702052e-01  1.57034703e-03 -2.64702052e-01 -2.64702052e-01
 -2.64702052e-01 -2.64702052e-01 -2.64702052e-01  8.15243232e-01
 -1.45161200e-01 -2.64702052e-01 -2.64702052e-01 -2.64702052e-01
 -2.64702052e-01 -2.64702052e-01 -2.64702052e-01 -2.64702052e-01
 -2.64702052e-01 -2.64702052e-01 -2.64702052e-01 -2.64702052e-01
 -2.64702052e-01 -2.64702052e-01 -2.64702052e-01 -2.64702052e-01
  1.83900131e+00 -2.64702052e-01 -2.64702052e-01 -2.64702052e-01
 -2.64702052e-01 -2.64702052e-01 -2.64702052e-01 -2.64702052e-01
 -2.64702052e-01 -2.64702052e-01 -2.64702052e-01 -2.64702052e-01
 -2.64702052e-01  2.44645075e+00  1.49661284e+00  8.22099466e-01
  1.68263935e+00  1.45477638e+00  3.43307613e+00 -2.64702052e-01
 -2.64702052e-01 -2.64702052e-01 -2.64702052e-01 -2.64702052e-01
  4.85012435e+00 -2.64702052e-01  3.29148078e+00  3.31775053e+00
  2.40819656e+00 -2.64702052e-01  1.06228747e+00  5.98030963e+00
 -2.64702052e-01 -2.64702052e-01  8.85488006e-01  1.49661284e+00
  3.16288356e+00  9.66774670e-01 -2.64702052e-01  4.13095716e+00
 -2.64702052e-01 -2.64702052e-01  1.30103940e+00  1.96705575e+00
  4.16667560e-01 -2.64702052e-01 -2.64702052e-01 -2.64702052e-01
 -2.64702052e-01 -2.64702052e-01 -2.64702052e-01 -2.64702052e-01
 -2.64702052e-01 -2.64702052e-01 -2.64702052e-01 -2.64702052e-01
 -2.64702052e-01 -2.64702052e-01 -2.64702052e-01 -2.64702052e-01
 -2.64702052e-01 -2.64702052e-01 -2.64702052e-01 -2.64702052e-01
 -2.64702052e-01 -2.64702052e-01 -2.64702052e-01 -2.64702052e-01
 -2.64702052e-01 -2.64702052e-01 -2.64702052e-01  1.47916212e+00
 -2.64702052e-01 -2.64702052e-01 -2.64702052e-01 -2.64702052e-01
 -2.64702052e-01 -2.64702052e-01 -2.64702052e-01 -2.64702052e-01
  3.69031798e+00  1.09628441e+00 -2.64702052e-01 -2.64702052e-01
  2.15556884e+00 -2.64702052e-01 -2.64702052e-01 -2.64702052e-01
 -2.64702052e-01 -2.64702052e-01  5.51909537e-02 -2.64702052e-01
  5.24825575e+00 -2.64702052e-01 -2.64702052e-01  7.11762001e+00
 -2.64702052e-01 -2.64702052e-01 -2.64702052e-01 -2.64702052e-01
 -2.64702052e-01 -2.64702052e-01 -2.64702052e-01  1.15422438e+00
 -2.64702052e-01 -2.64702052e-01 -2.64702052e-01 -2.64702052e-01
 -2.64702052e-01 -2.64702052e-01  5.55911231e-01 -2.64702052e-01
 -2.64702052e-01 -2.64702052e-01 -2.64702052e-01 -6.94070580e-02
 -2.64702052e-01 -2.64702052e-01 -2.64702052e-01 -2.64702052e-01
 -2.64702052e-01 -2.64702052e-01 -2.64702052e-01 -2.64702052e-01
 -2.64702052e-01  5.32449292e-01  1.50969852e-01 -2.64702052e-01
 -2.64702052e-01 -2.64702052e-01 -2.64702052e-01  2.09244953e+00
 -2.64702052e-01 -2.64702052e-01 -2.64702052e-01 -2.64702052e-01
 -2.64702052e-01 -2.64702052e-01 -2.64702052e-01 -2.64702052e-01
 -2.64702052e-01 -2.64702052e-01 -2.64702052e-01 -2.64702052e-01
 -2.64702052e-01  2.85405058e-01 -2.64702052e-01 -2.64702052e-01
 -2.64702052e-01 -2.64702052e-01 -2.64702052e-01 -2.64702052e-01
 -2.64702052e-01 -2.64702052e-01 -2.64702052e-01 -2.64702052e-01
  1.49661284e+00 -2.64702052e-01 -2.64702052e-01 -2.64702052e-01
  1.71210235e+00 -2.64702052e-01 -2.64702052e-01 -2.64702052e-01
 -2.64702052e-01 -2.64702052e-01 -2.64702052e-01 -2.64702052e-01
 -2.64702052e-01 -2.64702052e-01 -2.64702052e-01 -2.64702052e-01
 -2.64702052e-01 -2.64702052e-01 -2.64702052e-01 -2.64702052e-01
 -2.64702052e-01 -2.64702052e-01 -2.64702052e-01 -2.64702052e-01
 -2.64702052e-01 -2.64702052e-01 -2.64702052e-01 -2.64702052e-01
 -2.64702052e-01 -2.64702052e-01 -2.64702052e-01 -2.64702052e-01
 -2.64702052e-01 -2.64702052e-01  3.82862217e+00 -2.64702052e-01
 -2.64702052e-01 -2.64702052e-01 -2.64702052e-01 -2.64702052e-01
 -2.64702052e-01 -2.64702052e-01 -2.64702052e-01 -2.64702052e-01
 -2.64702052e-01 -2.64702052e-01 -2.64702052e-01 -2.64702052e-01
 -2.64702052e-01 -2.64702052e-01 -2.64702052e-01 -2.64702052e-01
 -2.64702052e-01 -2.64702052e-01 -2.64702052e-01 -2.64702052e-01
 -2.64702052e-01 -2.64702052e-01 -2.64702052e-01 -2.64702052e-01
 -2.64702052e-01 -2.64702052e-01 -2.64702052e-01 -2.64702052e-01
 -2.64702052e-01 -2.64702052e-01 -2.64702052e-01 -2.64702052e-01
 -2.64702052e-01 -2.64702052e-01 -2.64702052e-01 -2.64702052e-01
 -2.64702052e-01  3.75596927e+00 -2.64702052e-01 -2.64702052e-01
 -2.64702052e-01 -2.64702052e-01 -2.64702052e-01 -2.64702052e-01
 -2.64702052e-01 -2.64702052e-01 -2.64702052e-01 -2.64702052e-01
 -2.64702052e-01 -2.64702052e-01 -2.64702052e-01 -2.64702052e-01
 -2.64702052e-01 -2.64702052e-01 -2.64702052e-01 -2.64702052e-01
 -2.64702052e-01 -2.64702052e-01 -2.64702052e-01 -2.64702052e-01
 -2.64702052e-01 -2.64702052e-01 -2.64702052e-01 -2.64702052e-01
 -2.64702052e-01 -2.64702052e-01 -2.64702052e-01 -2.64702052e-01
 -2.64702052e-01 -2.64702052e-01 -2.64702052e-01 -2.64702052e-01
 -2.64702052e-01 -2.64702052e-01 -2.64702052e-01 -2.64702052e-01
 -2.64702052e-01 -2.64702052e-01 -2.64702052e-01 -2.64702052e-01
 -2.64702052e-01 -2.64702052e-01 -2.64702052e-01  3.38577108e+00
 -2.64702052e-01 -2.64702052e-01 -2.64702052e-01 -2.64702052e-01
 -2.64702052e-01 -2.64702052e-01 -2.64702052e-01 -2.64702052e-01
 -2.64702052e-01 -2.64702052e-01 -2.64702052e-01 -2.64702052e-01
 -2.64702052e-01 -2.64702052e-01 -2.64702052e-01 -2.64702052e-01
 -2.64702052e-01 -2.64702052e-01 -2.64702052e-01 -2.64702052e-01
 -2.64702052e-01 -2.64702052e-01 -2.64702052e-01 -2.64702052e-01
 -2.64702052e-01 -2.64702052e-01 -2.64702052e-01 -2.64702052e-01
 -2.64702052e-01 -2.64702052e-01 -2.64702052e-01 -2.64702052e-01
 -2.64702052e-01 -2.64702052e-01 -2.64702052e-01 -2.64702052e-01
 -2.64702052e-01 -2.64702052e-01 -2.64702052e-01 -2.64702052e-01
 -2.64702052e-01 -2.64702052e-01 -2.64702052e-01 -2.64702052e-01
 -2.64702052e-01 -2.64702052e-01 -2.13223874e-01 -2.64702052e-01
 -2.64702052e-01 -2.64702052e-01 -2.64702052e-01 -2.64702052e-01
 -2.64702052e-01 -2.64702052e-01 -2.64702052e-01 -2.64702052e-01
 -2.64702052e-01 -2.64702052e-01 -2.64702052e-01 -2.64702052e-01
 -2.64702052e-01 -2.64702052e-01 -2.64702052e-01 -2.64702052e-01
 -2.64702052e-01 -2.64702052e-01 -2.64702052e-01 -2.64702052e-01
 -2.64702052e-01 -2.64702052e-01 -2.64702052e-01 -2.64702052e-01
 -2.64702052e-01 -2.64702052e-01 -2.64702052e-01 -2.64702052e-01
 -2.64702052e-01 -2.64702052e-01 -2.64702052e-01 -2.64702052e-01
 -2.64702052e-01 -2.64702052e-01 -2.64702052e-01 -2.64702052e-01
 -2.64702052e-01 -2.64702052e-01 -2.64702052e-01 -2.64702052e-01
 -2.64702052e-01 -2.64702052e-01 -2.64702052e-01 -2.64702052e-01
 -2.64702052e-01 -2.64702052e-01 -2.64702052e-01 -2.64702052e-01
 -2.64702052e-01 -2.64702052e-01 -2.64702052e-01 -2.64702052e-01
 -2.64702052e-01 -2.64702052e-01 -2.64702052e-01 -2.64702052e-01
 -2.64702052e-01 -2.64702052e-01 -2.64702052e-01 -2.64702052e-01
 -2.64702052e-01 -2.64702052e-01 -2.64702052e-01 -2.64702052e-01
 -2.64702052e-01 -2.64702052e-01 -2.64702052e-01 -2.64702052e-01
 -2.64702052e-01 -2.64702052e-01 -2.64702052e-01 -2.64702052e-01
 -2.64702052e-01 -2.64702052e-01 -2.64702052e-01 -2.64702052e-01
 -2.64702052e-01 -2.64702052e-01 -2.64702052e-01 -2.64702052e-01
 -2.64702052e-01 -2.64702052e-01 -2.64702052e-01 -2.64702052e-01
 -2.64702052e-01 -2.64702052e-01 -2.64702052e-01 -2.64702052e-01
 -2.64702052e-01 -2.64702052e-01 -2.64702052e-01 -2.64702052e-01
 -2.64702052e-01 -2.64702052e-01 -2.64702052e-01 -2.64702052e-01
 -2.64702052e-01 -2.64702052e-01 -2.64702052e-01 -2.64702052e-01
 -2.64702052e-01 -2.64702052e-01 -2.64702052e-01 -2.64702052e-01
 -2.64702052e-01 -2.64702052e-01 -2.64702052e-01 -2.64702052e-01
 -2.64702052e-01 -2.64702052e-01 -2.64702052e-01  3.11093677e+00
 -2.64702052e-01 -2.64702052e-01 -2.64702052e-01 -2.64702052e-01
 -2.64702052e-01 -2.64702052e-01 -2.64702052e-01 -2.64702052e-01
 -2.64702052e-01 -2.64702052e-01 -2.64702052e-01 -2.64702052e-01
 -2.64702052e-01 -2.64702052e-01 -2.64702052e-01 -2.64702052e-01
 -2.64702052e-01 -2.64702052e-01 -2.64702052e-01 -2.64702052e-01
  2.61111850e-03 -2.64702052e-01 -2.64702052e-01 -2.64702052e-01
 -2.64702052e-01 -2.64702052e-01]",[0.01299818578579165]
0,"[-0.34727673 -0.34727673 -0.34727673 -0.34727673 -0.34727673 -0.34727673
 -0.34727673 -0.34727673 -0.34727673 -0.34727673 -0.34727673 -0.34727673
 -0.34727673 -0.34727673 -0.34727673 -0.34727673 -0.34727673 -0.34727673
 -0.34727673 -0.14091112 -0.34727673 -0.34727673 -0.34727673 -0.34727673
 -0.34727673  3.41301996 -0.34727673 -0.34727673  0.31553134 -0.34727673
 -0.34727673 -0.34727673 -0.34727673 -0.34727673 -0.34727673 -0.34727673
 -0.34727673 -0.34727673 -0.34727673 -0.34727673 -0.34727673 -0.34727673
 -0.34727673 -0.34727673 -0.34727673 -0.34727673 -0.34727673 -0.34727673
 -0.34727673 -0.34727673 -0.34727673  0.25232989 -0.34727673 -0.34727673
 -0.34727673 -0.34727673 -0.34727673 -0.34727673 -0.34727673 -0.34727673
 -0.34727673  1.27313204 -0.34727673 -0.34727673 -0.34727673 -0.34727673
 -0.34727673 -0.34727673 -0.34727673 -0.34727673 -0.34727673 -0.34727673
 -0.34727673 -0.34727673 -0.34727673 -0.34727673 -0.34727673 -0.34727673
 -0.34727673 -0.34727673 -0.34727673 -0.34727673 -0.34727673 -0.34727673
 -0.34727673  4.06296297  4.85874031  5.89282273 -0.34727673  4.45381068
 -0.34727673 -0.34727673 -0.34727673 -0.34727673  1.71729158  0.99141066
  0.74032178 -0.34727673  1.63143292 -0.34727673 -0.34727673 -0.34727673
  1.71009872  2.62232917  0.70565967 -0.34727673 -0.34727673 -0.34727673
 -0.34727673 -0.34727673 -0.34727673 -0.34727673 -0.34727673 -0.34727673
 -0.34727673 -0.34727673 -0.34727673 -0.34727673  4.11606273  3.67920588
 -0.34727673  6.07629898 -0.34727673  1.27313204  2.81762733  1.77157408
  2.61834471  0.06232739  4.26173662 -0.34727673 -0.34727673 -0.34727673
 -0.34727673 -0.34727673 -0.34727673  0.02730593  4.46077777  5.72093563
  0.86352793  1.27313204 -0.34727673 -0.34727673 -0.34727673  0.85498467
  0.57150822 -0.34727673 -0.34727673 -0.34727673 -0.34727673  0.03827635
 -0.34727673  4.52856025 -0.34727673  4.61732059  2.89354081 -0.34727673
 -0.34727673 -0.34727673  0.33757826 -0.34727673 -0.34727673  4.42099439
 -0.34727673  2.03453689  3.68142462 -0.02711082 -0.34727673  0.64361953
 -0.34727673 -0.34727673 -0.34727673 -0.34727673 -0.34727673 -0.34727673
 -0.34727673 -0.34727673 -0.34727673 -0.34727673 -0.34727673 -0.34727673
 -0.34727673 -0.34727673 -0.34727673 -0.34727673 -0.34727673 -0.34727673
 -0.34727673 -0.34727673 -0.34727673 -0.34727673 -0.34727673 -0.34727673
 -0.34727673 -0.34727673 -0.34727673 -0.34727673 -0.34727673 -0.34727673
 -0.34727673 -0.34727673 -0.34727673 -0.34727673 -0.34727673 -0.34727673
 -0.34727673 -0.34727673 -0.34727673 -0.34727673 -0.34727673  0.88145373
  0.68929657 -0.34727673 -0.34727673 -0.34727673 -0.34727673 -0.34727673
 -0.34727673 -0.34727673 -0.34727673 -0.34727673 -0.34727673 -0.34727673
 -0.34727673 -0.34727673 -0.34727673 -0.34727673 -0.34727673 -0.34727673
 -0.34727673 -0.34727673 -0.34727673 -0.34727673 -0.34727673 -0.34727673
 -0.34727673 -0.34727673 -0.34727673 -0.34727673 -0.34727673 -0.34727673
 -0.34727673 -0.34727673 -0.34727673 -0.34727673  0.29292846 -0.34727673
 -0.34727673 -0.34727673 -0.34727673 -0.34727673 -0.34727673 -0.34727673
 -0.34727673 -0.34727673 -0.34727673 -0.34727673 -0.34727673 -0.34727673
 -0.34727673 -0.34727673 -0.34727673 -0.34727673 -0.34727673 -0.34727673
 -0.34727673 -0.34727673 -0.34727673 -0.34727673 -0.34727673 -0.34727673
 -0.34727673 -0.34727673 -0.34727673 -0.34727673 -0.34727673 -0.34727673
 -0.34727673 -0.34727673 -0.34727673 -0.34727673 -0.34727673 -0.34727673
  1.27313204 -0.34727673 -0.34727673 -0.34727673 -0.34727673  0.49929407
 -0.34727673 -0.34727673  0.01695714 -0.34727673  1.18211399  2.83524927
 -0.34727673 -0.34727673 -0.34727673  0.31553134  2.18914405 -0.34727673
  1.10301046 -0.34727673  0.60611959  1.27313204 -0.34727673  1.19813047
 -0.34727673 -0.34727673 -0.34727673 -0.34727673 -0.34727673 -0.34727673
  0.32994048 -0.34727673 -0.34727673 -0.34727673 -0.34727673  0.06232739
 -0.34727673 -0.34727673 -0.34727673 -0.34727673 -0.34727673 -0.34727673
 -0.34727673 -0.34727673 -0.34727673 -0.34727673  2.45784222 -0.34727673
 -0.34727673 -0.34727673 -0.01918853 -0.34727673 -0.34727673  0.49929407
  0.49929407 -0.34727673 -0.34727673 -0.34727673 -0.34727673  1.79929064
  0.46632348  0.52782197  0.20071986  0.96769724  0.73163948 -0.34727673
 -0.34727673 -0.34727673 -0.34727673 -0.34727673  1.97221253 -0.34727673
  1.52633599  1.44073983  2.81985537  0.20071986  0.56495373  3.75808189
 -0.34727673  0.28223579 -0.34727673  0.31553134  3.53003963  0.7891934
 -0.34727673  1.97328458 -0.34727673 -0.34727673  1.46959212  2.27469654
  1.13752622 -0.34727673 -0.34727673 -0.34727673 -0.34727673 -0.34727673
 -0.34727673 -0.34727673 -0.34727673 -0.34727673 -0.34727673 -0.34727673
 -0.34727673 -0.34727673 -0.24310741 -0.34727673 -0.34727673 -0.34727673
 -0.34727673 -0.34727673 -0.34727673  2.7714507  -0.34727673 -0.34727673
 -0.34727673 -0.34727673 -0.34727673  1.9771399  -0.34727673  0.64361953
 -0.34727673 -0.34727673  1.97328458 -0.34727673 -0.34727673 -0.34727673
  2.3241428   2.24743819 -0.34727673 -0.34727673  2.31211749 -0.34727673
 -0.34727673 -0.34727673 -0.34727673 -0.34727673 -0.34727673 -0.34727673
 -0.34727673 -0.34727673 -0.34727673  1.16782412 -0.34727673 -0.34727673
  0.06232739 -0.34727673 -0.34727673 -0.34727673 -0.34727673  3.75976869
 -0.34727673 -0.34727673 -0.34727673 -0.34727673 -0.34727673 -0.34727673
 -0.34727673 -0.34727673 -0.34727673 -0.34727673  0.92336903  0.97192739
 -0.34727673  0.31553134 -0.34727673 -0.34727673  0.49929407 -0.34727673
  0.64361953 -0.34727673 -0.34727673  0.20071986  1.12957598 -0.34727673
 -0.34727673 -0.34727673 -0.34727673  2.92978343  0.64361953 -0.34727673
 -0.34727673 -0.34727673 -0.34727673 -0.34727673 -0.34727673 -0.34727673
 -0.34727673 -0.34727673  3.62594006 -0.34727673 -0.34727673  2.39370113
 -0.34727673 -0.34727673 -0.34727673 -0.34727673 -0.34727673 -0.34727673
 -0.34727673  0.74032178 -0.34727673 -0.34727673  2.8041026  -0.34727673
 -0.34727673 -0.34727673 -0.34727673 -0.34727673  3.00642977  2.09284779
 -0.34727673 -0.34727673  2.44634286 -0.34727673 -0.34727673 -0.34727673
 -0.34727673 -0.34727673 -0.34727673 -0.34727673 -0.34727673 -0.34727673
 -0.34727673 -0.34727673 -0.34727673 -0.34727673 -0.34727673 -0.34727673
 -0.34727673 -0.34727673 -0.34727673 -0.34727673 -0.34727673 -0.34727673
 -0.34727673 -0.34727673  4.82313817 -0.34727673 -0.34727673 -0.34727673
 -0.34727673 -0.34727673 -0.34727673 -0.34727673 -0.34727673 -0.34727673
 -0.34727673 -0.34727673 -0.34727673 -0.34727673 -0.34727673 -0.34727673
 -0.34727673 -0.34727673 -0.34727673 -0.34727673 -0.34727673 -0.34727673
 -0.34727673 -0.34727673 -0.34727673 -0.34727673 -0.34727673 -0.34727673
 -0.34727673 -0.34727673 -0.34727673 -0.34727673 -0.34727673 -0.34727673
 -0.34727673 -0.34727673 -0.34727673 -0.34727673 -0.34727673  2.17677581
 -0.34727673 -0.34727673 -0.34727673 -0.34727673 -0.34727673 -0.34727673
 -0.34727673 -0.34727673 -0.34727673 -0.34727673 -0.34727673 -0.34727673
 -0.34727673 -0.34727673 -0.34727673 -0.34727673 -0.34727673 -0.34727673
 -0.34727673 -0.34727673 -0.34727673 -0.34727673 -0.34727673 -0.34727673
 -0.34727673 -0.34727673 -0.34727673 -0.34727673 -0.34727673 -0.34727673
 -0.34727673 -0.34727673 -0.34727673 -0.34727673 -0.34727673 -0.34727673
 -0.34727673 -0.34727673 -0.34727673 -0.34727673 -0.34727673 -0.34727673
 -0.34727673 -0.34727673 -0.34727673  3.5598304   0.07555214 -0.34727673
 -0.34727673 -0.34727673 -0.34727673 -0.34727673 -0.34727673 -0.34727673
 -0.34727673 -0.34727673 -0.34727673 -0.34727673 -0.34727673 -0.34727673
 -0.34727673 -0.34727673 -0.34727673 -0.34727673 -0.34727673 -0.34727673
  2.16221767 -0.34727673 -0.34727673 -0.34727673 -0.34727673 -0.34727673
 -0.34727673 -0.34727673 -0.34727673 -0.34727673 -0.34727673 -0.34727673
 -0.34727673 -0.34727673 -0.34727673 -0.34727673 -0.34727673 -0.34727673
 -0.34727673 -0.34727673 -0.34727673 -0.34727673 -0.34727673 -0.34727673
 -0.34727673 -0.34727673  2.73486611 -0.34727673 -0.34727673 -0.34727673
 -0.34727673 -0.34727673  1.27313204 -0.34727673 -0.34727673 -0.34727673
 -0.34727673 -0.34727673 -0.34727673 -0.34727673 -0.34727673 -0.34727673
 -0.34727673 -0.34727673 -0.34727673 -0.34727673  1.71009872 -0.34727673
 -0.34727673 -0.34727673 -0.34727673 -0.34727673 -0.34727673 -0.34727673
 -0.34727673 -0.34727673 -0.34727673 -0.34727673 -0.34727673 -0.34727673
 -0.34727673  0.49929407 -0.34727673 -0.34727673 -0.34727673 -0.34727673
 -0.34727673 -0.34727673 -0.34727673 -0.34727673 -0.34727673 -0.34727673
 -0.34727673 -0.34727673 -0.34727673 -0.34727673 -0.34727673 -0.34727673
 -0.34727673 -0.34727673 -0.34727673 -0.34727673 -0.34727673 -0.34727673
 -0.34727673 -0.34727673 -0.34727673 -0.34727673 -0.34727673 -0.34727673
 -0.34727673 -0.34727673 -0.34727673 -0.34727673 -0.34727673 -0.34727673
 -0.34727673 -0.34727673 -0.34727673 -0.34727673  0.86352793 -0.34727673
 -0.34727673 -0.34727673 -0.34727673 -0.34727673 -0.34727673 -0.34727673
 -0.34727673 -0.34727673 -0.34727673  0.74032178 -0.34727673 -0.34727673
 -0.34727673 -0.34727673 -0.34727673 -0.34727673 -0.34727673 -0.34727673
 -0.34727673 -0.34727673 -0.34727673 -0.34727673 -0.34727673  1.27313204
 -0.34727673 -0.34727673 -0.34727673  2.90736058  5.41384548 -0.34727673
 -0.34727673  4.70313029  2.93418008 -0.34727673 -0.34727673 -0.34727673
 -0.34727673 -0.34727673 -0.34727673 -0.34727673 -0.34727673 -0.34727673
 -0.34727673 -0.34727673 -0.34727673 -0.34727673 -0.34727673 -0.34727673
 -0.34727673 -0.34727673 -0.34727673 -0.34727673 -0.34727673 -0.34727673
 -0.34727673 -0.34727673 -0.34727673 -0.34727673  2.98023296 -0.34727673
 -0.34727673 -0.34727673 -0.34727673 -0.34727673]",[1.0990048972877409]
0,"[-0.36229214 -0.36229214 -0.36229214 -0.36229214 -0.36229214 -0.36229214
 -0.36229214 -0.36229214 -0.36229214 -0.36229214 -0.36229214 -0.36229214
 -0.36229214 -0.36229214 -0.36229214 -0.36229214 -0.36229214 -0.36229214
 -0.36229214 -0.36229214 -0.36229214 -0.36229214 -0.36229214 -0.36229214
 -0.36229214 -0.36229214 -0.36229214 -0.36229214 -0.36229214 -0.36229214
 -0.36229214 -0.36229214 -0.36229214 -0.36229214 -0.36229214 -0.36229214
 -0.36229214 -0.36229214 -0.36229214 -0.36229214 -0.36229214 -0.36229214
 -0.36229214 -0.36229214 -0.36229214 -0.36229214 -0.36229214 -0.36229214
 -0.36229214 -0.36229214 -0.36229214 -0.36229214 -0.36229214  1.11115352
 -0.36229214 -0.36229214 -0.36229214 -0.36229214 -0.36229214 -0.36229214
 -0.36229214 -0.36229214 -0.36229214 -0.36229214 -0.36229214 -0.36229214
 -0.36229214 -0.36229214 -0.36229214  1.60960668 -0.36229214 -0.36229214
 -0.36229214 -0.36229214 -0.36229214 -0.36229214 -0.36229214 -0.36229214
 -0.36229214 -0.36229214 -0.36229214 -0.36229214 -0.36229214 -0.36229214
 -0.36229214  0.03696311  3.18817556  2.69154781 -0.36229214  1.11115352
 -0.36229214 -0.36229214 -0.36229214 -0.36229214  0.93111004 -0.36229214
 -0.36229214 -0.36229214 -0.36229214  2.48036546 -0.36229214 -0.36229214
 -0.36229214 -0.36229214  0.30457282 -0.36229214 -0.36229214 -0.36229214
 -0.36229214 -0.36229214 -0.36229214 -0.36229214 -0.36229214 -0.36229214
 -0.15562481  0.44428856 -0.36229214 -0.36229214  3.87800237  0.54114693
 -0.36229214  4.14284052  2.14135773 -0.36229214  3.27997118 -0.36229214
  2.64234978 -0.36229214  4.58544809 -0.36229214 -0.36229214 -0.36229214
  0.74781426  0.13616102 -0.36229214  3.16636576  3.41529732  1.11115352
 -0.36229214 -0.36229214 -0.36229214 -0.36229214 -0.36229214  3.32159636
  3.73546101 -0.36229214 -0.36229214 -0.36229214 -0.36229214  0.40377072
  0.36737781  5.27246187 -0.36229214  4.21366718  6.1652673  -0.36229214
  0.84354381 -0.36229214  0.8614216  -0.36229214 -0.36229214  5.28533173
 -0.36229214  3.74419689  3.59072127  0.48973358  3.21407835  6.43837697
 -0.36229214  0.58748852 -0.36229214 -0.36229214 -0.36229214 -0.36229214
 -0.36229214 -0.36229214 -0.36229214 -0.36229214 -0.36229214 -0.36229214
 -0.36229214 -0.36229214 -0.36229214 -0.36229214 -0.36229214 -0.36229214
 -0.36229214 -0.36229214 -0.36229214 -0.36229214  0.36737781 -0.36229214
 -0.36229214 -0.36229214 -0.36229214 -0.36229214 -0.36229214 -0.36229214
 -0.36229214 -0.36229214 -0.36229214 -0.36229214 -0.36229214 -0.36229214
 -0.36229214 -0.36229214 -0.36229214  1.11115352 -0.36229214  1.94223491
  0.61270036 -0.36229214  1.60960668 -0.36229214 -0.36229214 -0.36229214
 -0.36229214 -0.36229214 -0.36229214 -0.36229214 -0.36229214  1.11115352
 -0.36229214  0.33447959  1.11115352 -0.36229214 -0.36229214 -0.36229214
 -0.36229214 -0.36229214 -0.36229214 -0.36229214 -0.36229214 -0.36229214
 -0.36229214 -0.36229214 -0.36229214 -0.36229214 -0.36229214 -0.36229214
 -0.36229214 -0.36229214 -0.36229214 -0.36229214  0.22907528 -0.36229214
 -0.36229214 -0.36229214 -0.36229214 -0.36229214 -0.36229214 -0.36229214
 -0.36229214 -0.36229214 -0.36229214  0.44428856  0.66791207 -0.36229214
 -0.36229214 -0.36229214 -0.36229214 -0.36229214 -0.36229214 -0.36229214
 -0.36229214  0.54114693 -0.36229214 -0.36229214 -0.36229214 -0.36229214
 -0.36229214 -0.36229214 -0.36229214 -0.36229214 -0.36229214 -0.36229214
 -0.36229214 -0.36229214 -0.36229214 -0.36229214 -0.36229214 -0.36229214
 -0.36229214 -0.36229214 -0.36229214 -0.36229214 -0.36229214 -0.36229214
 -0.36229214 -0.36229214 -0.36229214 -0.36229214  0.66207567 -0.36229214
 -0.36229214 -0.36229214 -0.36229214 -0.36229214  1.47449277 -0.36229214
  3.33726043 -0.36229214  1.68075926 -0.36229214 -0.36229214  1.28361629
 -0.36229214 -0.36229214 -0.36229214 -0.36229214 -0.36229214 -0.36229214
  1.01739083 -0.36229214 -0.36229214 -0.36229214 -0.36229214 -0.36229214
 -0.36229214 -0.36229214 -0.36229214 -0.36229214 -0.36229214 -0.36229214
 -0.36229214 -0.36229214 -0.36229214 -0.36229214  1.17697629 -0.36229214
 -0.36229214 -0.36229214  0.50614821 -0.36229214 -0.36229214 -0.36229214
 -0.36229214  0.20771445 -0.36229214  1.31272891 -0.36229214  2.98839743
  1.91773422  0.69071846 -0.36229214  1.11115352  2.66553576 -0.36229214
 -0.36229214 -0.36229214 -0.36229214 -0.36229214  3.7050032  -0.36229214
  2.52541208  2.45622844  2.26250958 -0.36229214  2.19547895  5.30927105
 -0.36229214  1.89772482  1.42402628  0.84354381  3.45840553  0.91904135
 -0.36229214  3.5396823  -0.36229214  4.38382754  0.94754459  2.9886803
  0.20771445 -0.36229214 -0.36229214 -0.36229214 -0.36229214  0.03696311
 -0.36229214 -0.36229214 -0.36229214 -0.36229214 -0.36229214  1.444586
 -0.36229214 -0.36229214 -0.235527   -0.36229214 -0.36229214 -0.36229214
 -0.36229214 -0.36229214 -0.36229214 -0.36229214  1.11115352 -0.36229214
 -0.36229214 -0.36229214 -0.36229214  3.09449554 -0.36229214  1.82727546
 -0.36229214  2.4616324   1.60960668 -0.36229214 -0.36229214 -0.36229214
  2.26745722  1.67936762 -0.36229214 -0.36229214  2.84260622 -0.36229214
 -0.36229214  2.19809372 -0.36229214 -0.36229214  4.32882107 -0.36229214
  0.44428856  3.62560967 -0.36229214 -0.36229214 -0.36229214 -0.36229214
  0.13616102 -0.36229214 -0.36229214 -0.36229214 -0.36229214  4.74845745
 -0.36229214 -0.36229214 -0.36229214 -0.36229214 -0.36229214 -0.36229214
 -0.36229214 -0.36229214  0.84354381 -0.36229214 -0.36229214  0.50418135
 -0.36229214 -0.36229214 -0.36229214  0.16945891 -0.36229214 -0.36229214
 -0.36229214 -0.36229214 -0.36229214 -0.36229214 -0.36229214 -0.36229214
  1.60960668 -0.36229214 -0.36229214  1.31272891 -0.36229214 -0.36229214
 -0.36229214 -0.36229214 -0.36229214 -0.36229214 -0.36229214 -0.36229214
 -0.36229214 -0.36229214 -0.36229214 -0.36229214 -0.36229214  0.96122217
 -0.36229214 -0.36229214 -0.36229214 -0.36229214 -0.36229214 -0.36229214
 -0.36229214 -0.36229214 -0.36229214 -0.36229214 -0.36229214 -0.36229214
 -0.36229214 -0.36229214  2.0436351  -0.36229214 -0.36229214  0.54114693
 -0.36229214 -0.36229214 -0.36229214 -0.36229214 -0.36229214 -0.36229214
 -0.36229214  0.48973358 -0.36229214 -0.36229214 -0.36229214 -0.36229214
 -0.36229214 -0.36229214 -0.36229214 -0.36229214 -0.36229214 -0.36229214
 -0.36229214 -0.36229214 -0.36229214 -0.36229214 -0.36229214 -0.36229214
 -0.36229214 -0.36229214  3.02572281 -0.36229214 -0.36229214 -0.36229214
 -0.36229214 -0.36229214 -0.36229214 -0.36229214 -0.36229214 -0.36229214
 -0.36229214 -0.36229214 -0.36229214 -0.36229214 -0.36229214 -0.36229214
 -0.36229214 -0.36229214 -0.36229214 -0.36229214 -0.36229214 -0.36229214
 -0.36229214 -0.36229214 -0.36229214 -0.36229214 -0.36229214  1.60960668
 -0.36229214 -0.36229214 -0.36229214 -0.36229214 -0.36229214 -0.36229214
 -0.36229214 -0.36229214 -0.36229214 -0.36229214 -0.36229214  3.06959302
 -0.36229214 -0.36229214  0.15786005 -0.36229214 -0.36229214 -0.36229214
 -0.36229214 -0.36229214  2.14135773 -0.36229214 -0.36229214 -0.36229214
 -0.36229214 -0.36229214 -0.36229214 -0.36229214 -0.36229214 -0.36229214
 -0.36229214 -0.36229214 -0.36229214 -0.36229214 -0.36229214 -0.36229214
 -0.36229214 -0.36229214 -0.36229214 -0.36229214 -0.36229214 -0.36229214
 -0.36229214  0.81784342 -0.36229214 -0.36229214 -0.36229214 -0.36229214
 -0.36229214 -0.36229214 -0.36229214 -0.36229214 -0.36229214 -0.36229214
 -0.36229214 -0.36229214  0.87457941  2.41618738  0.1522544  -0.36229214
 -0.36229214 -0.36229214 -0.36229214 -0.36229214 -0.36229214 -0.36229214
 -0.36229214 -0.36229214 -0.36229214 -0.36229214 -0.36229214 -0.36229214
 -0.36229214 -0.36229214 -0.36229214 -0.36229214 -0.36229214 -0.36229214
 -0.36229214 -0.36229214 -0.36229214 -0.36229214 -0.36229214 -0.36229214
 -0.36229214 -0.36229214 -0.36229214 -0.36229214 -0.36229214 -0.36229214
 -0.36229214 -0.36229214 -0.36229214 -0.36229214 -0.36229214 -0.36229214
 -0.36229214 -0.36229214 -0.36229214 -0.36229214 -0.36229214 -0.36229214
 -0.36229214 -0.36229214  1.51605755 -0.36229214 -0.36229214 -0.36229214
 -0.36229214 -0.36229214 -0.36229214 -0.36229214 -0.36229214 -0.36229214
 -0.36229214 -0.36229214 -0.36229214 -0.36229214 -0.36229214 -0.36229214
  0.1522544   0.54114693 -0.36229214 -0.36229214 -0.36229214 -0.36229214
 -0.36229214 -0.36229214 -0.36229214 -0.36229214  1.11115352  0.84354381
  3.64680532 -0.36229214 -0.36229214 -0.36229214  1.11115352 -0.36229214
 -0.36229214 -0.36229214 -0.36229214 -0.36229214 -0.36229214 -0.36229214
  0.84354381 -0.36229214 -0.36229214 -0.36229214 -0.36229214 -0.36229214
 -0.36229214 -0.36229214 -0.36229214 -0.36229214 -0.36229214 -0.36229214
 -0.36229214 -0.36229214 -0.36229214 -0.36229214 -0.36229214 -0.36229214
 -0.36229214 -0.36229214 -0.36229214 -0.36229214 -0.36229214 -0.36229214
 -0.36229214 -0.36229214 -0.36229214 -0.36229214  0.66791207  1.60960668
  1.11115352 -0.36229214 -0.36229214 -0.36229214 -0.36229214 -0.36229214
 -0.36229214 -0.36229214 -0.36229214 -0.36229214 -0.36229214 -0.36229214
 -0.36229214 -0.36229214 -0.36229214 -0.36229214  0.84354381 -0.36229214
 -0.36229214 -0.36229214 -0.36229214 -0.36229214 -0.36229214 -0.36229214
 -0.36229214 -0.36229214 -0.36229214 -0.36229214 -0.36229214 -0.36229214
 -0.36229214 -0.36229214 -0.36229214 -0.36229214 -0.36229214 -0.36229214
 -0.36229214 -0.36229214 -0.36229214 -0.36229214  0.16945891 -0.36229214
 -0.36229214 -0.36229214 -0.36229214  0.5999109  -0.36229214 -0.36229214
 -0.36229214 -0.36229214 -0.36229214 -0.36229214 -0.36229214 -0.36229214
 -0.36229214 -0.36229214 -0.36229214  1.79174744 -0.36229214 -0.36229214
 -0.36229214 -0.36229214 -0.36229214 -0.36229214  1.85083998 -0.36229214
 -0.36229214 -0.36229214 -0.36229214 -0.36229214]",[-0.7540839318158609]
0,"[-0.3299812  -0.3299812  -0.3299812  -0.3299812  -0.3299812  -0.3299812
 -0.3299812  -0.3299812  -0.3299812  -0.3299812  -0.3299812  -0.3299812
 -0.3299812  -0.3299812  -0.3299812  -0.3299812  -0.3299812  -0.3299812
 -0.3299812   1.54108584 -0.3299812  -0.3299812  -0.3299812  -0.3299812
 -0.3299812  -0.3299812  -0.3299812   0.49527297 -0.3299812  -0.3299812
 -0.3299812  -0.3299812  -0.3299812  -0.3299812  -0.3299812  -0.3299812
 -0.3299812  -0.3299812  -0.3299812  -0.3299812  -0.3299812  -0.3299812
 -0.3299812  -0.3299812  -0.3299812  -0.3299812  -0.3299812  -0.3299812
 -0.3299812  -0.3299812  -0.3299812   2.62352254 -0.3299812  -0.3299812
 -0.3299812  -0.3299812  -0.3299812  -0.3299812  -0.3299812  -0.3299812
 -0.3299812  -0.3299812  -0.3299812  -0.3299812  -0.3299812  -0.3299812
 -0.3299812  -0.3299812  -0.3299812   4.59212329 -0.3299812  -0.3299812
 -0.3299812  -0.3299812  -0.3299812  -0.3299812  -0.3299812  -0.3299812
 -0.3299812  -0.3299812  -0.3299812  -0.3299812  -0.3299812   0.87899431
 -0.3299812   5.61176928  4.49624369  1.95699927 -0.3299812   5.04402226
 -0.3299812  -0.3299812  -0.3299812  -0.3299812  -0.17770863  0.46330309
 -0.3299812  -0.3299812   0.09859995  3.25000906 -0.3299812  -0.3299812
  1.4712667   1.4712667   2.27925164 -0.3299812  -0.3299812  -0.3299812
 -0.3299812  -0.3299812  -0.3299812  -0.3299812  -0.3299812  -0.3299812
 -0.0875207  -0.3299812  -0.3299812  -0.3299812   3.86905555  3.32060646
 -0.3299812   4.19386452 -0.3299812  -0.3299812   7.14430567 -0.14119915
  3.59066519  0.12533511  6.01830063 -0.3299812  -0.3299812  -0.3299812
  0.0749015  -0.3299812   0.06403041  3.28505544 -0.10058501 -0.3299812
  1.27759096 -0.3299812  -0.3299812  -0.3299812  -0.3299812  -0.10357101
  0.2416431  -0.3299812  -0.3299812  -0.3299812  -0.3299812   0.09859995
 -0.3299812   5.34069313  0.23131035  4.80527129  2.87205321 -0.3299812
  0.40679686  0.61106768  1.16179625  1.20008116 -0.3299812   5.47021919
 -0.3299812   2.97103549  2.53855311  0.26641855  4.84364841 -0.3299812
 -0.3299812   0.71949455 -0.3299812  -0.3299812  -0.3299812  -0.3299812
 -0.3299812  -0.3299812   0.61106768  0.68405502 -0.3299812  -0.3299812
 -0.3299812   0.33654207 -0.3299812  -0.3299812  -0.3299812  -0.3299812
 -0.3299812  -0.3299812  -0.3299812  -0.3299812  -0.3299812  -0.3299812
 -0.3299812  -0.3299812  -0.3299812  -0.3299812  -0.3299812  -0.3299812
 -0.3299812  -0.3299812  -0.3299812  -0.3299812  -0.3299812  -0.3299812
 -0.3299812  -0.3299812  -0.3299812   1.01595038 -0.3299812  -0.11996301
 -0.3299812  -0.3299812  -0.3299812  -0.3299812  -0.3299812  -0.3299812
 -0.3299812  -0.3299812  -0.3299812  -0.3299812   0.49527297 -0.3299812
 -0.3299812  -0.3299812  -0.3299812  -0.3299812  -0.3299812  -0.3299812
 -0.3299812  -0.3299812  -0.3299812  -0.3299812  -0.3299812  -0.3299812
 -0.3299812  -0.3299812  -0.3299812  -0.3299812  -0.3299812  -0.3299812
 -0.3299812  -0.3299812  -0.3299812  -0.3299812   0.21020844 -0.3299812
 -0.3299812  -0.3299812  -0.3299812  -0.3299812  -0.3299812  -0.3299812
 -0.3299812  -0.3299812  -0.3299812  -0.3299812  -0.3299812  -0.3299812
 -0.3299812  -0.3299812  -0.3299812  -0.3299812  -0.3299812  -0.3299812
 -0.3299812  -0.3299812  -0.3299812  -0.3299812  -0.3299812  -0.3299812
 -0.3299812  -0.3299812  -0.1544947  -0.3299812  -0.3299812  -0.3299812
 -0.3299812  -0.3299812  -0.3299812  -0.3299812  -0.3299812  -0.3299812
 -0.3299812  -0.3299812  -0.3299812  -0.3299812  -0.3299812  -0.3299812
 -0.3299812  -0.3299812  -0.3299812  -0.3299812   0.18696827 -0.3299812
 -0.3299812  -0.3299812  -0.3299812   0.7715      1.82716342 -0.3299812
  1.08289408 -0.3299812   1.27629783  0.61106768 -0.3299812   0.44938519
  1.01595038 -0.3299812  -0.3299812  -0.3299812  -0.3299812  -0.3299812
  0.08295279 -0.3299812  -0.3299812  -0.3299812  -0.3299812  -0.3299812
 -0.3299812  -0.3299812  -0.3299812  -0.3299812  -0.3299812  -0.3299812
 -0.3299812  -0.3299812  -0.3299812  -0.3299812   1.75272844 -0.3299812
 -0.3299812  -0.3299812   0.27917232 -0.3299812  -0.3299812  -0.3299812
 -0.3299812  -0.3299812  -0.3299812  -0.3299812  -0.3299812   1.84829805
  1.13174509  0.29112536 -0.3299812   0.27917232  1.54061284 -0.3299812
 -0.3299812  -0.3299812  -0.3299812  -0.3299812   1.50087688 -0.3299812
 -0.3299812   1.19842146  1.01595038 -0.3299812   1.10044145  2.51088756
 -0.3299812   2.01010821  0.54895142 -0.3299812   2.61103037  0.46330309
 -0.3299812   2.53780306 -0.3299812   2.62352254  0.51060368  1.90374908
 -0.3299812  -0.3299812  -0.3299812  -0.3299812  -0.3299812   0.03472194
 -0.3299812  -0.3299812  -0.3299812  -0.3299812  -0.3299812  -0.3299812
 -0.3299812  -0.3299812  -0.3299812  -0.3299812  -0.3299812  -0.3299812
 -0.3299812  -0.3299812  -0.3299812   1.4712667  -0.3299812  -0.3299812
 -0.3299812  -0.3299812  -0.3299812   2.75463192 -0.3299812   1.95699927
 -0.3299812   1.95699927 -0.3299812  -0.3299812  -0.3299812  -0.3299812
  2.25168882  3.40443774 -0.3299812  -0.3299812   2.34553253  0.40679686
 -0.3299812   0.19069621 -0.3299812  -0.3299812  -0.19785588 -0.3299812
 -0.3299812  -0.3299812  -0.3299812   4.85194568 -0.3299812  -0.3299812
  2.83129211 -0.3299812  -0.3299812  -0.3299812  -0.3299812  -0.3299812
 -0.3299812  -0.3299812  -0.3299812  -0.3299812  -0.3299812   0.40679686
 -0.05879566 -0.3299812  -0.3299812  -0.3299812   0.23131035  0.14386538
 -0.3299812  -0.3299812  -0.3299812  -0.3299812  -0.3299812  -0.3299812
  0.7715     -0.3299812  -0.3299812   1.15810494  0.74045514 -0.3299812
 -0.3299812  -0.3299812  -0.3299812  -0.3299812  -0.3299812  -0.3299812
 -0.3299812  -0.3299812  -0.3299812  -0.3299812  -0.3299812  -0.3299812
 -0.3299812  -0.3299812   3.60218951 -0.3299812  -0.3299812   0.49527297
 -0.3299812  -0.3299812   1.4712667  -0.3299812  -0.3299812  -0.3299812
 -0.3299812  -0.3299812   1.95699927 -0.3299812   1.75272844 -0.3299812
 -0.3299812  -0.3299812  -0.3299812  -0.3299812  -0.3299812  -0.3299812
 -0.3299812  -0.3299812   0.33654207 -0.3299812  -0.3299812  -0.3299812
 -0.3299812  -0.3299812  -0.3299812  -0.3299812  -0.3299812  -0.3299812
 -0.3299812  -0.3299812  -0.3299812  -0.3299812  -0.3299812  -0.3299812
 -0.3299812  -0.3299812  -0.3299812  -0.3299812  -0.3299812  -0.3299812
 -0.3299812  -0.3299812   5.16876663 -0.3299812  -0.3299812  -0.3299812
 -0.3299812  -0.3299812  -0.3299812   1.01595038 -0.3299812  -0.3299812
 -0.3299812  -0.3299812  -0.3299812  -0.3299812  -0.3299812  -0.3299812
 -0.3299812  -0.3299812  -0.3299812  -0.3299812  -0.3299812  -0.3299812
 -0.3299812  -0.3299812  -0.3299812   1.01595038 -0.3299812  -0.3299812
 -0.3299812  -0.3299812  -0.3299812  -0.3299812  -0.3299812  -0.3299812
 -0.3299812  -0.3299812  -0.3299812  -0.3299812  -0.3299812   3.98421254
 -0.3299812  -0.3299812  -0.3299812  -0.3299812  -0.3299812  -0.3299812
 -0.3299812  -0.3299812  -0.3299812  -0.3299812  -0.3299812  -0.3299812
 -0.3299812  -0.3299812  -0.3299812  -0.3299812  -0.3299812  -0.3299812
 -0.3299812  -0.3299812  -0.3299812  -0.3299812  -0.3299812  -0.3299812
 -0.3299812  -0.3299812  -0.3299812  -0.3299812  -0.3299812  -0.3299812
 -0.3299812  -0.3299812  -0.3299812  -0.3299812  -0.3299812  -0.3299812
 -0.3299812  -0.3299812  -0.3299812  -0.3299812  -0.3299812  -0.3299812
 -0.3299812  -0.3299812  -0.3299812   3.43055539 -0.05879566 -0.3299812
 -0.3299812  -0.3299812  -0.3299812  -0.3299812  -0.3299812  -0.3299812
 -0.3299812  -0.3299812  -0.3299812  -0.3299812  -0.3299812  -0.3299812
 -0.3299812  -0.3299812  -0.3299812  -0.3299812   1.56298765 -0.3299812
 -0.3299812  -0.3299812  -0.3299812  -0.3299812  -0.3299812  -0.3299812
 -0.3299812  -0.3299812  -0.3299812  -0.3299812  -0.3299812  -0.3299812
 -0.3299812  -0.3299812  -0.3299812  -0.3299812  -0.3299812  -0.3299812
 -0.3299812  -0.3299812  -0.3299812  -0.3299812  -0.3299812  -0.3299812
 -0.3299812  -0.3299812   1.80630244 -0.3299812  -0.3299812  -0.3299812
 -0.3299812  -0.3299812  -0.3299812  -0.3299812  -0.3299812  -0.3299812
 -0.3299812  -0.3299812  -0.3299812  -0.3299812  -0.3299812  -0.3299812
 -0.05879566 -0.3299812  -0.3299812  -0.3299812  -0.3299812  -0.3299812
 -0.3299812  -0.3299812  -0.3299812  -0.3299812  -0.3299812   0.7715
  3.65374859 -0.3299812  -0.3299812  -0.3299812  -0.3299812  -0.3299812
 -0.3299812  -0.3299812  -0.3299812  -0.3299812  -0.3299812  -0.3299812
 -0.3299812  -0.3299812  -0.3299812  -0.3299812  -0.3299812  -0.3299812
 -0.3299812  -0.3299812  -0.3299812  -0.3299812  -0.3299812  -0.3299812
 -0.3299812  -0.3299812  -0.3299812  -0.3299812  -0.3299812  -0.3299812
  0.40679686 -0.3299812  -0.3299812  -0.3299812  -0.3299812  -0.3299812
 -0.3299812  -0.3299812  -0.3299812  -0.3299812  -0.3299812   0.7715
 -0.3299812  -0.3299812  -0.3299812  -0.3299812  -0.3299812  -0.3299812
 -0.3299812  -0.3299812  -0.3299812  -0.3299812  -0.3299812  -0.3299812
 -0.3299812  -0.3299812  -0.3299812  -0.3299812  -0.3299812  -0.3299812
 -0.03742356 -0.3299812  -0.3299812  -0.3299812  -0.3299812  -0.3299812
 -0.3299812  -0.3299812  -0.3299812  -0.3299812  -0.3299812  -0.3299812
 -0.3299812  -0.3299812  -0.3299812  -0.3299812  -0.3299812  -0.3299812
 -0.3299812  -0.3299812  -0.3299812  -0.3299812  -0.3299812  -0.3299812
 -0.3299812   2.24955691 -0.3299812   0.54895142 -0.3299812  -0.3299812
 -0.3299812  -0.3299812  -0.3299812  -0.3299812  -0.3299812  -0.3299812
 -0.3299812  -0.3299812   1.4712667  -0.3299812  -0.3299812  -0.3299812
 -0.3299812  -0.3299812   1.4712667   1.59675417  6.61042865 -0.3299812
  2.36188197 -0.3299812  -0.3299812  -0.3299812 ]",[-0.6123635399115444]
0,"[-0.24317248 -0.24317248 -0.24317248 -0.24317248 -0.24317248 -0.24317248
 -0.24317248 -0.24317248 -0.24317248 -0.24317248 -0.24317248 -0.24317248
 -0.24317248 -0.24317248 -0.24317248 -0.24317248 -0.24317248 -0.24317248
 -0.24317248 -0.24317248 -0.24317248 -0.24317248 -0.24317248 -0.24317248
 -0.24317248 -0.24317248 -0.24317248 -0.24317248 -0.24317248 -0.24317248
 -0.24317248 -0.24317248 -0.24317248 -0.24317248 -0.24317248 -0.24317248
 -0.24317248 -0.24317248 -0.24317248 -0.24317248 -0.24317248 -0.24317248
 -0.24317248 -0.24317248 -0.24317248 -0.24317248 -0.24317248 -0.24317248
 -0.24317248 -0.24317248 -0.24317248 -0.24317248 -0.24317248 -0.24317248
 -0.24317248 -0.24317248 -0.24317248 -0.24317248 -0.24317248 -0.24317248
 -0.24317248 -0.24317248 -0.24317248 -0.24317248 -0.24317248 -0.24317248
 -0.24317248 -0.24317248 -0.24317248 -0.24317248 -0.24317248 -0.24317248
 -0.24317248 -0.24317248 -0.24317248 -0.24317248 -0.24317248 -0.24317248
 -0.24317248 -0.24317248 -0.24317248 -0.24317248 -0.24317248 -0.24317248
 -0.24317248  0.64847393  2.99434216  2.39339806 -0.24317248  2.80538674
 -0.24317248 -0.24317248 -0.24317248 -0.24317248  0.07622837 -0.24317248
 -0.24317248 -0.24317248 -0.24317248  2.52765428 -0.24317248 -0.24317248
 -0.24317248 -0.24317248  2.39339806 -0.24317248 -0.24317248 -0.24317248
 -0.24317248 -0.24317248 -0.24317248 -0.24317248 -0.24317248 -0.24317248
 -0.24317248 -0.24317248 -0.24317248 -0.24317248  4.01421382  3.84003115
 -0.24317248  1.30205129 -0.24317248 -0.24317248  2.39339806 -0.24317248
  4.4656984   0.42329524  4.88023017 -0.24317248 -0.24317248 -0.24317248
 -0.24317248 -0.24317248 -0.24317248  3.29934823  4.39285486 -0.24317248
 -0.24317248 -0.24317248 -0.24317248 -0.24317248 -0.24317248  1.56873553
 10.05559156 -0.24317248 -0.24317248 -0.24317248 -0.24317248  0.38416174
  4.01661731  0.96479053 -0.24317248 -0.24317248  3.10438746 -0.24317248
 -0.24317248 -0.24317248  2.4834459  -0.24317248 -0.24317248  0.54752829
 -0.24317248  0.26549842  2.34699728 -0.24317248 -0.24317248  6.46022707
 -0.24317248  8.77401641 -0.24317248 -0.24317248 -0.24317248 -0.24317248
 -0.24317248 -0.24317248 -0.24317248 -0.24317248 -0.24317248 -0.24317248
 -0.24317248 -0.24317248 -0.24317248 -0.24317248 -0.24317248 -0.24317248
 -0.24317248 -0.24317248 -0.24317248 -0.24317248 -0.24317248 -0.24317248
 -0.24317248 -0.24317248 -0.24317248 -0.24317248 -0.24317248 -0.24317248
 -0.24317248 -0.24317248 -0.24317248 -0.24317248 -0.24317248 -0.24317248
 -0.24317248 -0.24317248 -0.24317248 -0.24317248 -0.24317248 -0.24317248
  0.1688162  -0.24317248 -0.24317248 -0.24317248 -0.24317248 -0.24317248
 -0.24317248 -0.24317248 -0.24317248 -0.24317248 -0.24317248 -0.24317248
 -0.24317248 -0.24317248 -0.24317248 -0.24317248 -0.24317248 -0.24317248
 -0.24317248 -0.24317248 -0.24317248 -0.24317248 -0.24317248 -0.24317248
 -0.24317248 -0.24317248 -0.24317248 -0.24317248 -0.24317248 -0.24317248
 -0.24317248 -0.24317248 -0.24317248 -0.24317248  0.22177356 -0.24317248
 -0.24317248 -0.24317248 -0.24317248 -0.24317248 -0.24317248 -0.24317248
 -0.24317248 -0.24317248 -0.24317248 -0.24317248 -0.24317248 -0.24317248
 -0.24317248 -0.24317248 -0.24317248 -0.24317248 -0.24317248 -0.24317248
 -0.24317248 -0.24317248 -0.24317248 -0.24317248 -0.24317248 -0.24317248
 -0.24317248 -0.24317248 -0.24317248 -0.24317248 -0.24317248 -0.24317248
 -0.24317248 -0.24317248 -0.24317248 -0.24317248 -0.24317248 -0.24317248
 -0.24317248 -0.24317248 -0.24317248  2.39339806 -0.24317248 -0.24317248
 -0.24317248 -0.24317248 -0.24317248 -0.24317248 -0.1393657  -0.24317248
 -0.24317248 -0.24317248 -0.24317248  1.99645113 -0.24317248 -0.24317248
  1.15045457 -0.24317248 -0.18068207 -0.24317248 -0.24317248  0.0546641
 -0.24317248 -0.24317248 -0.24317248 -0.24317248 -0.24317248 -0.24317248
  0.44039567 -0.24317248 -0.24317248 -0.24317248 -0.24317248 -0.24317248
 -0.24317248 -0.24317248 -0.24317248 -0.24317248 -0.24317248 -0.24317248
 -0.24317248 -0.24317248 -0.24317248 -0.24317248  2.23220236 -0.24317248
 -0.24317248 -0.24317248 -0.24317248 -0.24317248 -0.24317248 -0.24317248
 -0.24317248 -0.24317248 -0.24317248 -0.24317248 -0.24317248  2.28088189
  0.68846144  0.20168833 -0.24317248  0.96479053  4.01627016 -0.24317248
 -0.24317248 -0.24317248 -0.24317248 -0.24317248  2.63496357 -0.24317248
  1.72693033  2.49971611  3.59019817 -0.24317248  1.24111962  7.12944631
 -0.24317248  0.38416174  1.04336218  0.83528392  4.68110122  1.83588428
 -0.24317248  3.58457394 -0.24317248 -0.24317248  0.94957181  2.46297542
 -0.24317248 -0.24317248 -0.24317248 -0.24317248 -0.24317248 -0.24317248
 -0.24317248 -0.24317248 -0.24317248 -0.24317248 -0.24317248 -0.24317248
 -0.24317248 -0.24317248 -0.07367836 -0.24317248 -0.24317248 -0.24317248
 -0.24317248 -0.24317248 -0.24317248 -0.24317248 -0.24317248 -0.24317248
  2.39339806 -0.24317248 -0.24317248  1.2806427  -0.24317248 -0.24317248
 -0.24317248 -0.24317248 -0.24317248 -0.24317248 -0.24317248 -0.24317248
  5.35568226  1.44854726 -0.24317248 -0.24317248  1.74076811 -0.24317248
 -0.24317248 -0.24317248 -0.24317248 -0.24317248 -0.24317248 -0.24317248
 -0.24317248 -0.24317248 -0.24317248  0.05997587 -0.24317248 -0.24317248
 -0.24317248 -0.24317248 -0.24317248 -0.24317248 -0.24317248  7.73711573
 -0.24317248 -0.24317248 -0.24317248 -0.24317248 -0.24317248 -0.24317248
  1.60040754 -0.24317248 -0.24317248 -0.24317248 -0.24317248 -0.02472703
 -0.24317248 -0.24317248 -0.24317248 -0.24317248 -0.24317248 -0.24317248
 -0.24317248 -0.24317248 -0.24317248 -0.24317248 -0.24317248 -0.24317248
 -0.24317248 -0.24317248 -0.24317248 -0.24317248 -0.24317248 -0.24317248
 -0.24317248 -0.24317248 -0.24317248 -0.24317248 -0.24317248 -0.24317248
 -0.24317248 -0.24317248 -0.24317248 -0.24317248 -0.24317248  2.83922126
 -0.24317248 -0.24317248 -0.24317248 -0.24317248 -0.24317248 -0.24317248
 -0.24317248 -0.24317248 -0.24317248 -0.24317248  1.72693033 -0.24317248
 -0.24317248 -0.24317248  3.10438746 -0.24317248 -0.24317248 -0.24317248
 -0.24317248 -0.24317248 -0.24317248 -0.24317248 -0.24317248 -0.24317248
 -0.24317248 -0.24317248 -0.24317248 -0.24317248 -0.24317248 -0.24317248
 -0.24317248 -0.24317248 -0.24317248 -0.24317248 -0.24317248 -0.24317248
 -0.24317248 -0.24317248 -0.24317248 -0.24317248 -0.24317248 -0.24317248
 -0.24317248 -0.24317248 -0.24317248 -0.24317248 -0.24317248 -0.24317248
 -0.24317248 -0.24317248 -0.24317248 -0.24317248 -0.24317248 -0.24317248
 -0.24317248 -0.24317248 -0.24317248 -0.24317248 -0.24317248 -0.24317248
 -0.24317248 -0.24317248 -0.24317248 -0.24317248 -0.24317248 -0.24317248
 -0.24317248 -0.24317248 -0.24317248 -0.24317248 -0.24317248 -0.24317248
 -0.24317248 -0.24317248 -0.24317248 -0.24317248 -0.24317248 -0.24317248
 -0.24317248 -0.24317248 -0.24317248 -0.24317248 -0.24317248  6.52055311
 -0.24317248 -0.24317248 -0.24317248 -0.24317248 -0.24317248 -0.24317248
 -0.24317248 -0.24317248 -0.24317248 -0.24317248 -0.24317248 -0.24317248
 -0.24317248 -0.24317248 -0.24317248 -0.24317248 -0.24317248 -0.24317248
 -0.24317248 -0.24317248 -0.24317248 -0.24317248 -0.24317248 -0.24317248
 -0.24317248 -0.24317248 -0.24317248 -0.24317248 -0.24317248 -0.24317248
 -0.24317248 -0.24317248 -0.24317248 -0.24317248 -0.24317248 -0.24317248
 -0.24317248 -0.24317248 -0.24317248 -0.24317248 -0.24317248 -0.24317248
 -0.24317248 -0.24317248 -0.24317248  1.99645113  0.15377444 -0.24317248
 -0.24317248 -0.24317248 -0.24317248 -0.24317248 -0.24317248 -0.24317248
 -0.24317248 -0.24317248 -0.24317248 -0.24317248 -0.24317248 -0.24317248
 -0.24317248 -0.24317248 -0.24317248 -0.24317248 -0.24317248 -0.24317248
 -0.24317248 -0.24317248 -0.24317248 -0.24317248 -0.24317248 -0.24317248
 -0.24317248 -0.24317248 -0.24317248 -0.24317248 -0.24317248 -0.24317248
 -0.24317248 -0.24317248 -0.24317248 -0.24317248 -0.24317248 -0.24317248
 -0.24317248 -0.24317248 -0.24317248 -0.24317248 -0.24317248 -0.24317248
 -0.24317248 -0.24317248 -0.24317248 -0.24317248 -0.24317248 -0.24317248
 -0.24317248 -0.24317248 -0.24317248 -0.24317248 -0.24317248 -0.24317248
 -0.24317248 -0.24317248 -0.24317248 -0.24317248 -0.24317248 -0.24317248
 -0.24317248 -0.24317248 -0.24317248 -0.24317248 -0.24317248 -0.24317248
 -0.24317248 -0.24317248 -0.24317248 -0.24317248 -0.24317248 -0.24317248
 -0.24317248 -0.24317248 -0.24317248 -0.24317248 -0.24317248 -0.24317248
 -0.24317248 -0.24317248 -0.24317248 -0.24317248 -0.24317248 -0.24317248
 -0.24317248 -0.24317248 -0.24317248 -0.24317248 -0.24317248 -0.24317248
 -0.24317248 -0.24317248 -0.24317248 -0.24317248 -0.24317248 -0.24317248
 -0.24317248 -0.24317248 -0.24317248 -0.24317248 -0.24317248 -0.24317248
 -0.24317248 -0.24317248 -0.24317248 -0.24317248 -0.24317248 -0.24317248
 -0.24317248  0.51896732 -0.24317248 -0.24317248 -0.24317248 -0.24317248
 -0.24317248 -0.24317248 -0.24317248 -0.24317248 -0.24317248 -0.24317248
 -0.24317248 -0.24317248 -0.24317248 -0.24317248 -0.24317248 -0.24317248
 -0.24317248 -0.24317248 -0.24317248 -0.24317248 -0.24317248 -0.24317248
 -0.24317248 -0.24317248 -0.24317248 -0.24317248 -0.24317248 -0.24317248
 -0.24317248 -0.24317248 -0.24317248 -0.24317248 -0.24317248 -0.24317248
 -0.24317248 -0.24317248 -0.24317248 -0.24317248 -0.24317248 -0.24317248
 -0.24317248 -0.24317248 -0.24317248 -0.24317248 -0.24317248 -0.24317248
 -0.24317248 -0.24317248 -0.24317248  0.57841614 -0.24317248 -0.24317248
 -0.24317248 -0.24317248 -0.24317248 -0.24317248 -0.24317248 -0.24317248
 -0.24317248 -0.24317248 -0.24317248 -0.24317248 -0.24317248 -0.24317248
 -0.24317248 -0.24317248 -0.24317248 -0.24317248 -0.24317248 -0.24317248
 -0.24317248 -0.24317248 -0.24317248 -0.24317248]",[0.01189579009240957]
0,"[-0.34469347 -0.34469347 -0.34469347 -0.34469347 -0.34469347 -0.34469347
 -0.34469347 -0.34469347 -0.34469347 -0.34469347 -0.34469347 -0.34469347
 -0.34469347 -0.34469347 -0.34469347 -0.34469347 -0.34469347 -0.34469347
 -0.34469347 -0.09882896 -0.34469347 -0.34469347 -0.34469347 -0.34469347
 -0.34469347 -0.34469347 -0.34469347  0.53980555  0.44497776 -0.34469347
 -0.34469347 -0.34469347 -0.34469347 -0.34469347 -0.34469347 -0.34469347
 -0.34469347 -0.34469347 -0.34469347 -0.34469347 -0.34469347 -0.34469347
 -0.34469347 -0.34469347 -0.34469347 -0.34469347 -0.34469347 -0.34469347
 -0.34469347 -0.34469347 -0.34469347 -0.34469347 -0.34469347  1.88753354
 -0.34469347 -0.34469347 -0.34469347 -0.34469347 -0.34469347 -0.34469347
 -0.34469347  1.09786231 -0.34469347 -0.34469347 -0.34469347 -0.34469347
 -0.34469347 -0.34469347 -0.34469347 -0.34469347 -0.34469347 -0.34469347
 -0.34469347 -0.34469347  0.53980555 -0.34469347 -0.34469347 -0.34469347
 -0.34469347 -0.34469347 -0.34469347 -0.34469347 -0.34469347 -0.34469347
 -0.34469347  2.23875025  4.21178798  4.22293149 -0.34469347  3.48244914
 -0.34469347 -0.34469347 -0.34469347 -0.34469347  0.57520052  0.04619164
 -0.34469347 -0.34469347 -0.34469347  2.67269941 -0.34469347 -0.34469347
 -0.34469347  1.5858657  -0.34469347 -0.34469347 -0.34469347 -0.34469347
 -0.34469347 -0.34469347 -0.34469347 -0.34469347 -0.34469347 -0.34469347
 -0.34469347 -0.34469347 -0.34469347 -0.34469347  5.16390341  5.12023929
 -0.34469347  5.17372115 -0.34469347 -0.34469347  1.92269658 -0.14235879
  2.43230243 -0.34469347  6.21055984 -0.34469347 -0.34469347 -0.34469347
 -0.34469347 -0.34469347 -0.34469347 -0.09101992  3.87637928  1.5858657
 -0.34469347 -0.34469347 -0.34469347 -0.34469347 -0.34469347 -0.32471464
 -0.10255459 -0.34469347 -0.34469347 -0.34469347 -0.34469347 -0.34469347
 -0.34469347  4.45530016 -0.34469347  4.16560438  1.5858657  -0.34469347
 -0.34469347 -0.34469347  0.7590017  -0.34469347 -0.34469347  3.94068553
 -0.34469347  2.7116085   3.56055937 -0.34469347 -0.34469347 -0.34469347
 -0.34469347 -0.05403957 -0.34469347 -0.34469347 -0.34469347 -0.34469347
 -0.34469347 -0.34469347 -0.34469347 -0.34469347 -0.34469347 -0.34469347
 -0.34469347 -0.34469347 -0.34469347 -0.34469347 -0.34469347 -0.34469347
 -0.34469347 -0.34469347 -0.34469347 -0.34469347 -0.34469347 -0.34469347
 -0.34469347 -0.34469347 -0.34469347 -0.34469347 -0.34469347 -0.34469347
 -0.34469347 -0.34469347 -0.34469347 -0.34469347 -0.34469347 -0.34469347
 -0.34469347 -0.34469347 -0.34469347 -0.34469347 -0.34469347 -0.34469347
 -0.34469347 -0.34469347 -0.34469347 -0.34469347 -0.34469347 -0.34469347
 -0.34469347 -0.34469347 -0.34469347 -0.34469347 -0.34469347 -0.34469347
 -0.34469347 -0.34469347 -0.34469347 -0.34469347 -0.34469347 -0.34469347
 -0.34469347 -0.34469347 -0.34469347 -0.34469347 -0.34469347 -0.34469347
 -0.34469347 -0.34469347 -0.34469347 -0.34469347 -0.34469347 -0.34469347
 -0.34469347 -0.34469347 -0.34469347 -0.34469347  0.56757057 -0.34469347
 -0.34469347 -0.34469347 -0.34469347 -0.34469347 -0.34469347 -0.34469347
 -0.34469347 -0.34469347 -0.34469347 -0.34469347 -0.34469347 -0.34469347
 -0.34469347 -0.34469347 -0.34469347 -0.34469347 -0.34469347 -0.34469347
 -0.34469347  0.53980555 -0.34469347 -0.34469347 -0.34469347 -0.34469347
 -0.34469347 -0.34469347 -0.34469347 -0.34469347 -0.34469347 -0.34469347
 -0.34469347 -0.34469347 -0.34469347 -0.34469347 -0.34469347 -0.34469347
 -0.34469347 -0.34469347 -0.34469347 -0.34469347 -0.34469347 -0.34469347
 -0.34469347 -0.34469347 -0.34469347 -0.34469347  1.21510816 -0.34469347
 -0.34469347 -0.34469347 -0.34469347  0.44497776  1.5858657  -0.34469347
  3.30179827 -0.34469347  1.41483264  0.66391315 -0.34469347  1.67215456
 -0.34469347 -0.34469347 -0.34469347 -0.34469347 -0.34469347 -0.34469347
  1.66397594 -0.34469347 -0.34469347 -0.34469347 -0.34469347 -0.34469347
 -0.34469347 -0.34469347 -0.34469347  1.2219699  -0.34469347 -0.34469347
 -0.34469347 -0.34469347 -0.34469347 -0.34469347  3.40986797 -0.34469347
 -0.34469347 -0.34469347  0.50554057  1.75074686 -0.34469347 -0.34469347
 -0.34469347 -0.34469347 -0.34469347 -0.34469347 -0.34469347  2.88106088
  2.6451246   1.45245154  1.09786231  2.38689264  2.76522326  0.66391315
  1.5858657  -0.34469347 -0.34469347 -0.34469347  3.60810949 -0.34469347
  3.8571561   2.77296859  2.50225428  1.00929996  1.68417128  5.29699683
 -0.34469347  1.23947289  1.01963522  2.87181487  4.43672219  1.85545337
 -0.34469347  2.88163336 -0.34469347  3.28702528  2.24418143  3.48348747
  0.53980555  1.54161799 -0.34469347 -0.34469347 -0.34469347  0.30819107
 -0.34469347 -0.34469347 -0.34469347 -0.34469347 -0.34469347 -0.34469347
 -0.34469347  3.19330264  0.53980555 -0.34469347 -0.34469347 -0.34469347
 -0.34469347 -0.34469347 -0.34469347 -0.34469347 -0.34469347 -0.34469347
  2.10646893 -0.34469347 -0.34469347  2.86683518 -0.34469347  0.83586287
 -0.34469347 -0.34469347 -0.34469347 -0.34469347 -0.34469347 -0.34469347
  4.6200505   1.81045208 -0.34469347 -0.34469347  2.74491753  2.73776758
 -0.34469347  0.53980555 -0.34469347 -0.34469347 -0.34469347 -0.34469347
 -0.34469347 -0.34469347 -0.34469347  3.57349789  1.88753354 -0.34469347
 -0.34469347 -0.34469347 -0.34469347 -0.34469347 -0.34469347  2.0480176
 -0.34469347 -0.34469347 -0.34469347 -0.34469347 -0.34469347 -0.34469347
  1.12651678  2.78863327 -0.34469347 -0.34469347  1.50013525  1.21435055
 -0.34469347 -0.34469347 -0.34469347 -0.34469347 -0.34469347 -0.34469347
 -0.34469347 -0.34469347 -0.34469347 -0.34469347 -0.34469347 -0.34469347
 -0.34469347 -0.34469347 -0.34469347 -0.34469347 -0.34469347 -0.34469347
 -0.34469347 -0.34469347 -0.34469347 -0.34469347 -0.34469347 -0.34469347
 -0.34469347 -0.34469347  3.22577098 -0.34469347 -0.34469347  1.27751645
 -0.34469347 -0.34469347 -0.34469347 -0.34469347 -0.34469347 -0.34469347
 -0.34469347 -0.34469347 -0.34469347 -0.34469347  1.88753354 -0.34469347
 -0.34469347 -0.34469347 -0.34469347 -0.34469347  0.21336328  1.93634277
 -0.34469347 -0.34469347 -0.34469347 -0.34469347 -0.34469347 -0.34469347
 -0.34469347  1.81581502 -0.34469347 -0.34469347 -0.34469347 -0.34469347
 -0.34469347 -0.34469347 -0.34469347 -0.34469347 -0.34469347 -0.34469347
 -0.34469347 -0.34469347 -0.34469347 -0.34469347 -0.34469347 -0.34469347
 -0.34469347 -0.34469347  0.0110286  -0.34469347 -0.34469347 -0.34469347
 -0.34469347 -0.34469347 -0.34469347 -0.34469347 -0.34469347 -0.34469347
 -0.34469347 -0.34469347 -0.34469347 -0.34469347 -0.34469347 -0.34469347
 -0.34469347 -0.34469347 -0.34469347 -0.34469347 -0.34469347 -0.34469347
 -0.34469347 -0.34469347 -0.34469347 -0.34469347 -0.34469347 -0.34469347
 -0.34469347 -0.34469347 -0.34469347 -0.34469347 -0.34469347 -0.34469347
 -0.34469347 -0.34469347 -0.34469347 -0.34469347 -0.34469347  2.95312312
 -0.34469347 -0.34469347  0.16455405 -0.34469347 -0.34469347 -0.34469347
 -0.34469347 -0.34469347 -0.34469347 -0.34469347 -0.34469347 -0.34469347
 -0.34469347 -0.34469347 -0.34469347 -0.34469347 -0.34469347 -0.34469347
  0.83586287 -0.34469347 -0.34469347 -0.34469347 -0.34469347 -0.34469347
 -0.34469347 -0.34469347 -0.34469347 -0.34469347 -0.34469347 -0.34469347
 -0.34469347 -0.34469347 -0.34469347 -0.34469347 -0.34469347 -0.34469347
 -0.34469347 -0.34469347 -0.34469347 -0.34469347 -0.34469347 -0.34469347
 -0.34469347 -0.34469347 -0.34469347  2.27841866  2.90546221 -0.34469347
 -0.34469347 -0.34469347 -0.34469347 -0.34469347 -0.34469347 -0.34469347
 -0.34469347 -0.34469347 -0.34469347 -0.34469347 -0.34469347 -0.34469347
 -0.34469347 -0.34469347 -0.34469347 -0.34469347  0.3696794  -0.34469347
 -0.34469347 -0.34469347 -0.34469347 -0.34469347 -0.34469347 -0.34469347
  0.83586287 -0.34469347 -0.34469347 -0.34469347 -0.34469347 -0.34469347
 -0.34469347 -0.34469347 -0.34469347 -0.34469347 -0.34469347 -0.34469347
 -0.34469347 -0.34469347 -0.34469347 -0.34469347 -0.34469347 -0.34469347
 -0.34469347 -0.34469347 -0.15300977 -0.34469347 -0.34469347 -0.34469347
 -0.34469347 -0.34469347 -0.34469347 -0.34469347 -0.34469347 -0.34469347
 -0.34469347 -0.34469347 -0.34469347 -0.34469347 -0.34469347 -0.34469347
  0.78012396 -0.34469347 -0.34469347 -0.34469347 -0.34469347 -0.34469347
 -0.34469347 -0.34469347 -0.34469347  1.2952118  -0.34469347 -0.34469347
 -0.34469347 -0.34469347 -0.34469347 -0.34469347 -0.34469347 -0.34469347
 -0.34469347 -0.34469347 -0.34469347 -0.34469347 -0.34469347 -0.34469347
 -0.34469347 -0.34469347 -0.34469347 -0.34469347 -0.34469347 -0.34469347
 -0.34469347 -0.34469347 -0.34469347 -0.34469347 -0.34469347 -0.34469347
 -0.34469347 -0.34469347 -0.34469347 -0.34469347 -0.34469347 -0.34469347
 -0.34469347 -0.34469347 -0.34469347 -0.34469347 -0.34469347 -0.34469347
 -0.34469347  3.18330119 -0.34469347 -0.34469347 -0.34469347  1.2952118
  3.06808989 -0.34469347 -0.34469347 -0.34469347 -0.34469347 -0.34469347
 -0.34469347 -0.34469347 -0.34469347 -0.34469347 -0.34469347 -0.34469347
 -0.34469347 -0.34469347 -0.34469347 -0.34469347 -0.34469347 -0.34469347
 -0.34469347 -0.34469347 -0.34469347 -0.34469347 -0.34469347 -0.34469347
 -0.34469347 -0.34469347 -0.34469347 -0.34469347 -0.34469347 -0.34469347
 -0.34469347 -0.34469347 -0.34469347 -0.34469347 -0.34469347 -0.34469347
 -0.34469347 -0.34469347 -0.34469347 -0.34469347 -0.34469347 -0.34469347
 -0.34469347 -0.34469347 -0.34469347  0.25689311 -0.34469347 -0.34469347
 -0.34469347 -0.34469347 -0.34469347 -0.34469347 -0.34469347 -0.34469347
  5.2361361  -0.34469347 -0.34469347  1.75525222  0.83586287 -0.34469347
 -0.34469347 -0.34469347 -0.34469347 -0.34469347  0.30819107 -0.34469347
 -0.34469347 -0.34469347 -0.34469347 -0.34469347]",[0.2632722963865999]
0,"[-0.32773715 -0.32773715 -0.32773715 -0.32773715 -0.32773715 -0.32773715
 -0.32773715 -0.32773715 -0.32773715 -0.32773715 -0.32773715 -0.32773715
 -0.32773715 -0.32773715 -0.32773715 -0.32773715 -0.32773715 -0.32773715
 -0.32773715 -0.32773715 -0.32773715 -0.32773715 -0.32773715 -0.32773715
 -0.32773715 -0.32773715 -0.32773715 -0.32773715 -0.32773715 -0.32773715
 -0.32773715 -0.32773715 -0.32773715 -0.32773715 -0.32773715 -0.32773715
 -0.32773715 -0.32773715 -0.32773715 -0.32773715 -0.32773715 -0.32773715
 -0.32773715 -0.32773715 -0.32773715 -0.32773715 -0.32773715 -0.32773715
 -0.32773715 -0.32773715 -0.32773715 -0.32773715 -0.32773715  1.89709996
 -0.32773715 -0.32773715 -0.32773715 -0.32773715 -0.32773715 -0.32773715
 -0.32773715 -0.32773715 -0.32773715 -0.32773715 -0.32773715 -0.32773715
 -0.32773715 -0.32773715 -0.32773715 -0.32773715 -0.32773715 -0.32773715
 -0.32773715 -0.32773715  0.50996863  0.50996863 -0.32773715 -0.32773715
 -0.32773715 -0.32773715 -0.32773715 -0.32773715 -0.32773715 -0.32773715
 -0.32773715  0.47751638  5.99371587  4.92488653 -0.32773715  4.8836308
 -0.32773715 -0.32773715 -0.32773715 -0.32773715  0.6213661   0.29060741
 -0.32773715 -0.32773715  0.38258777  3.49800222 -0.32773715 -0.32773715
 -0.32773715  1.50068834 -0.32773715 -0.32773715 -0.32773715 -0.32773715
 -0.32773715 -0.32773715 -0.32773715 -0.32773715 -0.32773715 -0.32773715
 -0.32773715 -0.32773715 -0.32773715 -0.32773715  4.05784973  1.3476744
 -0.32773715  6.50913305  1.50068834 -0.32773715  1.67675675  0.70159906
  3.96117153 -0.32773715  5.25630041 -0.32773715 -0.32773715 -0.32773715
 -0.32773715 -0.32773715 -0.32773715  2.83414042 -0.09487977 -0.32773715
  0.13444907 -0.32773715 -0.32773715 -0.32773715 -0.32773715  0.25798855
 -0.32773715 -0.32773715 -0.32773715 -0.32773715 -0.32773715  0.25730462
 -0.32773715  5.53480736 -0.32773715  3.67718781  4.07305975 -0.32773715
 -0.32773715 -0.32773715  0.20853766 -0.32773715 -0.32773715  4.30146254
 -0.32773715  4.87870807  3.47941477 -0.32773715 -0.32773715  0.79036343
 -0.32773715 -0.0524599  -0.32773715 -0.32773715 -0.32773715 -0.32773715
 -0.32773715 -0.32773715 -0.32773715 -0.32773715 -0.32773715 -0.32773715
 -0.32773715 -0.32773715 -0.32773715 -0.32773715 -0.32773715 -0.32773715
 -0.32773715 -0.32773715 -0.32773715 -0.32773715 -0.32773715 -0.32773715
 -0.32773715 -0.32773715 -0.32773715 -0.32773715 -0.32773715 -0.32773715
 -0.32773715 -0.32773715 -0.32773715 -0.32773715 -0.32773715 -0.32773715
 -0.32773715 -0.32773715 -0.32773715 -0.32773715 -0.32773715 -0.32773715
  0.5763159  -0.32773715 -0.32773715 -0.32773715 -0.32773715 -0.32773715
 -0.32773715 -0.32773715 -0.32773715 -0.32773715 -0.32773715 -0.32773715
 -0.32773715 -0.32773715 -0.32773715 -0.32773715 -0.32773715 -0.32773715
 -0.32773715 -0.32773715 -0.32773715 -0.32773715 -0.32773715 -0.32773715
 -0.32773715 -0.32773715 -0.32773715 -0.32773715 -0.32773715 -0.32773715
 -0.32773715 -0.32773715 -0.32773715 -0.32773715 -0.32773715 -0.32773715
 -0.32773715 -0.32773715 -0.32773715 -0.32773715 -0.32773715 -0.32773715
 -0.32773715 -0.32773715 -0.32773715 -0.32773715 -0.32773715 -0.32773715
 -0.32773715 -0.32773715 -0.32773715 -0.32773715 -0.32773715 -0.32773715
 -0.32773715  0.50996863  3.32911384  0.97843071 -0.32773715 -0.32773715
 -0.32773715 -0.32773715 -0.32773715 -0.32773715 -0.32773715 -0.32773715
 -0.32773715 -0.32773715 -0.32773715 -0.32773715 -0.32773715 -0.32773715
 -0.32773715 -0.32773715 -0.32773715 -0.32773715 -0.32773715 -0.32773715
 -0.32773715 -0.32773715  0.08325451 -0.32773715  0.42486155  1.50068834
 -0.32773715 -0.32773715 -0.32773715  0.42015757  3.11185031 -0.32773715
  2.5330992  -0.32773715  3.33095423 -0.32773715 -0.32773715  1.2298187
 -0.32773715 -0.32773715 -0.32773715 -0.32773715 -0.32773715 -0.32773715
  0.98165669 -0.32773715 -0.32773715 -0.32773715 -0.32773715 -0.32773715
 -0.32773715 -0.32773715 -0.32773715 -0.32773715 -0.32773715 -0.32773715
 -0.32773715 -0.32773715 -0.32773715 -0.32773715  1.38890134 -0.32773715
 -0.32773715 -0.32773715  0.04246871 -0.32773715 -0.32773715 -0.32773715
 -0.32773715 -0.32773715 -0.32773715 -0.32773715 -0.32773715  2.51086053
  3.4275121   0.79036343 -0.32773715  1.38890134  2.15033715 -0.32773715
 -0.32773715  1.50068834  1.50068834 -0.32773715  2.73374166 -0.32773715
  2.9226102   3.79973027  2.1566027   0.04246871  1.67675675  4.92623713
 -0.32773715  0.10731053  0.56445699  1.78639684  5.00644686  2.09953023
 -0.32773715  3.33225822 -0.32773715 -0.32773715  1.56899833  3.30962192
  1.95654662 -0.32773715 -0.32773715 -0.32773715 -0.32773715  0.04246871
 -0.32773715 -0.32773715 -0.32773715 -0.32773715 -0.32773715 -0.32773715
 -0.32773715 -0.32773715 -0.10837593 -0.32773715 -0.32773715 -0.32773715
 -0.32773715 -0.32773715 -0.32773715  1.50068834 -0.32773715 -0.32773715
  1.50068834 -0.32773715 -0.32773715  2.99047605 -0.32773715  1.50068834
 -0.32773715 -0.32773715 -0.32773715 -0.32773715 -0.32773715 -0.32773715
  2.9249721   1.8081573  -0.32773715 -0.32773715  3.20657233  1.37540519
 -0.32773715 -0.32773715 -0.32773715 -0.32773715 -0.32773715 -0.32773715
 -0.32773715 -0.32773715 -0.32773715  3.88307579 -0.32773715 -0.32773715
 -0.32773715 -0.32773715 -0.32773715 -0.32773715 -0.32773715 -0.32773715
 -0.32773715 -0.32773715 -0.32773715 -0.32773715 -0.32773715 -0.32773715
 -0.32773715  0.06177386 -0.32773715 -0.32773715  0.56445699  0.8402594
  0.50996863 -0.32773715 -0.32773715 -0.32773715 -0.32773715 -0.32773715
 -0.32773715 -0.32773715 -0.32773715 -0.32773715  0.53626477 -0.32773715
 -0.32773715 -0.32773715 -0.32773715  3.74098023 -0.32773715 -0.32773715
 -0.32773715 -0.32773715 -0.32773715 -0.32773715 -0.32773715 -0.32773715
 -0.32773715 -0.32773715  3.05383659 -0.32773715 -0.32773715  1.15604397
 -0.32773715 -0.32773715 -0.32773715 -0.32773715 -0.32773715 -0.32773715
 -0.32773715 -0.32773715 -0.32773715 -0.32773715  1.99374974 -0.32773715
 -0.32773715  0.79036343 -0.32773715 -0.32773715  1.3476744   2.94379247
 -0.32773715 -0.32773715  0.94185234 -0.32773715 -0.32773715 -0.32773715
 -0.32773715  0.46229606  1.50068834 -0.32773715 -0.32773715 -0.32773715
 -0.32773715 -0.32773715 -0.32773715 -0.32773715 -0.32773715 -0.32773715
 -0.32773715 -0.32773715 -0.32773715 -0.32773715 -0.32773715 -0.32773715
 -0.32773715 -0.32773715  4.91006137 -0.32773715 -0.32773715 -0.32773715
 -0.32773715 -0.32773715 -0.32773715 -0.32773715 -0.32773715 -0.32773715
 -0.32773715 -0.32773715 -0.32773715 -0.32773715 -0.32773715 -0.32773715
 -0.32773715 -0.32773715 -0.32773715 -0.32773715 -0.32773715 -0.32773715
 -0.32773715  1.50068834 -0.32773715 -0.32773715 -0.32773715 -0.32773715
  0.62751047 -0.32773715 -0.32773715 -0.32773715 -0.32773715 -0.32773715
 -0.32773715 -0.32773715 -0.32773715 -0.32773715 -0.32773715  2.20233668
 -0.32773715 -0.32773715 -0.32773715 -0.32773715 -0.32773715 -0.32773715
 -0.32773715 -0.32773715 -0.32773715 -0.32773715 -0.32773715 -0.32773715
 -0.32773715 -0.32773715 -0.32773715 -0.32773715 -0.32773715 -0.32773715
 -0.32773715 -0.32773715 -0.32773715 -0.32773715 -0.32773715 -0.32773715
 -0.32773715 -0.32773715 -0.32773715 -0.32773715 -0.32773715 -0.32773715
 -0.32773715 -0.32773715 -0.32773715 -0.32773715 -0.32773715 -0.32773715
 -0.32773715 -0.32773715 -0.32773715 -0.32773715 -0.32773715 -0.32773715
 -0.32773715 -0.32773715  1.68457747  2.88594388  3.45973352 -0.32773715
 -0.32773715 -0.32773715 -0.32773715 -0.32773715 -0.32773715 -0.32773715
 -0.32773715 -0.32773715 -0.32773715 -0.32773715 -0.32773715 -0.32773715
 -0.32773715 -0.32773715 -0.32773715 -0.32773715 -0.32773715 -0.32773715
  1.99374974 -0.32773715 -0.32773715 -0.32773715 -0.32773715 -0.32773715
 -0.32773715 -0.32773715 -0.32773715 -0.32773715 -0.32773715 -0.32773715
 -0.32773715 -0.32773715 -0.32773715 -0.32773715 -0.32773715 -0.32773715
 -0.32773715 -0.32773715 -0.32773715 -0.32773715 -0.32773715 -0.32773715
 -0.32773715 -0.32773715  3.24085124 -0.32773715 -0.32773715 -0.32773715
 -0.32773715 -0.32773715 -0.32773715 -0.32773715 -0.32773715 -0.32773715
 -0.32773715 -0.32773715 -0.32773715 -0.32773715 -0.32773715 -0.32773715
 -0.32773715 -0.32773715 -0.32773715 -0.32773715 -0.32773715 -0.32773715
 -0.32773715 -0.32773715 -0.32773715 -0.32773715 -0.32773715 -0.32773715
 -0.32773715 -0.32773715 -0.32773715 -0.32773715 -0.32773715 -0.32773715
 -0.32773715  0.29060741 -0.32773715 -0.32773715 -0.32773715 -0.32773715
 -0.32773715 -0.32773715 -0.32773715 -0.32773715 -0.32773715 -0.32773715
 -0.32773715 -0.32773715 -0.32773715 -0.32773715 -0.32773715 -0.32773715
 -0.32773715 -0.32773715 -0.32773715 -0.32773715 -0.32773715 -0.32773715
 -0.32773715 -0.32773715 -0.32773715 -0.32773715 -0.32773715 -0.32773715
 -0.32773715 -0.32773715 -0.32773715 -0.32773715 -0.32773715 -0.32773715
 -0.32773715 -0.32773715 -0.32773715 -0.32773715  1.03850212 -0.32773715
 -0.32773715 -0.32773715 -0.32773715 -0.32773715 -0.32773715 -0.32773715
 -0.32773715 -0.32773715 -0.32773715  0.89947963 -0.32773715 -0.32773715
 -0.32773715 -0.32773715 -0.32773715 -0.32773715 -0.32773715 -0.32773715
 -0.32773715 -0.32773715 -0.32773715 -0.32773715 -0.32773715 -0.32773715
 -0.32773715 -0.32773715 -0.32773715 -0.32773715 -0.32773715 -0.32773715
 -0.32773715 -0.32773715 -0.32773715 -0.32773715 -0.32773715 -0.32773715
 -0.32773715 -0.32773715 -0.32773715 -0.32773715 -0.32773715 -0.32773715
 -0.32773715 -0.32773715 -0.32773715 -0.32773715 -0.32773715 -0.32773715
 -0.32773715 -0.32773715 -0.32773715  2.88252146  1.03850212 -0.32773715
 -0.32773715 -0.32773715 -0.32773715 -0.32773715 -0.32773715 -0.32773715
 -0.32773715 -0.32773715 -0.32773715 -0.32773715]",[0.6589402920720768]
0,"[-0.33901994 -0.33901994 -0.33901994 -0.33901994 -0.33901994 -0.33901994
 -0.33901994 -0.33901994 -0.33901994 -0.33901994 -0.33901994 -0.33901994
 -0.33901994 -0.33901994 -0.33901994 -0.33901994 -0.33901994 -0.33901994
 -0.33901994  0.26139426 -0.33901994 -0.33901994 -0.33901994 -0.33901994
 -0.33901994 -0.33901994 -0.33901994 -0.33901994 -0.33901994 -0.33901994
 -0.33901994 -0.33901994 -0.33901994 -0.33901994 -0.33901994 -0.33901994
 -0.33901994 -0.33901994 -0.33901994 -0.33901994 -0.33901994 -0.33901994
 -0.33901994 -0.33901994 -0.33901994 -0.33901994 -0.33901994 -0.33901994
 -0.33901994 -0.33901994 -0.33901994  0.39253908 -0.33901994  1.13824038
 -0.33901994 -0.33901994 -0.33901994 -0.33901994 -0.33901994 -0.33901994
 -0.33901994 -0.33901994 -0.33901994 -0.33901994 -0.33901994 -0.33901994
 -0.33901994 -0.33901994 -0.33901994  2.17111174 -0.33901994 -0.33901994
 -0.33901994 -0.33901994 -0.33901994 -0.33901994 -0.33901994 -0.33901994
 -0.33901994 -0.33901994 -0.33901994 -0.33901994 -0.33901994 -0.33901994
 -0.33901994  1.48390834 -0.33901994  2.17111174 -0.33901994  3.07251588
 -0.33901994 -0.33901994 -0.33901994 -0.33901994  0.13939619 -0.33901994
 -0.33901994 -0.33901994 -0.33901994  0.60511265 -0.33901994 -0.33901994
 -0.33901994 -0.33901994  0.32957149 -0.33901994 -0.33901994 -0.33901994
  0.86993785 -0.33901994 -0.33901994 -0.33901994 -0.33901994 -0.33901994
 -0.26401602 -0.33901994  2.21878251  0.32957149  2.87664234  2.86968738
 -0.33901994  3.26026174  7.97616512  2.17111174  5.46809283 -0.33901994
 -0.33901994  0.16072368  3.53782393 -0.33901994 -0.33901994 -0.33901994
  0.10536903 -0.33901994  0.24655629  3.62252435  3.4513227  -0.33901994
 -0.33901994 -0.33901994 -0.33901994 -0.33901994 -0.33901994  5.76546188
  3.65693722 -0.33901994 -0.33901994 -0.33901994 -0.33901994  2.22940277
 -0.33901994  4.08858647 -0.33901994 -0.33901994 -0.33901994 -0.33901994
  0.46964895  0.69385141  0.66199553 -0.33901994 -0.33901994  4.23874994
 -0.33901994  3.55687309  2.74080753  0.4214203   3.43610636  6.95993538
  1.97505107 -0.04137358 -0.33901994 -0.33901994 -0.33901994 -0.33901994
 -0.33901994 -0.33901994 -0.33901994  0.39253908 -0.33901994 -0.33901994
 -0.33901994 -0.33901994 -0.33901994 -0.33901994 -0.33901994 -0.33901994
 -0.33901994 -0.33901994 -0.33901994 -0.33901994 -0.33901994 -0.33901994
 -0.33901994 -0.33901994 -0.33901994 -0.33901994 -0.33901994 -0.33901994
 -0.33901994 -0.33901994 -0.33901994 -0.33901994 -0.33901994 -0.33901994
 -0.33901994 -0.33901994 -0.33901994 -0.33901994 -0.33901994  3.08862625
  0.19410778 -0.33901994 -0.33901994 -0.33901994 -0.33901994 -0.33901994
 -0.33901994 -0.33901994 -0.33901994 -0.33901994 -0.33901994 -0.33901994
 -0.33901994 -0.33901994 -0.33901994 -0.33901994 -0.33901994 -0.33901994
 -0.33901994 -0.33901994 -0.33901994 -0.33901994 -0.33901994 -0.33901994
 -0.33901994 -0.33901994 -0.33901994 -0.33901994 -0.33901994 -0.33901994
 -0.33901994 -0.33901994 -0.33901994 -0.33901994  0.8358638  -0.33901994
 -0.33901994 -0.33901994 -0.33901994 -0.33901994 -0.33901994 -0.33901994
 -0.33901994 -0.33901994 -0.33901994 -0.33901994 -0.33901994 -0.33901994
 -0.33901994 -0.33901994 -0.33901994 -0.33901994 -0.33901994 -0.33901994
 -0.33901994  0.56675808 -0.33901994 -0.33901994 -0.33901994 -0.33901994
 -0.33901994 -0.33901994 -0.14641041 -0.33901994 -0.33901994 -0.33901994
 -0.33901994 -0.33901994 -0.33901994 -0.33901994 -0.33901994 -0.33901994
 -0.33901994 -0.33901994 -0.33901994  0.86993785 -0.33901994 -0.33901994
 -0.33901994 -0.33901994 -0.33901994 -0.33901994  0.26840157 -0.33901994
 -0.33901994 -0.33901994 -0.33901994 -0.33901994  1.85621632 -0.33901994
  2.80972735 -0.33901994  2.16419496 -0.33901994 -0.33901994  0.27703941
  1.63798401 -0.33901994 -0.33901994 -0.33901994 -0.33901994 -0.33901994
  0.17354625 -0.33901994 -0.33901994 -0.33901994 -0.33901994 -0.33901994
 -0.33901994 -0.33901994 -0.33901994 -0.33901994 -0.33901994 -0.33901994
 -0.33901994 -0.33901994 -0.33901994 -0.33901994  1.80683182 -0.33901994
 -0.33901994 -0.33901994  0.53166875  1.29426562 -0.33901994 -0.33901994
 -0.33901994  0.23246236  1.13824038  1.34033764 -0.33901994  2.12094396
  2.22186466  0.34269085 -0.33901994  1.13824038  2.45458823  0.69385141
  1.63798401 -0.33901994  1.63798401 -0.33901994  2.44722819 -0.33901994
  2.45828179  3.82432435  1.01495525 -0.33901994 -0.33901994  4.35957168
 -0.33901994  0.64725852  1.34033764  1.75429974  3.58648124  1.21993832
 -0.33901994  3.44954005 -0.33901994  4.39329402  1.15922051  2.20564252
  0.80394466  0.04240144 -0.33901994 -0.33901994 -0.33901994 -0.33901994
 -0.33901994 -0.33901994 -0.33901994 -0.33901994 -0.33901994 -0.33901994
 -0.33901994  0.86993785  0.08214285 -0.33901994 -0.33901994 -0.33901994
 -0.33901994 -0.33901994 -0.33901994 -0.33901994 -0.33901994 -0.33901994
 -0.33901994 -0.33901994 -0.33901994  2.51928329 -0.33901994  1.34033764
 -0.33901994  1.63798401 -0.33901994 -0.33901994 -0.33901994 -0.33901994
  3.46638963  1.98459038 -0.33901994 -0.33901994  2.38717655  0.46964895
 -0.33901994  3.49805256 -0.33901994 -0.33901994  2.29040241 -0.33901994
 -0.33901994  2.8469418  -0.33901994 -0.11170742 -0.33901994 -0.33901994
 -0.33901994  5.67724687  5.59199192 -0.33901994 -0.33901994  3.77645457
 -0.33901994  1.23097563 -0.33901994 -0.33901994 -0.33901994 -0.33901994
  0.17685873  0.08214285 -0.33901994 -0.33901994  0.27703941  0.02201784
 -0.33901994 -0.33901994 -0.33901994 -0.33901994 -0.33901994 -0.33901994
 -0.33901994 -0.33901994 -0.33901994 -0.33901994 -0.33901994 -0.33901994
 -0.33901994 -0.33901994 -0.33901994 -0.33901994 -0.33901994 -0.33901994
 -0.33901994 -0.33901994 -0.33901994 -0.33901994 -0.33901994 -0.33901994
 -0.33901994 -0.33901994  1.63798401 -0.33901994 -0.33901994  1.20423357
 -0.33901994 -0.33901994 -0.33901994 -0.33901994 -0.33901994 -0.33901994
 -0.33901994 -0.33901994 -0.33901994 -0.33901994  1.94690927 -0.33901994
 -0.33901994 -0.33901994 -0.33901994 -0.33901994  0.23246236  2.24611567
 -0.33901994 -0.33901994  0.10536903 -0.33901994 -0.33901994 -0.33901994
 -0.33901994  2.01434259 -0.33901994 -0.33901994 -0.33901994 -0.33901994
 -0.33901994 -0.33901994 -0.33901994 -0.33901994 -0.33901994 -0.33901994
 -0.33901994 -0.33901994 -0.33901994 -0.33901994 -0.33901994 -0.33901994
 -0.33901994 -0.33901994 -0.33901994 -0.33901994 -0.33901994 -0.33901994
 -0.33901994 -0.33901994 -0.33901994 -0.33901994 -0.33901994 -0.33901994
 -0.33901994 -0.33901994 -0.33901994 -0.33901994 -0.33901994 -0.33901994
 -0.33901994 -0.33901994 -0.33901994 -0.33901994 -0.33901994 -0.33901994
 -0.33901994 -0.33901994 -0.33901994 -0.33901994 -0.33901994 -0.33901994
 -0.33901994 -0.33901994 -0.33901994 -0.33901994 -0.33901994 -0.33901994
 -0.33901994 -0.33901994 -0.33901994 -0.33901994 -0.33901994  2.66317148
 -0.33901994 -0.33901994 -0.33901994 -0.33901994 -0.33901994 -0.33901994
 -0.33901994 -0.33901994 -0.33901994 -0.33901994 -0.33901994 -0.33901994
 -0.33901994 -0.33901994 -0.33901994 -0.33901994 -0.33901994 -0.33901994
  1.34033764 -0.33901994 -0.33901994 -0.33901994 -0.33901994 -0.33901994
 -0.33901994 -0.33901994 -0.33901994 -0.33901994 -0.33901994 -0.33901994
 -0.33901994 -0.33901994 -0.33901994 -0.33901994 -0.33901994 -0.33901994
 -0.33901994 -0.33901994 -0.33901994 -0.33901994 -0.33901994 -0.33901994
 -0.33901994 -0.33901994  0.23246236  1.85621632  2.90267076 -0.33901994
 -0.33901994 -0.33901994 -0.33901994 -0.33901994 -0.33901994 -0.33901994
 -0.33901994 -0.33901994 -0.33901994 -0.33901994 -0.33901994  0.69385141
 -0.33901994 -0.33901994 -0.33901994 -0.33901994  0.39253908 -0.33901994
 -0.33901994 -0.33901994 -0.33901994 -0.33901994 -0.33901994 -0.33901994
 -0.33901994 -0.33901994 -0.33901994 -0.33901994 -0.33901994 -0.33901994
 -0.33901994 -0.33901994 -0.33901994 -0.33901994 -0.33901994 -0.33901994
 -0.33901994 -0.33901994 -0.33901994 -0.33901994 -0.33901994 -0.33901994
 -0.33901994 -0.33901994  0.01570628 -0.33901994 -0.33901994 -0.33901994
 -0.33901994 -0.33901994 -0.33901994 -0.33901994 -0.33901994 -0.33901994
 -0.33901994 -0.33901994 -0.33901994 -0.33901994 -0.33901994 -0.33901994
 -0.04137358 -0.33901994 -0.33901994 -0.33901994 -0.33901994 -0.33901994
 -0.33901994 -0.33901994 -0.33901994 -0.33901994 -0.33901994 -0.33901994
  1.63798401 -0.33901994 -0.33901994 -0.33901994 -0.33901994 -0.33901994
 -0.33901994 -0.33901994 -0.33901994 -0.33901994 -0.33901994 -0.33901994
 -0.33901994 -0.33901994 -0.33901994 -0.33901994 -0.33901994 -0.33901994
 -0.33901994 -0.33901994 -0.33901994 -0.33901994 -0.33901994 -0.33901994
 -0.33901994 -0.33901994 -0.33901994 -0.33901994 -0.33901994 -0.33901994
 -0.33901994 -0.33901994 -0.33901994 -0.33901994 -0.33901994 -0.33901994
 -0.33901994 -0.33901994 -0.33901994 -0.33901994 -0.33901994 -0.33901994
 -0.33901994 -0.33901994 -0.33901994 -0.33901994 -0.33901994 -0.33901994
 -0.33901994 -0.33901994 -0.33901994 -0.33901994 -0.33901994 -0.33901994
 -0.33901994 -0.33901994 -0.33901994 -0.33901994 -0.33901994 -0.33901994
 -0.33901994 -0.33901994 -0.33901994 -0.33901994 -0.33901994 -0.33901994
 -0.33901994 -0.33901994 -0.33901994 -0.33901994 -0.33901994 -0.33901994
 -0.33901994 -0.33901994 -0.33901994 -0.33901994 -0.33901994 -0.33901994
 -0.33901994 -0.33901994 -0.33901994 -0.33901994  0.51521163 -0.33901994
 -0.33901994 -0.33901994 -0.33901994 -0.33901994 -0.33901994 -0.33901994
 -0.33901994 -0.33901994 -0.33901994 -0.33901994 -0.33901994 -0.33901994
 -0.33901994 -0.33901994 -0.33901994  1.38782532  0.46964895 -0.33901994
 -0.33901994 -0.33901994 -0.33901994 -0.33901994  1.39452762 -0.33901994
 -0.33901994 -0.33901994 -0.33901994 -0.33901994]",[-0.9157605087435787]
0,"[-0.31519867 -0.31519867 -0.31519867 -0.31519867 -0.31519867 -0.31519867
 -0.31519867 -0.31519867 -0.31519867 -0.31519867 -0.31519867 -0.31519867
 -0.31519867 -0.31519867 -0.31519867 -0.31519867 -0.31519867 -0.31519867
 -0.31519867  0.53057925 -0.31519867 -0.31519867 -0.31519867 -0.31519867
 -0.31519867 -0.31519867 -0.31519867 -0.31519867 -0.31519867 -0.31519867
 -0.31519867 -0.31519867 -0.31519867 -0.31519867 -0.31519867 -0.31519867
 -0.31519867 -0.31519867 -0.31519867 -0.31519867 -0.31519867 -0.31519867
 -0.31519867 -0.31519867 -0.31519867 -0.31519867 -0.31519867 -0.31519867
 -0.31519867 -0.31519867 -0.31519867 -0.31519867 -0.31519867 -0.31519867
 -0.31519867 -0.31519867 -0.31519867 -0.31519867 -0.31519867 -0.31519867
 -0.31519867  1.16398553 -0.31519867 -0.31519867  0.49452337 -0.31519867
 -0.31519867 -0.31519867 -0.31519867 -0.31519867 -0.31519867 -0.31519867
 -0.31519867 -0.31519867 -0.31519867 -0.31519867 -0.31519867 -0.31519867
 -0.31519867 -0.31519867 -0.31519867 -0.31519867 -0.31519867 -0.31519867
 -0.31519867  0.55662395  4.56445016  5.0073645  -0.31519867  2.71627485
 -0.31519867 -0.31519867 -0.31519867 -0.31519867  1.72139316 -0.31519867
  0.59175897 -0.31519867  0.15581374  3.67269292 -0.31519867 -0.31519867
 -0.31519867 -0.31519867 -0.31519867 -0.31519867 -0.31519867 -0.31519867
 -0.31519867 -0.31519867 -0.31519867 -0.31519867 -0.31519867 -0.31519867
  2.705207   -0.31519867 -0.31519867 -0.31519867  5.92441406  2.66578891
 -0.31519867  3.99377102 -0.31519867 -0.31519867  6.88045305  1.44456288
  2.42581057 -0.31519867  5.95576684 -0.31519867 -0.31519867 -0.31519867
 -0.31519867 -0.31519867 -0.31519867  4.31299954  3.95996006 -0.31519867
 -0.31519867 -0.31519867 -0.31519867 -0.31519867 -0.31519867 -0.29471254
 -0.31519867 -0.31519867 -0.31519867 -0.31519867 -0.31519867 -0.31519867
 -0.31519867  4.09659205 -0.31519867  1.66437999  5.20430327 -0.31519867
 -0.31519867 -0.31519867  0.69706694 -0.31519867 -0.31519867  3.63129383
 -0.31519867  3.64796228  3.53469611 -0.31519867 -0.31519867 -0.31519867
 -0.31519867  0.37396725 -0.31519867 -0.31519867 -0.31519867 -0.31519867
 -0.31519867 -0.31519867 -0.31519867 -0.31519867 -0.31519867 -0.31519867
 -0.31519867 -0.31519867 -0.31519867 -0.31519867 -0.31519867 -0.31519867
 -0.31519867 -0.31519867 -0.31519867 -0.31519867 -0.31519867 -0.31519867
 -0.31519867 -0.31519867 -0.31519867 -0.31519867 -0.31519867 -0.31519867
 -0.31519867 -0.31519867 -0.31519867 -0.31519867 -0.31519867 -0.31519867
 -0.31519867 -0.31519867 -0.31519867 -0.31519867 -0.31519867 -0.31519867
 -0.31519867 -0.31519867 -0.31519867 -0.31519867 -0.31519867 -0.31519867
 -0.31519867 -0.31519867 -0.31519867 -0.31519867 -0.31519867 -0.31519867
 -0.31519867 -0.31519867 -0.31519867 -0.31519867 -0.31519867 -0.31519867
 -0.31519867 -0.31519867 -0.31519867 -0.31519867 -0.31519867 -0.31519867
 -0.31519867 -0.31519867 -0.31519867 -0.31519867 -0.31519867 -0.31519867
 -0.31519867 -0.31519867 -0.31519867 -0.31519867  0.74948432 -0.31519867
 -0.31519867 -0.31519867 -0.31519867 -0.31519867 -0.31519867 -0.31519867
 -0.31519867 -0.31519867 -0.31519867 -0.31519867 -0.31519867 -0.31519867
 -0.31519867 -0.31519867 -0.31519867 -0.31519867 -0.31519867 -0.31519867
 -0.31519867  0.59175897  2.19820202  0.54014539 -0.31519867 -0.31519867
 -0.31519867 -0.31519867  0.74948432 -0.31519867 -0.31519867 -0.31519867
 -0.31519867 -0.31519867 -0.31519867 -0.31519867 -0.31519867 -0.31519867
  1.66437999 -0.31519867 -0.31519867 -0.31519867 -0.31519867 -0.31519867
 -0.31519867 -0.31519867  0.41731308 -0.31519867 -0.03976321 -0.31519867
 -0.31519867  1.66437999 -0.31519867  1.66437999  1.36634599 -0.31519867
  2.41479642 -0.31519867  1.61463311 -0.31519867 -0.31519867  0.89533358
 -0.31519867 -0.31519867 -0.31519867 -0.31519867 -0.31519867 -0.31519867
  0.77787041 -0.31519867 -0.31519867 -0.31519867 -0.31519867 -0.31519867
 -0.31519867 -0.31519867 -0.31519867  0.59175897 -0.31519867 -0.31519867
 -0.31519867 -0.31519867 -0.31519867 -0.31519867  2.79939816  0.25702789
 -0.31519867 -0.31519867  0.35426349 -0.31519867 -0.31519867 -0.31519867
 -0.31519867 -0.31519867 -0.31519867 -0.31519867 -0.31519867  2.26703919
  3.03689364  0.88019474  0.35426349  1.96070654  1.90506292 -0.31519867
 -0.31519867 -0.31519867  2.51972404 -0.31519867  2.86276656 -0.31519867
  2.93071377  3.21498877  2.87491224 -0.31519867  0.41731308  5.23508955
  1.66437999  2.13539239  0.65075181  0.89533358  4.50268961  1.8708092
 -0.31519867  3.23801547 -0.31519867  1.66437999  1.33619938  2.88998428
  1.86347094  0.06671945 -0.31519867 -0.31519867 -0.31519867 -0.31519867
 -0.31519867 -0.31519867 -0.31519867 -0.31519867  1.01347026 -0.31519867
 -0.31519867 -0.31519867  0.18519579 -0.31519867 -0.31519867 -0.31519867
 -0.31519867 -0.31519867 -0.31519867 -0.31519867 -0.31519867 -0.31519867
 -0.31519867 -0.31519867 -0.31519867  2.58208536 -0.31519867  0.89533358
 -0.31519867 -0.31519867 -0.31519867 -0.31519867  0.41731308 -0.31519867
  3.94820808  3.25342563 -0.31519867 -0.31519867  3.35136162  2.95726102
 -0.31519867 -0.31519867 -0.31519867 -0.31519867 -0.04654672 -0.31519867
  5.06015341 -0.31519867 -0.31519867 -0.31519867 -0.31519867 -0.31519867
 -0.02765463 -0.31519867 -0.31519867 -0.31519867 -0.31519867  3.54607061
 -0.31519867 -0.31519867 -0.31519867 -0.31519867 -0.31519867 -0.31519867
 -0.31519867 -0.31519867 -0.31519867 -0.31519867 -0.31519867  0.48883384
 -0.31519867 -0.31519867 -0.31519867 -0.31519867 -0.31519867 -0.31519867
 -0.31519867 -0.31519867 -0.31519867 -0.31519867 -0.31519867 -0.31519867
 -0.31519867 -0.31519867 -0.31519867 -0.31519867 -0.31519867 -0.31519867
 -0.31519867 -0.31519867 -0.31519867 -0.31519867 -0.31519867 -0.31519867
 -0.31519867 -0.31519867  2.19820202 -0.31519867 -0.31519867 -0.31519867
 -0.31519867 -0.31519867 -0.31519867 -0.31519867  3.32706492  1.66437999
 -0.31519867 -0.31519867 -0.31519867 -0.31519867 -0.31519867 -0.31519867
 -0.31519867 -0.31519867  2.41993894 -0.31519867  0.25702789  1.80229122
 -0.31519867 -0.31519867 -0.31519867 -0.31519867 -0.31519867 -0.31519867
 -0.31519867  3.16044715  1.66437999 -0.31519867 -0.31519867 -0.31519867
 -0.31519867 -0.31519867 -0.31519867 -0.31519867 -0.31519867 -0.31519867
 -0.31519867 -0.31519867 -0.31519867 -0.31519867 -0.31519867 -0.31519867
 -0.31519867 -0.31519867  4.09427869 -0.31519867 -0.31519867 -0.31519867
 -0.31519867 -0.31519867 -0.31519867 -0.31519867 -0.31519867 -0.31519867
 -0.31519867 -0.31519867 -0.31519867 -0.31519867 -0.31519867 -0.31519867
 -0.31519867 -0.31519867 -0.31519867 -0.31519867 -0.31519867 -0.31519867
 -0.31519867 -0.31519867 -0.31519867 -0.31519867 -0.31519867 -0.31519867
 -0.31519867 -0.31519867 -0.31519867 -0.31519867 -0.31519867 -0.31519867
 -0.31519867 -0.31519867 -0.31519867 -0.31519867 -0.31519867  2.32786422
 -0.31519867 -0.31519867 -0.31519867 -0.31519867 -0.31519867 -0.31519867
 -0.31519867 -0.31519867 -0.31519867 -0.31519867 -0.31519867 -0.31519867
 -0.31519867 -0.31519867 -0.31519867 -0.31519867 -0.31519867 -0.31519867
  2.42581057 -0.31519867 -0.31519867 -0.31519867 -0.31519867 -0.31519867
 -0.31519867 -0.31519867 -0.31519867 -0.31519867 -0.31519867 -0.31519867
 -0.31519867 -0.31519867 -0.31519867 -0.31519867 -0.31519867 -0.31519867
 -0.31519867 -0.31519867 -0.31519867 -0.31519867 -0.31519867 -0.31519867
 -0.31519867 -0.31519867 -0.31519867 -0.31519867 -0.31519867  4.88791847
 -0.31519867 -0.31519867 -0.31519867 -0.31519867 -0.31519867 -0.31519867
 -0.31519867 -0.31519867 -0.31519867 -0.31519867 -0.31519867 -0.31519867
 -0.31519867 -0.31519867 -0.31519867 -0.31519867 -0.31519867 -0.31519867
 -0.31519867 -0.31519867 -0.31519867 -0.31519867 -0.31519867 -0.31519867
 -0.31519867 -0.31519867 -0.31519867 -0.31519867 -0.31519867 -0.31519867
 -0.31519867 -0.31519867 -0.31519867 -0.31519867 -0.31519867 -0.31519867
 -0.31519867 -0.31519867 -0.31519867 -0.31519867 -0.31519867 -0.31519867
 -0.31519867 -0.31519867  0.03998953 -0.31519867 -0.31519867 -0.31519867
 -0.31519867 -0.31519867 -0.31519867 -0.31519867 -0.31519867 -0.31519867
 -0.31519867 -0.31519867 -0.31519867 -0.31519867 -0.31519867 -0.31519867
 -0.31519867 -0.31519867 -0.31519867 -0.31519867 -0.31519867 -0.31519867
  0.45384774 -0.31519867 -0.31519867 -0.31519867 -0.31519867 -0.31519867
 -0.31519867 -0.31519867 -0.31519867 -0.31519867 -0.31519867 -0.31519867
 -0.31519867 -0.31519867 -0.31519867 -0.31519867 -0.31519867 -0.31519867
 -0.31519867 -0.31519867 -0.31519867 -0.31519867 -0.31519867 -0.31519867
 -0.31519867 -0.31519867 -0.31519867 -0.31519867 -0.31519867 -0.31519867
 -0.31519867 -0.31519867 -0.31519867 -0.31519867 -0.31519867 -0.31519867
 -0.31519867 -0.31519867 -0.31519867 -0.31519867 -0.31519867 -0.31519867
 -0.31519867 -0.31519867 -0.31519867 -0.31519867 -0.31519867 -0.31519867
 -0.31519867 -0.31519867 -0.31519867 -0.31519867 -0.31519867 -0.31519867
 -0.31519867 -0.31519867 -0.31519867 -0.31519867 -0.31519867 -0.31519867
 -0.31519867 -0.31519867 -0.31519867 -0.31519867 -0.31519867 -0.31519867
 -0.31519867 -0.31519867 -0.31519867 -0.31519867 -0.31519867 -0.31519867
 -0.31519867 -0.31519867 -0.31519867 -0.31519867 -0.31519867 -0.31519867
 -0.31519867 -0.31519867 -0.31519867 -0.31519867 -0.31519867 -0.31519867
 -0.31519867 -0.31519867 -0.31519867 -0.31519867 -0.31519867 -0.31519867
 -0.31519867 -0.31519867 -0.31519867 -0.31519867 -0.31519867 -0.31519867
 -0.31519867 -0.31519867 -0.31519867 -0.31519867 -0.31519867 -0.31519867
 -0.31519867 -0.31519867 -0.31519867 -0.31519867 -0.31519867 -0.31519867
 -0.31519867 -0.31519867 -0.31519867 -0.31519867 -0.31519867 -0.31519867
 -0.31519867 -0.31519867 -0.31519867 -0.31519867]",[0.14479159056711138]
0,"[-0.29923491 -0.29923491 -0.29923491 -0.29923491 -0.29923491 -0.29923491
 -0.29923491 -0.29923491 -0.29923491 -0.29923491 -0.29923491 -0.29923491
 -0.29923491 -0.29923491 -0.29923491 -0.29923491 -0.29923491 -0.29923491
 -0.29923491 -0.29923491 -0.29923491 -0.29923491 -0.29923491 -0.29923491
 -0.29923491 -0.29923491 -0.29923491  0.86465059 -0.29923491 -0.29923491
 -0.29923491 -0.29923491 -0.29923491 -0.29923491 -0.29923491 -0.29923491
 -0.29923491 -0.29923491 -0.29923491 -0.29923491 -0.29923491 -0.29923491
 -0.29923491 -0.29923491 -0.29923491 -0.29923491 -0.29923491 -0.29923491
 -0.29923491 -0.29923491 -0.29923491 -0.29923491 -0.29923491 -0.29923491
 -0.29923491 -0.29923491 -0.29923491 -0.29923491 -0.29923491 -0.29923491
 -0.29923491 -0.29923491 -0.29923491 -0.29923491 -0.29923491 -0.29923491
 -0.29923491 -0.29923491 -0.29923491 -0.29923491 -0.29923491 -0.29923491
 -0.29923491 -0.29923491 -0.29923491 -0.29923491 -0.29923491 -0.29923491
 -0.29923491 -0.29923491 -0.29923491 -0.29923491  1.02796001 -0.29923491
 -0.29923491  0.81956232  4.1552763   4.47963385 -0.29923491  2.52154853
 -0.29923491 -0.29923491 -0.29923491 -0.29923491  0.38012755 -0.29923491
  0.86465059 -0.29923491 -0.29923491  3.26289453 -0.29923491 -0.29923491
 -0.29923491 -0.29923491 -0.29923491 -0.29923491 -0.29923491 -0.29923491
 -0.29923491 -0.29923491 -0.29923491 -0.29923491 -0.29923491 -0.29923491
  4.52201607 -0.29923491 -0.29923491 -0.29923491  2.96266224  2.02853608
 -0.29923491  2.84557281 -0.29923491 -0.29923491  3.33878001 -0.29923491
  1.36467905 -0.29923491  5.26209586 -0.29923491 -0.29923491 -0.29923491
 -0.29923491 -0.29923491 -0.29923491  2.12831936  3.3629135  -0.29923491
 -0.29923491 -0.29923491 -0.29923491 -0.29923491 -0.29923491 -0.22224602
  8.17762033 -0.29923491 -0.29923491 -0.29923491 -0.29923491 -0.29923491
 -0.29923491  3.4394705  -0.29923491  3.63497619  3.33878001 -0.29923491
 -0.29923491 -0.29923491  0.50818711 -0.29923491 -0.29923491  3.08606561
 -0.29923491  0.98248461  2.60755226 -0.29923491 -0.29923491  7.01646449
 -0.29923491  3.22930364 -0.29923491 -0.29923491 -0.29923491 -0.29923491
 -0.29923491 -0.29923491 -0.29923491 -0.29923491 -0.29923491 -0.29923491
 -0.29923491 -0.29923491 -0.29923491 -0.29923491 -0.29923491 -0.29923491
 -0.29923491 -0.29923491 -0.29923491 -0.29923491 -0.29923491 -0.29923491
 -0.29923491 -0.29923491 -0.29923491 -0.29923491 -0.29923491 -0.29923491
 -0.29923491 -0.29923491 -0.29923491 -0.29923491 -0.29923491 -0.29923491
 -0.29923491 -0.29923491 -0.29923491 -0.29923491 -0.29923491 -0.29923491
 -0.29923491 -0.29923491 -0.29923491 -0.29923491 -0.29923491 -0.29923491
 -0.29923491 -0.29923491 -0.29923491 -0.29923491 -0.29923491 -0.29923491
 -0.29923491 -0.29923491 -0.29923491 -0.29923491 -0.29923491 -0.29923491
 -0.29923491 -0.29923491 -0.29923491 -0.29923491 -0.29923491 -0.29923491
 -0.29923491 -0.29923491 -0.29923491 -0.29923491 -0.29923491 -0.29923491
 -0.29923491 -0.29923491 -0.29923491 -0.29923491 -0.29923491 -0.29923491
 -0.29923491 -0.29923491 -0.29923491 -0.29923491 -0.29923491 -0.29923491
 -0.29923491 -0.29923491 -0.29923491 -0.29923491 -0.29923491 -0.29923491
 -0.29923491 -0.29923491 -0.29923491 -0.29923491 -0.29923491 -0.29923491
 -0.29923491 -0.29923491 -0.29923491 -0.29923491 -0.29923491 -0.29923491
 -0.29923491 -0.29923491 -0.29923491 -0.29923491 -0.29923491 -0.29923491
 -0.29923491 -0.29923491 -0.29923491 -0.29923491 -0.29923491 -0.29923491
  2.92617549 -0.29923491 -0.29923491  2.92617549 -0.29923491 -0.29923491
 -0.29923491 -0.29923491 -0.29923491 -0.29923491  0.31880247 -0.29923491
 -0.29923491 -0.29923491 -0.29923491 -0.29923491 -0.29923491 -0.29923491
  3.21783667 -0.29923491  0.40046033 -0.29923491 -0.29923491  1.16352302
 -0.29923491 -0.29923491 -0.29923491 -0.29923491 -0.29923491 -0.29923491
  1.46098901 -0.29923491 -0.29923491 -0.29923491  2.24112947  0.34291399
 -0.29923491 -0.29923491 -0.29923491  0.86465059 -0.29923491 -0.29923491
 -0.29923491 -0.29923491 -0.29923491 -0.29923491  3.54044346 -0.29923491
 -0.29923491 -0.29923491  0.5598761   2.55190632 -0.29923491 -0.29923491
 -0.29923491 -0.29923491 -0.29923491 -0.29923491 -0.29923491  3.03297369
  2.9092245   0.58882781  0.5598761   2.21677405  3.29422905 -0.29923491
  2.24112947 -0.29923491 -0.29923491 -0.29923491  5.01389941 -0.29923491
  4.79238207  3.19996333  2.74306336 -0.29923491  0.64078672  7.51176004
 -0.29923491  1.189605   -0.29923491  1.85866679  4.38999175  1.88707102
 -0.29923491  4.36282656 -0.29923491  2.24112947  1.49381263  3.03243547
  0.43509508  0.77811972 -0.29923491 -0.29923491 -0.29923491 -0.29923491
 -0.29923491 -0.29923491 -0.29923491 -0.29923491 -0.29923491 -0.29923491
 -0.29923491 -0.29923491  0.24194103 -0.29923491 -0.29923491 -0.29923491
 -0.29923491 -0.29923491 -0.29923491 -0.29923491 -0.29923491 -0.29923491
 -0.29923491 -0.29923491 -0.29923491  2.3103969  -0.29923491 -0.29923491
 -0.29923491 -0.29923491 -0.29923491 -0.29923491 -0.29923491 -0.29923491
  3.82228988  1.28098259 -0.29923491 -0.29923491  2.36268549  0.73986956
 -0.29923491 -0.29923491 -0.29923491 -0.29923491 -0.29923491 -0.29923491
  3.96527996 -0.29923491 -0.29923491  5.66691257 -0.29923491 -0.29923491
 -0.29923491 -0.29923491 -0.29923491 -0.29923491 -0.29923491  0.37086849
 -0.29923491 -0.29923491 -0.29923491 -0.29923491 -0.29923491  0.34291399
  0.92435169 -0.29923491 -0.29923491 -0.29923491  0.94035523  0.36904788
 -0.29923491 -0.29923491 -0.29923491 -0.29923491 -0.29923491 -0.29923491
 -0.29923491 -0.29923491 -0.29923491  0.5598761  -0.29923491 -0.29923491
 -0.29923491 -0.29923491 -0.29923491 -0.29923491 -0.29923491 -0.29923491
 -0.29923491 -0.29923491 -0.29923491 -0.29923491 -0.29923491 -0.29923491
 -0.29923491 -0.29923491 -0.29923491 -0.29923491 -0.29923491  0.94944897
 -0.29923491 -0.29923491 -0.29923491 -0.29923491 -0.29923491 -0.29923491
 -0.29923491 -0.29923491 -0.29923491 -0.29923491  1.59898057 -0.29923491
 -0.29923491 -0.29923491  0.98248461 -0.29923491 -0.29923491  1.40582652
 -0.29923491 -0.29923491 -0.29923491 -0.29923491 -0.29923491 -0.29923491
 -0.29923491  1.67634444 -0.29923491 -0.29923491 -0.29923491 -0.29923491
 -0.29923491 -0.29923491 -0.29923491 -0.29923491 -0.29923491 -0.29923491
 -0.29923491 -0.29923491 -0.29923491 -0.29923491 -0.29923491 -0.29923491
 -0.29923491 -0.29923491 -0.29923491 -0.29923491 -0.29923491 -0.29923491
 -0.29923491 -0.29923491 -0.29923491 -0.29923491 -0.29923491 -0.29923491
 -0.29923491 -0.29923491 -0.29923491 -0.29923491 -0.29923491 -0.29923491
 -0.29923491 -0.29923491 -0.29923491 -0.29923491 -0.29923491 -0.29923491
 -0.29923491 -0.29923491 -0.29923491 -0.29923491 -0.29923491 -0.29923491
 -0.29923491 -0.29923491 -0.29923491 -0.29923491 -0.29923491 -0.29923491
 -0.29923491 -0.29923491 -0.29923491 -0.29923491 -0.29923491  2.27497945
 -0.29923491 -0.29923491 -0.29923491 -0.29923491 -0.29923491 -0.29923491
 -0.29923491 -0.29923491 -0.29923491 -0.29923491 -0.29923491 -0.29923491
 -0.29923491 -0.29923491 -0.29923491 -0.29923491 -0.29923491 -0.29923491
 -0.29923491 -0.29923491 -0.29923491 -0.29923491 -0.29923491 -0.29923491
 -0.29923491 -0.29923491 -0.29923491  1.59898057 -0.29923491 -0.29923491
 -0.29923491 -0.29923491 -0.29923491 -0.29923491 -0.29923491 -0.29923491
 -0.29923491 -0.29923491 -0.29923491 -0.29923491 -0.29923491 -0.29923491
 -0.29923491 -0.29923491  2.1918455   1.85866679  0.92435169 -0.29923491
 -0.29923491 -0.29923491 -0.29923491 -0.29923491 -0.29923491 -0.29923491
 -0.29923491 -0.29923491 -0.29923491 -0.29923491 -0.29923491 -0.29923491
 -0.29923491 -0.29923491 -0.29923491 -0.29923491  1.13089667 -0.29923491
 -0.29923491 -0.29923491 -0.29923491 -0.29923491 -0.29923491 -0.29923491
 -0.29923491 -0.29923491 -0.29923491 -0.29923491 -0.29923491 -0.29923491
 -0.29923491 -0.29923491 -0.29923491 -0.29923491 -0.29923491 -0.29923491
 -0.29923491 -0.29923491 -0.29923491 -0.29923491 -0.29923491 -0.29923491
 -0.29923491 -0.29923491  1.46777235 -0.29923491 -0.29923491 -0.29923491
 -0.29923491 -0.29923491 -0.29923491 -0.29923491 -0.29923491 -0.29923491
 -0.29923491 -0.29923491 -0.29923491 -0.29923491 -0.29923491 -0.29923491
 -0.29923491 -0.29923491 -0.29923491 -0.29923491 -0.29923491 -0.29923491
 -0.29923491 -0.29923491 -0.29923491 -0.29923491 -0.29923491 -0.29923491
 -0.29923491 -0.29923491 -0.29923491 -0.29923491 -0.29923491 -0.29923491
 -0.29923491 -0.29923491 -0.29923491 -0.29923491 -0.29923491 -0.29923491
 -0.29923491 -0.29923491 -0.29923491 -0.29923491 -0.29923491 -0.29923491
 -0.29923491 -0.29923491 -0.29923491 -0.29923491 -0.29923491 -0.29923491
 -0.29923491 -0.29923491 -0.29923491 -0.29923491 -0.29923491 -0.29923491
 -0.29923491 -0.29923491 -0.29923491 -0.29923491 -0.29923491 -0.29923491
 -0.29923491  0.43509508 -0.29923491 -0.29923491 -0.29923491 -0.29923491
 -0.29923491 -0.29923491 -0.29923491 -0.29923491 -0.29923491 -0.29923491
 -0.29923491 -0.29923491 -0.29923491 -0.29923491 -0.29923491 -0.29923491
 -0.29923491 -0.29923491 -0.29923491 -0.29923491 -0.29923491 -0.29923491
 -0.29923491 -0.29923491 -0.29923491 -0.29923491 -0.29923491 -0.29923491
 -0.29923491 -0.29923491 -0.29923491 -0.29923491 -0.29923491 -0.29923491
 -0.29923491 -0.29923491 -0.29923491 -0.29923491 -0.29923491 -0.29923491
 -0.29923491 -0.29923491 -0.29923491 -0.29923491 -0.29923491 -0.29923491
 -0.29923491 -0.29923491 -0.29923491 -0.29923491 -0.29923491 -0.29923491
 -0.29923491 -0.29923491 -0.29923491 -0.29923491 -0.29923491 -0.29923491
  1.25422345 -0.29923491 -0.29923491 -0.29923491 -0.29923491 -0.29923491
 -0.29923491 -0.29923491 -0.29923491 -0.29923491 -0.29923491 -0.29923491
 -0.29923491 -0.29923491 -0.29923491 -0.29923491]",[-0.8151442972671645]
1,"[-0.30376862 -0.30376862 -0.30376862 -0.30376862 -0.30376862 -0.30376862
 -0.30376862 -0.30376862 -0.30376862 -0.30376862 -0.30376862 -0.30376862
 -0.30376862 -0.30376862 -0.30376862 -0.30376862 -0.30376862 -0.30376862
 -0.30376862 -0.30376862 -0.30376862 -0.30376862 -0.30376862 -0.30376862
 -0.30376862 -0.30376862 -0.30376862 -0.30376862 -0.30376862 -0.30376862
 -0.30376862 -0.30376862 -0.30376862 -0.30376862 -0.30376862 -0.30376862
 -0.30376862 -0.30376862 -0.30376862 -0.30376862 -0.30376862 -0.30376862
 -0.30376862 -0.30376862 -0.30376862 -0.30376862 -0.30376862 -0.30376862
 -0.30376862 -0.30376862 -0.30376862 -0.30376862 -0.30376862 -0.30376862
 -0.30376862 -0.30376862 -0.30376862 -0.30376862 -0.30376862 -0.30376862
 -0.30376862 -0.30376862 -0.30376862 -0.30376862 -0.30376862 -0.30376862
 -0.30376862 -0.30376862 -0.30376862 -0.30376862 -0.30376862 -0.30376862
 -0.30376862 -0.30376862 -0.30376862 -0.30376862 -0.30376862 -0.30376862
 -0.30376862 -0.30376862 -0.30376862 -0.30376862 -0.30376862 -0.30376862
 -0.30376862  1.46218936  5.09802962  4.49828336 -0.30376862  4.1880321
 -0.30376862 -0.30376862 -0.30376862 -0.30376862  0.82799761  0.68253081
 -0.30376862 -0.30376862  0.81346868  3.54645091 -0.30376862 -0.30376862
 -0.30376862  2.53966033  2.7829831  -0.30376862 -0.30376862 -0.30376862
 -0.30376862 -0.30376862 -0.30376862 -0.30376862 -0.30376862 -0.30376862
 -0.21880561 -0.30376862 -0.30376862 -0.30376862  5.17081056  3.72854546
 -0.30376862  6.60239977 -0.30376862 -0.30376862  4.15293793 -0.30376862
  2.67725411 -0.30376862  5.72406544 -0.30376862 -0.30376862 -0.30376862
 -0.30376862 -0.30376862 -0.30376862 -0.14509157  5.40106768  1.93574348
  0.26233136 -0.30376862 -0.30376862 -0.30376862 -0.30376862 -0.17262612
 -0.22523927 -0.30376862 -0.30376862 -0.30376862 -0.30376862 -0.30376862
 -0.30376862  4.84959239 -0.30376862  6.01873232 -0.30376862 -0.30376862
 -0.30376862 -0.30376862  0.69651358 -0.30376862 -0.30376862  4.34221108
 -0.30376862  4.17070416  3.52155475 -0.30376862 -0.30376862 -0.30376862
 -0.30376862  0.03339947 -0.30376862 -0.30376862 -0.30376862 -0.30376862
 -0.30376862 -0.30376862 -0.30376862 -0.30376862 -0.30376862 -0.30376862
 -0.30376862 -0.30376862 -0.30376862 -0.30376862 -0.30376862 -0.30376862
 -0.30376862 -0.30376862 -0.30376862 -0.30376862 -0.30376862 -0.30376862
 -0.30376862 -0.30376862 -0.30376862 -0.30376862 -0.30376862 -0.30376862
 -0.30376862 -0.30376862 -0.30376862 -0.30376862 -0.30376862 -0.30376862
 -0.30376862 -0.30376862 -0.30376862 -0.30376862 -0.30376862 -0.30376862
  0.04617599 -0.30376862 -0.30376862 -0.30376862 -0.30376862 -0.30376862
 -0.30376862 -0.30376862 -0.30376862 -0.30376862 -0.30376862 -0.30376862
 -0.30376862 -0.30376862 -0.30376862 -0.30376862 -0.30376862 -0.30376862
 -0.30376862 -0.30376862 -0.30376862 -0.30376862 -0.30376862 -0.30376862
 -0.30376862 -0.30376862 -0.30376862 -0.30376862 -0.30376862 -0.30376862
 -0.30376862 -0.30376862 -0.30376862 -0.30376862  0.09115815 -0.30376862
 -0.30376862 -0.30376862 -0.30376862 -0.30376862 -0.30376862 -0.30376862
 -0.30376862 -0.30376862 -0.30376862  0.61227597 -0.30376862 -0.30376862
 -0.30376862 -0.30376862 -0.30376862 -0.30376862 -0.30376862 -0.30376862
 -0.30376862  0.72227932 -0.30376862 -0.30376862 -0.30376862 -0.30376862
 -0.30376862 -0.30376862  0.67178329 -0.30376862 -0.30376862 -0.30376862
 -0.30376862 -0.30376862 -0.30376862 -0.30376862 -0.30376862 -0.30376862
 -0.30376862 -0.30376862 -0.30376862 -0.30376862 -0.30376862 -0.30376862
 -0.30376862 -0.30376862 -0.30376862 -0.30376862  0.71609421 -0.30376862
 -0.30376862 -0.30376862 -0.30376862 -0.30376862  2.67725411 -0.30376862
  2.91856369 -0.30376862  1.32775536  1.93574348  0.45359892  0.60446045
 -0.30376862 -0.30376862 -0.30376862 -0.30376862 -0.30376862 -0.30376862
  0.50578842 -0.30376862 -0.30376862 -0.30376862 -0.30376862 -0.30376862
 -0.30376862 -0.30376862 -0.30376862 -0.30376862 -0.30376862 -0.30376862
 -0.30376862 -0.30376862 -0.30376862 -0.30376862  2.88821409 -0.30376862
 -0.30376862 -0.30376862 -0.30376862 -0.30376862 -0.30376862  0.86624821
 -0.30376862 -0.30376862 -0.30376862 -0.30376862 -0.30376862  2.48961411
  2.71486788  0.75282427 -0.30376862  1.84672862  2.54907522 -0.30376862
 -0.30376862 -0.30376862 -0.30376862 -0.30376862  2.92895583 -0.30376862
  2.53966033  3.57290464  2.92817523  0.14967096  1.80581921  5.83694194
 -0.30376862  0.22909123  1.06571555  1.06571555  4.31997644  1.76120953
 -0.30376862  4.41552842 -0.30376862 -0.30376862  0.85934538  3.62219803
  0.72227932  0.8261584  -0.30376862 -0.30376862 -0.30376862 -0.30376862
 -0.30376862 -0.30376862 -0.30376862 -0.30376862 -0.30376862 -0.30376862
 -0.30376862 -0.30376862  0.17331651 -0.30376862 -0.30376862 -0.30376862
 -0.30376862 -0.30376862 -0.30376862 -0.30376862 -0.30376862 -0.30376862
 -0.30376862 -0.30376862 -0.30376862  2.65870155 -0.30376862 -0.30376862
 -0.30376862 -0.30376862 -0.30376862 -0.30376862 -0.30376862 -0.30376862
  3.78866685  2.46719933 -0.30376862 -0.30376862  2.71086265  2.73912767
 -0.30376862 -0.30376862 -0.30376862 -0.30376862  3.74327607 -0.30376862
  1.06571555 -0.30376862 -0.30376862 -0.16617484 -0.30376862 -0.30376862
 -0.30376862 -0.30376862 -0.30376862 -0.30376862 -0.30376862  4.45218558
 -0.30376862 -0.30376862 -0.30376862 -0.30376862 -0.30376862 -0.30376862
 -0.30376862 -0.30376862  1.93574348 -0.30376862  0.39409159  1.03359031
 -0.30376862 -0.30376862 -0.30376862 -0.30376862  0.45359892 -0.30376862
 -0.30376862 -0.30376862 -0.30376862 -0.30376862 -0.30376862 -0.30376862
 -0.30376862 -0.30376862 -0.30376862  1.06571555 -0.30376862 -0.30376862
 -0.30376862 -0.30376862 -0.30376862 -0.30376862 -0.30376862 -0.30376862
 -0.30376862 -0.30376862  2.18295285 -0.30376862 -0.30376862  1.54638589
 -0.30376862 -0.30376862 -0.30376862 -0.30376862 -0.30376862 -0.30376862
 -0.30376862 -0.30376862 -0.30376862 -0.30376862 -0.30376862 -0.30376862
 -0.30376862 -0.30376862  0.6459962  -0.30376862  2.39569144  1.93574348
 -0.30376862 -0.30376862 -0.30376862 -0.30376862 -0.30376862 -0.30376862
 -0.30376862  0.30014823 -0.30376862 -0.30376862 -0.30376862 -0.30376862
 -0.30376862 -0.30376862 -0.30376862 -0.30376862 -0.30376862 -0.30376862
 -0.30376862 -0.30376862 -0.30376862 -0.30376862 -0.30376862 -0.30376862
 -0.30376862 -0.30376862  1.45234786 -0.30376862 -0.30376862 -0.30376862
 -0.30376862 -0.30376862 -0.30376862 -0.30376862 -0.30376862 -0.30376862
 -0.30376862 -0.30376862 -0.30376862 -0.30376862 -0.30376862 -0.30376862
 -0.30376862 -0.30376862 -0.30376862 -0.30376862 -0.30376862 -0.30376862
 -0.30376862 -0.30376862 -0.30376862 -0.30376862 -0.30376862 -0.30376862
 -0.30376862 -0.30376862 -0.30376862 -0.30376862 -0.30376862 -0.30376862
 -0.30376862 -0.30376862 -0.30376862 -0.30376862 -0.30376862  3.02905312
 -0.30376862 -0.30376862 -0.30376862 -0.30376862 -0.30376862 -0.30376862
 -0.30376862 -0.30376862 -0.30376862 -0.30376862 -0.30376862 -0.30376862
 -0.30376862 -0.30376862 -0.30376862 -0.30376862 -0.30376862 -0.30376862
  1.5985754  -0.30376862 -0.30376862 -0.30376862 -0.30376862 -0.30376862
 -0.30376862 -0.30376862 -0.30376862 -0.30376862 -0.30376862 -0.30376862
 -0.30376862 -0.30376862 -0.30376862 -0.30376862 -0.30376862 -0.30376862
 -0.30376862 -0.30376862 -0.30376862 -0.30376862 -0.30376862 -0.30376862
 -0.30376862 -0.30376862 -0.30376862  4.43228574  0.7749101  -0.30376862
 -0.30376862 -0.30376862 -0.30376862 -0.30376862 -0.30376862 -0.30376862
 -0.30376862 -0.30376862 -0.30376862 -0.30376862 -0.30376862 -0.30376862
 -0.30376862 -0.30376862 -0.30376862 -0.30376862 -0.30376862 -0.30376862
 -0.30376862 -0.30376862 -0.30376862 -0.30376862 -0.30376862 -0.30376862
 -0.30376862 -0.30376862 -0.30376862 -0.30376862 -0.30376862 -0.30376862
 -0.30376862 -0.30376862 -0.30376862 -0.30376862 -0.30376862 -0.30376862
 -0.30376862 -0.30376862 -0.30376862 -0.30376862 -0.30376862 -0.30376862
 -0.30376862 -0.30376862  3.00316155 -0.30376862 -0.30376862 -0.30376862
 -0.30376862 -0.30376862 -0.30376862 -0.30376862 -0.30376862 -0.30376862
 -0.30376862 -0.30376862 -0.30376862 -0.30376862 -0.30376862 -0.30376862
 -0.30376862 -0.30376862 -0.30376862 -0.30376862 -0.30376862 -0.30376862
 -0.30376862 -0.30376862 -0.30376862 -0.30376862 -0.30376862 -0.30376862
 -0.30376862 -0.30376862 -0.30376862 -0.30376862 -0.30376862 -0.30376862
 -0.30376862 -0.30376862 -0.30376862 -0.30376862 -0.30376862 -0.30376862
 -0.30376862 -0.30376862 -0.30376862 -0.30376862 -0.30376862 -0.30376862
 -0.30376862 -0.30376862 -0.30376862 -0.30376862 -0.30376862 -0.30376862
 -0.30376862 -0.30376862 -0.30376862 -0.30376862 -0.30376862 -0.30376862
 -0.30376862 -0.30376862 -0.30376862 -0.30376862 -0.30376862 -0.30376862
 -0.30376862 -0.30376862 -0.30376862 -0.30376862 -0.30376862 -0.30376862
 -0.30376862 -0.30376862 -0.30376862 -0.30376862 -0.30376862 -0.30376862
 -0.30376862 -0.30376862 -0.30376862 -0.30376862 -0.30376862 -0.30376862
 -0.30376862 -0.30376862 -0.30376862  0.72227932 -0.30376862 -0.30376862
 -0.30376862 -0.30376862 -0.30376862 -0.30376862 -0.30376862 -0.30376862
 -0.30376862 -0.30376862 -0.30376862 -0.30376862 -0.30376862 -0.30376862
 -0.30376862 -0.30376862 -0.30376862 -0.30376862  1.93574348 -0.30376862
 -0.30376862  3.16451862  0.86624821 -0.30376862 -0.30376862 -0.30376862
 -0.30376862 -0.30376862 -0.30376862 -0.30376862 -0.30376862 -0.30376862
 -0.30376862 -0.30376862 -0.30376862 -0.30376862 -0.30376862 -0.30376862
 -0.30376862 -0.30376862 -0.30376862 -0.05655925 -0.30376862 -0.30376862
 -0.30376862 -0.30376862 -0.30376862 -0.30376862  0.14967096 -0.30376862
 -0.30376862 -0.30376862 -0.30376862 -0.30376862]",[0.005213549017497043]
1,"[-4.06289879e-01 -4.06289879e-01 -4.06289879e-01 -4.06289879e-01
 -4.06289879e-01 -4.06289879e-01 -4.06289879e-01 -4.06289879e-01
 -4.06289879e-01 -4.06289879e-01 -4.06289879e-01 -4.06289879e-01
 -4.06289879e-01 -4.06289879e-01 -4.06289879e-01 -4.06289879e-01
 -4.06289879e-01 -4.06289879e-01 -4.06289879e-01  9.71985688e-01
 -4.06289879e-01 -4.06289879e-01  1.43824368e+00 -4.06289879e-01
 -4.06289879e-01 -4.06289879e-01 -4.06289879e-01 -4.06289879e-01
 -4.06289879e-01 -4.06289879e-01 -4.06289879e-01 -4.06289879e-01
 -4.06289879e-01 -4.06289879e-01 -4.06289879e-01 -4.06289879e-01
 -4.06289879e-01 -4.06289879e-01 -4.06289879e-01 -4.06289879e-01
 -4.06289879e-01 -4.06289879e-01 -4.06289879e-01 -4.06289879e-01
 -4.06289879e-01 -4.06289879e-01 -4.06289879e-01 -4.06289879e-01
 -4.06289879e-01 -4.06289879e-01 -4.06289879e-01 -4.06289879e-01
  1.43824368e+00  9.71985688e-01 -4.06289879e-01 -4.06289879e-01
 -4.06289879e-01 -4.06289879e-01 -4.06289879e-01 -4.06289879e-01
 -4.06289879e-01 -4.06289879e-01 -4.06289879e-01 -4.06289879e-01
 -4.06289879e-01 -4.06289879e-01 -4.06289879e-01 -4.06289879e-01
 -4.06289879e-01  2.23523692e+00 -4.06289879e-01 -4.06289879e-01
 -4.06289879e-01 -4.06289879e-01 -4.06289879e-01 -4.06289879e-01
 -4.06289879e-01 -4.06289879e-01 -4.06289879e-01 -4.06289879e-01
 -4.06289879e-01 -4.06289879e-01 -4.06289879e-01 -4.06289879e-01
 -4.06289879e-01  6.83760156e-01  4.46272286e+00  4.62304499e+00
 -4.06289879e-01  4.40827905e+00 -4.06289879e-01 -4.06289879e-01
 -4.06289879e-01 -4.06289879e-01  1.36406342e+00  4.06057773e-01
  8.31738433e-01 -4.06289879e-01  4.11702862e+00  2.05646560e+00
 -4.06289879e-01 -4.06289879e-01 -4.06289879e-01 -4.06289879e-01
  1.78433334e+00 -4.06289879e-01 -4.06289879e-01 -4.06289879e-01
  7.21660937e-01 -4.06289879e-01 -4.06289879e-01  1.43824368e+00
 -4.06289879e-01 -4.06289879e-01 -4.06289879e-01 -4.06289879e-01
 -4.06289879e-01 -4.06289879e-01  3.15237447e+00  1.56674673e+00
 -4.06289879e-01 -4.06289879e-01 -4.06289879e-01 -4.06289879e-01
  1.61586322e+00 -2.12971221e-01  2.62533833e+00 -4.06289879e-01
  3.20319934e+00 -4.06289879e-01 -4.06289879e-01 -4.06289879e-01
  8.32252860e-03 -4.06289879e-01 -2.80979653e-03  3.19296921e+00
  3.08444729e+00  9.71985688e-01  5.57373280e-01 -4.06289879e-01
 -4.06289879e-01 -4.06289879e-01 -4.06289879e-01 -1.46361629e-01
  6.39575644e-01 -4.06289879e-01 -4.06289879e-01 -4.06289879e-01
 -4.06289879e-01 -4.06289879e-01 -4.06289879e-01  3.88104235e+00
 -4.06289879e-01  4.61183152e+00  4.36020233e+00 -4.06289879e-01
  3.48193643e-01 -4.06289879e-01  8.37992372e-01 -4.06289879e-01
 -4.06289879e-01  2.92504117e+00 -4.06289879e-01  3.21642317e+00
  1.49932577e+00  1.24673924e+00  2.37133738e+00  2.73460893e+00
 -4.06289879e-01  3.05208705e-01 -4.06289879e-01 -4.06289879e-01
 -4.06289879e-01 -4.06289879e-01 -4.06289879e-01 -4.06289879e-01
 -4.06289879e-01 -4.06289879e-01 -4.06289879e-01 -4.06289879e-01
 -4.06289879e-01 -4.06289879e-01 -4.06289879e-01 -4.06289879e-01
 -4.06289879e-01 -4.06289879e-01 -4.06289879e-01 -4.06289879e-01
 -4.06289879e-01 -4.06289879e-01 -4.06289879e-01 -4.06289879e-01
 -4.06289879e-01 -4.06289879e-01 -4.06289879e-01 -4.06289879e-01
 -4.06289879e-01 -4.06289879e-01 -4.06289879e-01 -4.06289879e-01
 -4.06289879e-01 -4.06289879e-01 -4.06289879e-01 -4.06289879e-01
 -4.06289879e-01 -4.06289879e-01 -4.06289879e-01  1.72646921e+00
 -4.06289879e-01 -4.06289879e-01  9.11152903e-02 -4.06289879e-01
 -4.06289879e-01 -4.06289879e-01 -4.06289879e-01 -4.06289879e-01
 -4.06289879e-01 -4.06289879e-01 -4.06289879e-01 -4.06289879e-01
 -4.06289879e-01  1.29449195e+00 -4.06289879e-01 -1.33473619e-02
 -4.06289879e-01 -4.06289879e-01 -4.06289879e-01 -4.06289879e-01
 -4.06289879e-01 -4.06289879e-01 -4.06289879e-01 -4.06289879e-01
 -4.06289879e-01 -4.06289879e-01 -4.06289879e-01 -4.06289879e-01
 -4.06289879e-01 -4.06289879e-01 -4.06289879e-01 -4.06289879e-01
 -4.06289879e-01 -4.06289879e-01 -4.06289879e-01 -4.06289879e-01
  4.65323725e-01 -4.06289879e-01 -4.06289879e-01 -4.06289879e-01
 -4.06289879e-01 -4.06289879e-01 -4.06289879e-01 -4.06289879e-01
 -4.06289879e-01 -4.06289879e-01 -4.06289879e-01  1.16054130e+00
 -4.06289879e-01 -4.06289879e-01 -4.06289879e-01 -4.06289879e-01
 -4.06289879e-01 -4.06289879e-01 -4.06289879e-01 -4.06289879e-01
 -4.06289879e-01 -4.06289879e-01  1.93564885e+00 -4.06289879e-01
 -4.06289879e-01 -4.06289879e-01 -4.06289879e-01 -4.06289879e-01
 -4.06289879e-01 -4.06289879e-01 -4.06289879e-01 -4.06289879e-01
 -4.06289879e-01 -4.06289879e-01 -4.06289879e-01 -4.06289879e-01
 -4.06289879e-01 -4.06289879e-01 -4.06289879e-01 -4.06289879e-01
 -4.06289879e-01 -4.06289879e-01 -4.06289879e-01 -4.06289879e-01
 -4.06289879e-01 -4.06289879e-01  4.74580519e-01 -4.06289879e-01
  8.84708281e-01 -4.06289879e-01 -4.06289879e-01 -4.06289879e-01
 -4.06289879e-01  1.16054130e+00  1.64185320e+00 -4.06289879e-01
  1.54923576e+00 -4.06289879e-01  3.68450269e+00  1.93564885e+00
 -4.06289879e-01  4.61256789e-01 -4.06289879e-01 -4.06289879e-01
 -4.06289879e-01 -4.06289879e-01  7.21660937e-01 -4.06289879e-01
  1.40049448e-01 -4.06289879e-01 -4.06289879e-01 -4.06289879e-01
 -4.06289879e-01 -4.06289879e-01 -4.06289879e-01  1.43824368e+00
 -4.06289879e-01 -4.06289879e-01 -4.06289879e-01 -4.06289879e-01
 -4.06289879e-01 -4.06289879e-01 -4.06289879e-01 -4.06289879e-01
  1.53657697e+00 -4.06289879e-01 -4.06289879e-01 -4.06289879e-01
  1.04820941e+00  1.78433334e+00  1.43824368e+00  9.71985688e-01
 -4.06289879e-01  1.26899893e-01 -4.06289879e-01  9.71985688e-01
 -4.06289879e-01  1.37374109e+00  1.31185680e+00  7.62490521e-01
 -4.06289879e-01  1.52103644e+00  1.14254257e+00 -4.06289879e-01
 -4.06289879e-01 -4.06289879e-01 -4.06289879e-01 -4.06289879e-01
  2.24312218e+00 -4.06289879e-01 -4.06289879e-01  9.00425337e-01
  3.02012876e+00 -3.28225854e-02  6.32114574e-01  2.47175288e+00
 -4.06289879e-01  5.13902379e-01  1.68490035e-01 -4.06289879e-01
  2.57915572e+00  2.17502166e-01 -4.06289879e-01  1.32547185e+00
 -4.06289879e-01  1.43824368e+00  6.96864906e-01  2.22476494e+00
 -4.06289879e-01  3.75966704e-01 -4.06289879e-01 -4.06289879e-01
 -4.06289879e-01 -4.06289879e-01 -4.06289879e-01 -4.06289879e-01
 -4.06289879e-01 -4.06289879e-01 -4.06289879e-01 -4.06289879e-01
 -4.06289879e-01 -4.06289879e-01 -1.84996130e-01 -4.06289879e-01
 -4.06289879e-01 -4.06289879e-01 -4.06289879e-01 -4.06289879e-01
 -4.06289879e-01 -4.06289879e-01 -4.06289879e-01 -4.06289879e-01
 -4.06289879e-01 -4.06289879e-01 -4.06289879e-01  2.89073445e+00
 -4.06289879e-01  2.87269239e+00 -4.06289879e-01 -4.06289879e-01
  1.43824368e+00 -4.06289879e-01  6.32114574e-01 -4.06289879e-01
  1.97189541e+00  2.97518035e+00 -4.06289879e-01 -4.06289879e-01
  1.70648424e+00 -4.06289879e-01 -4.06289879e-01  5.57373280e-01
 -4.06289879e-01 -4.06289879e-01  3.25904794e-02 -4.06289879e-01
  2.77665384e+00 -4.06289879e-01  7.21660937e-01  1.30528776e+00
  5.57373280e-01  1.33123390e+00 -1.38361837e-01 -4.06289879e-01
 -4.06289879e-01 -4.06289879e-01 -4.06289879e-01  4.68920150e+00
 -4.06289879e-01 -4.06289879e-01 -4.06289879e-01 -4.06289879e-01
 -4.06289879e-01  1.43824368e+00 -4.06289879e-01 -4.06289879e-01
 -4.06289879e-01 -4.06289879e-01 -4.06289879e-01  3.42892242e-01
 -4.06289879e-01 -4.06289879e-01 -4.06289879e-01 -4.06289879e-01
 -4.06289879e-01 -4.06289879e-01  7.21660937e-01 -4.06289879e-01
 -4.06289879e-01 -4.06289879e-01  4.65323725e-01 -4.06289879e-01
 -4.06289879e-01 -4.06289879e-01 -4.06289879e-01 -4.06289879e-01
 -4.06289879e-01 -4.06289879e-01 -4.06289879e-01 -4.06289879e-01
 -4.06289879e-01 -4.06289879e-01 -4.06289879e-01 -4.06289879e-01
 -4.06289879e-01 -4.06289879e-01  2.87269239e+00 -4.06289879e-01
 -4.06289879e-01  4.38795916e-01 -4.06289879e-01 -4.06289879e-01
 -4.06289879e-01 -4.06289879e-01 -4.06289879e-01 -4.06289879e-01
 -4.06289879e-01  4.38795916e-01  2.75591861e+00 -4.06289879e-01
  1.43824368e+00 -4.06289879e-01 -4.06289879e-01  5.14821508e+00
 -4.06289879e-01  3.10474478e+00  9.71985688e-01  2.78073464e+00
 -4.06289879e-01 -4.06289879e-01 -4.06289879e-01 -4.06289879e-01
 -4.06289879e-01 -4.06289879e-01 -4.06289879e-01  1.93564885e+00
 -4.06289879e-01 -4.06289879e-01 -4.06289879e-01 -4.06289879e-01
 -4.06289879e-01 -4.06289879e-01 -4.06289879e-01 -4.06289879e-01
 -4.06289879e-01 -4.06289879e-01 -4.06289879e-01 -4.06289879e-01
 -4.06289879e-01 -4.06289879e-01 -4.06289879e-01 -4.06289879e-01
 -4.06289879e-01 -4.06289879e-01  3.21256350e+00 -4.06289879e-01
 -4.06289879e-01 -4.06289879e-01 -4.06289879e-01 -4.06289879e-01
 -4.06289879e-01 -4.06289879e-01 -4.06289879e-01 -4.06289879e-01
 -4.06289879e-01 -4.06289879e-01 -4.06289879e-01 -4.06289879e-01
 -4.06289879e-01 -4.06289879e-01 -4.06289879e-01 -4.06289879e-01
 -4.06289879e-01 -4.06289879e-01 -4.06289879e-01 -4.06289879e-01
 -4.06289879e-01 -4.06289879e-01 -4.06289879e-01 -4.06289879e-01
 -4.06289879e-01 -4.06289879e-01 -4.06289879e-01 -4.06289879e-01
 -4.06289879e-01 -4.06289879e-01 -4.06289879e-01 -4.06289879e-01
 -4.06289879e-01 -4.06289879e-01 -4.06289879e-01 -4.06289879e-01
 -4.06289879e-01  2.07850809e+00 -4.06289879e-01 -4.06289879e-01
  4.53732895e-01 -4.06289879e-01 -4.06289879e-01 -4.06289879e-01
 -4.06289879e-01 -4.06289879e-01  2.45030206e+00 -4.06289879e-01
 -4.06289879e-01 -4.06289879e-01 -4.06289879e-01 -4.06289879e-01
 -4.06289879e-01 -4.06289879e-01 -4.06289879e-01  1.43824368e+00
  7.21660937e-01 -4.06289879e-01 -4.06289879e-01 -4.06289879e-01
 -4.06289879e-01 -4.06289879e-01 -4.06289879e-01 -4.06289879e-01
 -4.06289879e-01 -4.06289879e-01 -4.06289879e-01 -4.06289879e-01
 -4.06289879e-01  1.79099338e+00 -4.06289879e-01 -4.06289879e-01
 -4.06289879e-01 -4.06289879e-01 -4.06289879e-01 -4.06289879e-01
 -4.06289879e-01 -4.06289879e-01 -4.06289879e-01 -4.06289879e-01
 -4.06289879e-01 -4.06289879e-01  1.47243732e+00  2.85442003e+00
  1.37489677e+00 -4.06289879e-01 -4.06289879e-01 -4.06289879e-01
 -4.06289879e-01 -4.06289879e-01 -4.06289879e-01 -4.06289879e-01
 -4.06289879e-01 -4.06289879e-01 -4.06289879e-01 -4.06289879e-01
 -4.06289879e-01 -4.06289879e-01 -4.06289879e-01 -4.06289879e-01
 -4.06289879e-01 -4.06289879e-01 -4.06289879e-01 -4.06289879e-01
  1.43824368e+00 -4.06289879e-01 -4.06289879e-01 -4.06289879e-01
 -4.06289879e-01 -4.06289879e-01 -4.06289879e-01 -4.06289879e-01
 -4.06289879e-01 -4.06289879e-01 -4.06289879e-01 -4.06289879e-01
 -4.06289879e-01 -4.06289879e-01 -4.06289879e-01 -4.06289879e-01
  1.43824368e+00 -4.06289879e-01 -4.06289879e-01 -4.06289879e-01
 -4.06289879e-01 -4.06289879e-01  2.23523692e+00 -4.06289879e-01
 -4.06289879e-01 -4.06289879e-01  3.03253136e+00 -4.06289879e-01
 -4.06289879e-01 -4.06289879e-01 -4.06289879e-01  6.32114574e-01
 -4.06289879e-01 -4.06289879e-01 -4.06289879e-01  1.43824368e+00
 -4.06289879e-01 -4.06289879e-01  7.21660937e-01 -4.06289879e-01
 -4.06289879e-01 -4.06289879e-01  2.35861754e-01 -4.06289879e-01
 -4.06289879e-01 -4.06289879e-01 -4.06289879e-01  2.61818930e+00
 -4.06289879e-01 -4.06289879e-01 -4.06289879e-01  3.48193643e-01
  1.72646921e+00  3.48193643e-01  3.90302933e+00 -4.06289879e-01
 -4.06289879e-01 -4.06289879e-01 -4.06289879e-01 -4.06289879e-01
 -4.06289879e-01  1.23991373e+00 -4.06289879e-01 -4.06289879e-01
 -4.06289879e-01 -4.06289879e-01 -4.06289879e-01 -4.06289879e-01
 -4.06289879e-01 -4.06289879e-01 -4.06289879e-01 -4.06289879e-01
 -4.06289879e-01 -4.06289879e-01 -4.06289879e-01 -4.06289879e-01
 -4.06289879e-01 -4.06289879e-01 -4.06289879e-01 -4.06289879e-01
 -4.06289879e-01 -4.06289879e-01 -4.06289879e-01 -4.06289879e-01
 -4.06289879e-01 -4.06289879e-01 -4.06289879e-01 -4.06289879e-01
 -4.06289879e-01 -4.06289879e-01 -4.06289879e-01 -4.06289879e-01
 -4.06289879e-01 -4.06289879e-01 -4.06289879e-01  1.64185320e+00
 -4.06289879e-01 -4.06289879e-01 -4.06289879e-01 -4.06289879e-01
  5.57373280e-01  9.11152903e-02 -4.06289879e-01 -4.06289879e-01
 -4.06289879e-01 -4.06289879e-01 -4.06289879e-01 -4.06289879e-01
 -4.06289879e-01 -4.06289879e-01 -4.06289879e-01  4.38795916e-01
 -4.06289879e-01 -4.06289879e-01  4.13979885e-01 -4.06289879e-01
 -4.06289879e-01 -4.06289879e-01 -4.06289879e-01 -4.06289879e-01
 -4.06289879e-01 -4.06289879e-01 -4.06289879e-01 -4.06289879e-01
 -4.06289879e-01 -4.06289879e-01 -4.06289879e-01 -4.06289879e-01
 -4.06289879e-01 -4.06289879e-01 -4.06289879e-01  3.21642317e+00
 -4.06289879e-01  6.09959448e+00  3.94447006e+00 -4.06289879e-01
  3.90703367e-01 -4.06289879e-01 -4.06289879e-01 -4.06289879e-01
 -4.06289879e-01  1.68490035e-01 -4.06289879e-01 -4.06289879e-01
 -4.06289879e-01 -4.06289879e-01 -4.06289879e-01 -4.06289879e-01
 -4.06289879e-01 -4.06289879e-01 -4.06289879e-01 -4.06289879e-01
 -4.06289879e-01 -4.06289879e-01  1.99439725e+00 -4.06289879e-01
 -4.06289879e-01 -4.06289879e-01  2.00562709e+00  1.67682423e+00
  6.15134078e+00 -4.06289879e-01  1.72646921e+00 -4.06289879e-01
 -4.06289879e-01 -4.06289879e-01]",[0.017636534242970514]
1,"[-0.275034   -0.275034   -0.275034   -0.275034   -0.275034   -0.275034
 -0.275034   -0.275034   -0.275034   -0.275034   -0.275034   -0.275034
 -0.275034   -0.275034   -0.275034   -0.275034   -0.275034   -0.275034
 -0.275034   -0.275034   -0.275034   -0.275034   -0.275034   -0.275034
 -0.275034   -0.275034   -0.275034   -0.275034   -0.275034   -0.275034
 -0.275034   -0.275034   -0.275034   -0.275034   -0.275034   -0.275034
 -0.275034   -0.275034   -0.275034   -0.275034   -0.275034   -0.275034
 -0.275034   -0.275034   -0.275034   -0.275034   -0.275034   -0.275034
 -0.275034   -0.275034   -0.275034   -0.275034   -0.275034   -0.275034
 -0.275034   -0.275034   -0.275034   -0.275034   -0.275034   -0.275034
 -0.275034   -0.275034   -0.275034   -0.275034   -0.275034   -0.275034
 -0.275034   -0.275034   -0.275034   -0.275034   -0.275034   -0.275034
 -0.275034   -0.275034   -0.275034   -0.275034   -0.275034   -0.275034
 -0.275034   -0.275034   -0.275034   -0.275034   -0.275034   -0.275034
 -0.275034    4.36353012  1.73839983  3.79322719 -0.275034    3.94982456
  2.20606898 -0.275034   -0.275034   -0.275034   -0.06528833 -0.275034
 -0.275034   -0.275034    1.86656762  0.90983475 -0.275034   -0.275034
 -0.275034   -0.275034   -0.275034   -0.275034   -0.275034   -0.275034
 -0.275034   -0.275034   -0.275034   -0.275034   -0.275034   -0.275034
 -0.275034   -0.275034   -0.275034   -0.275034    6.46712857  7.15418651
 -0.275034    2.05018075  4.68717195 -0.275034    2.20606898  4.20012583
  1.76617869 -0.275034    7.11525371 -0.275034   -0.275034   -0.275034
 -0.275034   -0.275034   -0.275034    0.05098046  4.97809594 -0.275034
 -0.275034   -0.275034   -0.275034   -0.275034   -0.275034    1.94082126
  1.75894046 -0.275034   -0.275034   -0.275034   -0.275034   -0.275034
 -0.275034    3.61886614 -0.275034    3.56740016 -0.275034   -0.275034
 -0.275034   -0.275034    0.31897485 -0.275034   -0.275034    1.48390678
 -0.275034    4.75530095  3.24731669 -0.275034   -0.275034    3.60862874
 -0.275034    0.37238409 -0.275034   -0.275034   -0.275034   -0.275034
 -0.275034   -0.275034   -0.275034   -0.275034   -0.275034   -0.275034
 -0.275034   -0.275034   -0.275034   -0.275034   -0.275034   -0.275034
 -0.275034   -0.275034   -0.275034   -0.275034   -0.275034   -0.275034
 -0.275034   -0.275034   -0.275034   -0.275034   -0.275034   -0.275034
 -0.275034   -0.275034   -0.275034   -0.275034   -0.275034   -0.275034
 -0.275034   -0.275034   -0.275034   -0.275034   -0.275034    0.01425255
 -0.275034   -0.275034   -0.275034   -0.275034   -0.275034   -0.275034
 -0.275034   -0.275034   -0.275034   -0.275034   -0.275034   -0.275034
 -0.275034   -0.275034   -0.275034   -0.275034   -0.275034   -0.275034
 -0.275034   -0.275034   -0.275034   -0.275034   -0.275034   -0.275034
 -0.275034   -0.275034   -0.275034   -0.275034   -0.275034   -0.275034
 -0.275034   -0.275034   -0.275034   -0.275034    0.46904245 -0.275034
 -0.275034   -0.275034   -0.275034   -0.275034   -0.275034   -0.275034
 -0.275034   -0.275034   -0.275034   -0.275034   -0.275034   -0.275034
  0.73983033 -0.275034   -0.275034   -0.275034   -0.275034   -0.275034
 -0.275034   -0.275034   -0.275034   -0.275034   -0.275034   -0.275034
 -0.275034   -0.275034   -0.275034   -0.275034   -0.275034   -0.275034
 -0.275034   -0.275034   -0.275034   -0.275034   -0.275034   -0.275034
 -0.275034   -0.275034   -0.275034   -0.275034   -0.275034   -0.275034
 -0.275034   -0.275034   -0.275034   -0.275034    0.14108038 -0.275034
 -0.275034   -0.275034   -0.275034   -0.275034   -0.275034   -0.275034
  1.05671605 -0.275034   -0.21622838  1.02120023 -0.275034   -0.18692118
 -0.275034   -0.275034   -0.275034   -0.275034   -0.275034   -0.275034
  0.77813668 -0.275034   -0.275034   -0.275034   -0.275034   -0.275034
 -0.275034   -0.275034   -0.275034   -0.275034   -0.275034   -0.275034
 -0.275034   -0.275034   -0.275034   -0.275034    1.99843495 -0.275034
 -0.275034   -0.275034   -0.275034   -0.275034   -0.275034   -0.275034
 -0.275034   -0.275034   -0.275034   -0.275034   -0.275034    2.23375939
  1.15936521  0.04877616 -0.275034    1.53486363  4.92650257  1.57890008
 -0.275034   -0.275034   -0.275034   -0.275034    2.74226511 -0.275034
  1.57890008  3.00649274  2.47994645  0.81766403 -0.275034    7.52263612
 -0.275034   -0.275034    0.49810898  1.57890008  4.45722387  0.22732109
 -0.275034    4.84177371 -0.275034   -0.275034    0.69207695  2.59955674
  0.44216561 -0.275034   -0.275034   -0.275034   -0.275034   -0.275034
 -0.275034   -0.275034   -0.275034   -0.275034   -0.275034   -0.275034
 -0.275034   -0.275034   -0.275034   -0.275034   -0.275034   -0.275034
 -0.275034   -0.275034   -0.275034   -0.275034   -0.275034   -0.275034
 -0.275034   -0.275034   -0.275034    1.31767827 -0.275034   -0.275034
 -0.275034   -0.275034   -0.275034   -0.275034   -0.275034   -0.275034
  5.31620558  2.05217697 -0.275034   -0.275034    1.68587037 -0.275034
 -0.275034    0.14450088 -0.275034   -0.275034    0.06168066 -0.275034
 -0.275034   -0.275034   -0.275034    0.41723186 -0.275034   -0.275034
 -0.275034    2.59376441  3.09611949 -0.275034   -0.275034    5.87158331
 -0.275034   -0.275034   -0.275034   -0.275034   -0.275034   -0.275034
  1.75117407  0.25351743 -0.275034   -0.275034    0.49810898  0.37765915
 -0.275034   -0.275034   -0.275034   -0.275034   -0.275034   -0.275034
  1.24218542 -0.275034   -0.275034   -0.275034   -0.275034   -0.275034
 -0.275034   -0.275034   -0.275034   -0.275034   -0.275034   -0.275034
 -0.275034   -0.275034   -0.275034   -0.275034   -0.275034   -0.275034
 -0.275034   -0.275034   -0.275034   -0.275034   -0.275034    1.77470883
 -0.275034   -0.275034   -0.275034   -0.275034   -0.275034   -0.275034
 -0.275034   -0.275034    2.20606898 -0.275034    2.20606898 -0.275034
 -0.275034   -0.275034    5.48723046 -0.275034    0.44216561 -0.275034
 -0.275034   -0.275034    0.90983475 -0.275034    1.57890008 -0.275034
 -0.275034   -0.275034   -0.275034   -0.275034   -0.275034   -0.275034
 -0.275034   -0.275034   -0.275034   -0.275034   -0.275034   -0.275034
 -0.275034   -0.275034   -0.275034   -0.275034   -0.275034   -0.275034
 -0.275034   -0.275034   -0.275034   -0.275034   -0.275034   -0.275034
 -0.275034   -0.275034    1.24218542 -0.275034   -0.275034   -0.275034
 -0.275034   -0.275034   -0.275034   -0.275034   -0.275034   -0.275034
 -0.275034   -0.275034   -0.275034   -0.275034   -0.275034   -0.275034
 -0.275034   -0.275034   -0.275034   -0.275034   -0.275034   -0.275034
 -0.275034   -0.275034   -0.275034   -0.275034   -0.275034   -0.275034
 -0.275034   -0.275034   -0.275034   -0.275034   -0.275034    2.78318216
 -0.275034   -0.275034   -0.275034   -0.275034   -0.275034   -0.275034
 -0.275034   -0.275034   -0.275034   -0.275034   -0.275034   -0.275034
 -0.275034   -0.275034   -0.275034   -0.275034   -0.275034   -0.275034
 -0.275034   -0.275034   -0.275034   -0.275034   -0.275034   -0.275034
 -0.275034   -0.275034   -0.275034   -0.275034   -0.275034   -0.275034
 -0.275034   -0.275034   -0.275034   -0.275034   -0.275034   -0.275034
 -0.275034   -0.275034   -0.275034   -0.275034   -0.275034   -0.275034
 -0.275034   -0.275034   -0.275034    4.08580739 -0.275034   -0.275034
 -0.275034   -0.275034   -0.275034   -0.275034   -0.275034   -0.275034
 -0.275034   -0.275034   -0.275034   -0.275034   -0.275034   -0.275034
 -0.275034   -0.275034   -0.275034   -0.275034   -0.275034   -0.275034
 -0.275034   -0.275034   -0.275034   -0.275034   -0.275034   -0.275034
 -0.275034   -0.275034   -0.275034   -0.275034   -0.275034   -0.275034
 -0.275034   -0.275034   -0.275034   -0.275034   -0.275034   -0.275034
 -0.275034   -0.275034   -0.275034   -0.275034   -0.275034   -0.275034
 -0.275034   -0.275034    4.62463327 -0.275034   -0.275034   -0.275034
 -0.275034   -0.275034   -0.275034   -0.275034   -0.275034   -0.275034
 -0.275034   -0.275034   -0.275034   -0.275034   -0.275034   -0.275034
 -0.275034   -0.275034   -0.275034   -0.275034   -0.275034   -0.275034
 -0.275034   -0.275034   -0.275034   -0.275034   -0.275034   -0.275034
 -0.275034   -0.275034   -0.275034   -0.275034   -0.275034   -0.275034
 -0.275034   -0.275034   -0.275034   -0.275034   -0.275034   -0.275034
 -0.275034   -0.275034   -0.275034   -0.275034   -0.275034   -0.275034
 -0.275034   -0.275034   -0.275034   -0.275034   -0.275034   -0.275034
 -0.275034   -0.275034   -0.275034   -0.275034   -0.275034   -0.275034
 -0.275034   -0.275034   -0.275034   -0.275034   -0.275034   -0.275034
 -0.275034   -0.275034   -0.275034   -0.275034   -0.275034   -0.275034
 -0.275034   -0.275034   -0.275034   -0.275034    1.93929312 -0.275034
 -0.275034   -0.275034   -0.275034   -0.275034   -0.275034   -0.275034
 -0.275034   -0.275034   -0.275034    1.99843495 -0.275034   -0.275034
 -0.275034   -0.275034   -0.275034   -0.275034   -0.275034   -0.275034
 -0.275034   -0.275034   -0.275034   -0.275034   -0.275034   -0.275034
 -0.275034   -0.275034   -0.275034   -0.275034   -0.275034   -0.275034
 -0.275034   -0.275034   -0.275034   -0.275034   -0.275034   -0.275034
 -0.275034   -0.275034   -0.275034    0.49810898 -0.275034   -0.275034
 -0.275034   -0.275034   -0.275034   -0.275034   -0.275034   -0.275034
 -0.275034   -0.275034   -0.275034   -0.275034   -0.275034   -0.275034
 -0.275034   -0.275034   -0.275034   -0.275034   -0.275034   -0.275034
 -0.275034   -0.275034   -0.275034   -0.275034  ]",[-0.012139069117662937]
1,"[-0.3129398  -0.3129398  -0.3129398  -0.3129398  -0.3129398  -0.3129398
 -0.3129398  -0.3129398  -0.3129398  -0.3129398  -0.3129398  -0.3129398
 -0.3129398  -0.3129398  -0.3129398  -0.3129398  -0.3129398  -0.3129398
 -0.3129398  -0.3129398  -0.3129398  -0.3129398   1.67288829 -0.3129398
 -0.3129398   3.65871638 -0.3129398  -0.3129398   0.90141404 -0.3129398
 -0.3129398  -0.3129398  -0.3129398  -0.3129398  -0.3129398  -0.3129398
 -0.3129398  -0.3129398  -0.3129398  -0.3129398  -0.3129398  -0.3129398
 -0.3129398  -0.3129398  -0.3129398  -0.3129398  -0.3129398  -0.3129398
 -0.3129398  -0.3129398  -0.3129398  -0.3129398  -0.3129398  -0.3129398
 -0.3129398  -0.3129398  -0.3129398  -0.3129398  -0.3129398  -0.3129398
 -0.3129398  -0.3129398  -0.3129398  -0.3129398  -0.3129398   0.90141404
 -0.3129398  -0.3129398  -0.3129398  -0.3129398  -0.3129398  -0.3129398
 -0.3129398  -0.3129398   0.59688106 -0.3129398  -0.3129398  -0.3129398
 -0.3129398  -0.3129398  -0.3129398  -0.3129398  -0.3129398  -0.3129398
 -0.3129398   5.02560576  4.58211385  4.91415265 -0.3129398   5.62460314
 -0.3129398  -0.3129398  -0.3129398  -0.3129398   1.50463154  0.56163512
 -0.3129398  -0.3129398   0.85090116  0.13343265 -0.3129398  -0.3129398
 -0.3129398   2.20839557 -0.3129398  -0.3129398  -0.3129398  -0.3129398
 -0.3129398  -0.3129398  -0.3129398  -0.3129398  -0.3129398  -0.3129398
 -0.3129398  -0.3129398  -0.3129398  -0.3129398   4.16096052  3.262608
 -0.3129398   5.4645552  -0.3129398  -0.3129398   2.36219809  3.27513232
  2.065255    0.18903438  4.16060647 -0.3129398  -0.3129398  -0.3129398
 -0.3129398  -0.3129398  -0.3129398   0.14611521  5.2974355   6.29263023
  0.18903438 -0.3129398  -0.3129398  -0.3129398  -0.3129398   0.36094459
  0.20861341 -0.3129398  -0.3129398  -0.3129398  -0.3129398  -0.04343973
 -0.3129398   5.74062136 -0.3129398   5.69873088  3.32634364 -0.3129398
 -0.3129398  -0.3129398   0.12351452 -0.3129398  -0.3129398   5.50602814
 -0.3129398   3.56503983  3.96042068 -0.3129398  -0.3129398  -0.3129398
 -0.3129398  -0.3129398  -0.3129398  -0.3129398  -0.3129398  -0.3129398
 -0.3129398  -0.3129398  -0.3129398  -0.3129398  -0.3129398  -0.3129398
 -0.3129398  -0.3129398  -0.3129398  -0.3129398  -0.3129398  -0.3129398
 -0.3129398  -0.3129398  -0.3129398  -0.3129398  -0.3129398  -0.3129398
 -0.3129398  -0.3129398  -0.3129398  -0.3129398  -0.3129398  -0.3129398
 -0.3129398  -0.3129398  -0.3129398  -0.3129398  -0.3129398  -0.3129398
 -0.3129398  -0.3129398  -0.3129398  -0.3129398  -0.3129398   1.67288829
  1.03484578 -0.3129398  -0.3129398  -0.3129398  -0.3129398  -0.3129398
 -0.3129398  -0.3129398  -0.3129398  -0.3129398  -0.3129398  -0.3129398
 -0.3129398  -0.3129398  -0.3129398  -0.3129398  -0.3129398  -0.3129398
 -0.3129398  -0.3129398  -0.3129398  -0.3129398  -0.3129398  -0.3129398
 -0.3129398  -0.3129398  -0.3129398  -0.3129398  -0.3129398  -0.3129398
 -0.3129398  -0.3129398  -0.3129398  -0.3129398   1.39265074 -0.3129398
 -0.3129398  -0.3129398  -0.3129398  -0.3129398  -0.3129398  -0.3129398
 -0.3129398  -0.3129398  -0.3129398   0.90141404 -0.3129398  -0.3129398
 -0.3129398  -0.3129398  -0.3129398  -0.3129398  -0.3129398  -0.3129398
 -0.3129398   0.59688106 -0.3129398  -0.3129398  -0.3129398  -0.3129398
 -0.3129398  -0.3129398  -0.11947058 -0.3129398  -0.3129398  -0.3129398
 -0.3129398  -0.3129398  -0.3129398   0.90141404 -0.3129398  -0.3129398
 -0.3129398  -0.3129398  -0.3129398  -0.3129398  -0.3129398  -0.3129398
 -0.3129398  -0.3129398  -0.3129398  -0.3129398  -0.23475398 -0.3129398
 -0.3129398  -0.3129398  -0.3129398  -0.3129398   1.67288829 -0.3129398
  0.96015366 -0.3129398   0.41329356  2.38526796 -0.3129398   0.73239153
 -0.3129398  -0.3129398  -0.3129398  -0.3129398  -0.3129398  -0.3129398
 -0.04145897 -0.3129398  -0.3129398  -0.3129398  -0.3129398  -0.3129398
 -0.3129398  -0.3129398  -0.3129398  -0.3129398  -0.3129398  -0.3129398
 -0.3129398  -0.3129398  -0.3129398  -0.3129398   2.44664082 -0.3129398
 -0.3129398  -0.3129398   1.07981636 -0.3129398  -0.3129398   1.17091411
 -0.3129398  -0.3129398  -0.3129398  -0.3129398  -0.3129398   1.85346132
  0.38875385  0.11789116 -0.3129398   0.59688106  1.15609879 -0.3129398
 -0.3129398  -0.3129398  -0.3129398  -0.3129398   1.87825677 -0.3129398
 -0.3129398   0.87513164  2.02523974  0.72454166  0.42188446  3.88776022
 -0.3129398   1.22236884 -0.3129398  -0.3129398   3.25138707  0.56163512
 -0.3129398   1.50670192 -0.3129398   1.67288829  0.64120761  2.00309725
  0.26109325 -0.3129398  -0.3129398  -0.3129398  -0.3129398  -0.3129398
 -0.3129398  -0.3129398  -0.3129398  -0.3129398  -0.3129398  -0.3129398
 -0.3129398  -0.3129398   0.02284801 -0.3129398  -0.3129398  -0.3129398
 -0.3129398   1.67288829 -0.3129398   2.20839557 -0.3129398  -0.3129398
 -0.3129398  -0.3129398  -0.3129398   2.0511464  -0.3129398  -0.3129398
 -0.3129398  -0.3129398  -0.3129398  -0.3129398  -0.3129398  -0.3129398
  1.84854795  2.82527967 -0.3129398  -0.3129398   1.64496248 -0.3129398
 -0.3129398  -0.3129398  -0.3129398  -0.3129398  -0.16727513 -0.3129398
 -0.3129398  -0.3129398  -0.3129398   0.69588293 -0.3129398  -0.3129398
 -0.3129398  -0.3129398  -0.3129398  -0.3129398  -0.3129398   4.78112578
 -0.3129398  -0.3129398  -0.3129398  -0.3129398  -0.3129398  -0.3129398
 -0.3129398  -0.3129398   0.90141404 -0.3129398   0.90141404  0.2094635
 -0.3129398  -0.3129398  -0.3129398  -0.3129398  -0.3129398  -0.3129398
 -0.3129398  -0.3129398  -0.3129398  -0.3129398   0.62544095 -0.3129398
 -0.3129398  -0.3129398  -0.3129398   3.89524879  0.90141404 -0.3129398
 -0.3129398  -0.3129398  -0.3129398  -0.3129398  -0.3129398  -0.3129398
 -0.3129398  -0.3129398   3.58727947 -0.3129398  -0.3129398   2.58270915
 -0.3129398  -0.3129398   1.67288829 -0.3129398  -0.3129398  -0.3129398
 -0.3129398   0.59688106 -0.3129398  -0.3129398   3.81425713 -0.3129398
 -0.3129398  -0.3129398  -0.3129398  -0.3129398   1.01992367 -0.3129398
 -0.3129398  -0.3129398   0.42188446 -0.3129398  -0.3129398  -0.3129398
 -0.3129398  -0.3129398  -0.3129398  -0.3129398  -0.3129398  -0.3129398
 -0.3129398  -0.3129398  -0.3129398  -0.3129398  -0.3129398  -0.3129398
 -0.3129398  -0.3129398  -0.3129398  -0.3129398  -0.3129398  -0.3129398
 -0.3129398  -0.3129398   2.56009601 -0.3129398  -0.3129398  -0.3129398
 -0.3129398  -0.3129398  -0.3129398  -0.3129398  -0.3129398  -0.3129398
 -0.3129398  -0.3129398  -0.3129398  -0.3129398  -0.3129398  -0.3129398
 -0.3129398  -0.3129398  -0.3129398  -0.3129398  -0.3129398  -0.3129398
 -0.3129398  -0.3129398  -0.3129398  -0.3129398  -0.3129398  -0.3129398
  0.72454166 -0.3129398  -0.3129398  -0.3129398  -0.3129398  -0.3129398
 -0.3129398  -0.3129398  -0.3129398  -0.3129398  -0.3129398   3.09149945
 -0.3129398  -0.3129398  -0.3129398  -0.3129398  -0.3129398  -0.3129398
 -0.3129398  -0.3129398  -0.3129398  -0.3129398  -0.3129398  -0.3129398
 -0.3129398  -0.3129398  -0.3129398  -0.3129398  -0.3129398  -0.3129398
 -0.3129398  -0.3129398  -0.3129398  -0.3129398  -0.3129398  -0.3129398
 -0.3129398  -0.3129398  -0.3129398  -0.3129398  -0.3129398  -0.3129398
 -0.3129398  -0.3129398  -0.3129398  -0.3129398  -0.3129398  -0.3129398
 -0.3129398  -0.3129398  -0.3129398  -0.3129398  -0.3129398  -0.3129398
 -0.3129398  -0.3129398  -0.3129398   4.46239486  0.20524144 -0.3129398
 -0.3129398  -0.3129398  -0.3129398  -0.3129398  -0.3129398  -0.3129398
 -0.3129398  -0.3129398  -0.3129398  -0.3129398  -0.3129398  -0.3129398
 -0.3129398  -0.3129398  -0.3129398  -0.3129398  -0.3129398  -0.3129398
  1.67288829 -0.3129398  -0.3129398  -0.3129398  -0.3129398  -0.3129398
 -0.3129398  -0.3129398  -0.3129398  -0.3129398  -0.3129398  -0.3129398
 -0.3129398  -0.3129398  -0.3129398  -0.3129398  -0.3129398  -0.3129398
 -0.3129398  -0.3129398  -0.3129398  -0.3129398  -0.3129398  -0.3129398
 -0.3129398  -0.3129398   3.43922004 -0.3129398  -0.3129398  -0.3129398
 -0.3129398  -0.3129398  -0.3129398  -0.3129398  -0.3129398  -0.3129398
 -0.3129398  -0.3129398  -0.3129398  -0.3129398  -0.3129398  -0.3129398
 -0.3129398  -0.3129398  -0.3129398  -0.3129398  -0.3129398  -0.3129398
 -0.3129398  -0.3129398  -0.3129398  -0.3129398  -0.3129398  -0.3129398
 -0.3129398  -0.3129398  -0.3129398  -0.3129398  -0.3129398  -0.3129398
 -0.3129398  -0.3129398  -0.3129398  -0.3129398  -0.3129398  -0.3129398
 -0.3129398  -0.3129398  -0.3129398  -0.3129398  -0.3129398  -0.3129398
 -0.3129398  -0.3129398  -0.3129398  -0.3129398  -0.3129398  -0.3129398
 -0.3129398  -0.3129398  -0.3129398  -0.3129398  -0.3129398  -0.3129398
 -0.3129398  -0.3129398  -0.3129398  -0.3129398  -0.3129398  -0.3129398
 -0.3129398  -0.3129398  -0.3129398  -0.3129398  -0.3129398  -0.3129398
 -0.3129398  -0.3129398   1.17091411 -0.3129398   1.17091411 -0.3129398
 -0.3129398  -0.3129398  -0.3129398  -0.3129398  -0.3129398  -0.3129398
 -0.3129398  -0.3129398  -0.3129398  -0.3129398  -0.3129398  -0.3129398
 -0.3129398  -0.3129398  -0.3129398  -0.3129398  -0.3129398  -0.3129398
 -0.3129398  -0.3129398  -0.3129398  -0.3129398  -0.3129398  -0.3129398
 -0.3129398  -0.3129398  -0.3129398  -0.3129398   3.78539865  1.17091411
 -0.3129398   3.50909366  1.76202312 -0.3129398  -0.3129398  -0.3129398
 -0.3129398  -0.3129398  -0.3129398  -0.3129398  -0.3129398  -0.3129398
 -0.3129398  -0.3129398  -0.3129398  -0.3129398  -0.3129398  -0.3129398
 -0.3129398  -0.3129398  -0.3129398  -0.3129398  -0.3129398  -0.3129398
 -0.3129398  -0.3129398  -0.3129398  -0.3129398   5.21161745 -0.3129398
 -0.3129398  -0.3129398  -0.3129398  -0.3129398 ]",[-1.4376816199487803]
1,"[-2.47935720e-01 -2.47935720e-01 -2.47935720e-01 -2.47935720e-01
 -2.47935720e-01 -2.47935720e-01 -2.47935720e-01 -2.47935720e-01
 -2.47935720e-01 -2.47935720e-01 -2.47935720e-01 -2.47935720e-01
 -2.47935720e-01 -2.47935720e-01 -2.47935720e-01 -2.47935720e-01
 -2.47935720e-01 -2.47935720e-01 -2.47935720e-01  1.10616167e-01
 -2.47935720e-01 -2.47935720e-01 -2.47935720e-01 -2.47935720e-01
 -2.47935720e-01 -2.47935720e-01 -2.47935720e-01 -2.47935720e-01
 -2.47935720e-01 -2.47935720e-01 -2.47935720e-01 -2.47935720e-01
 -2.47935720e-01 -2.47935720e-01 -2.47935720e-01 -2.47935720e-01
 -2.47935720e-01 -2.47935720e-01 -2.47935720e-01 -2.47935720e-01
 -2.47935720e-01 -2.47935720e-01 -2.47935720e-01 -2.47935720e-01
 -2.47935720e-01 -2.47935720e-01 -2.47935720e-01 -2.47935720e-01
 -2.47935720e-01 -2.47935720e-01 -2.47935720e-01 -2.47935720e-01
 -2.47935720e-01 -2.47935720e-01 -2.47935720e-01 -2.47935720e-01
 -2.47935720e-01 -2.47935720e-01 -2.47935720e-01 -2.47935720e-01
 -2.47935720e-01 -2.47935720e-01 -2.47935720e-01 -2.47935720e-01
 -2.47935720e-01 -2.47935720e-01 -2.47935720e-01 -2.47935720e-01
 -2.47935720e-01 -2.47935720e-01 -2.47935720e-01 -2.47935720e-01
 -2.47935720e-01 -2.47935720e-01 -2.47935720e-01 -2.47935720e-01
 -2.47935720e-01 -2.47935720e-01 -2.47935720e-01 -2.47935720e-01
 -2.47935720e-01 -2.47935720e-01 -2.47935720e-01 -2.47935720e-01
 -2.47935720e-01 -2.47935720e-01  3.20916182e+00 -2.47935720e-01
 -2.47935720e-01  1.85578839e+00 -2.47935720e-01 -2.47935720e-01
 -2.47935720e-01 -2.47935720e-01  6.36299606e-01 -2.47935720e-01
 -2.47935720e-01 -2.47935720e-01 -2.47935720e-01  1.33702779e+00
 -2.47935720e-01 -2.47935720e-01 -2.47935720e-01 -2.47935720e-01
 -2.47935720e-01 -2.47935720e-01 -2.47935720e-01 -2.47935720e-01
 -2.47935720e-01 -2.47935720e-01 -2.47935720e-01 -2.47935720e-01
 -2.47935720e-01 -2.47935720e-01  3.51830151e-01 -2.47935720e-01
 -2.47935720e-01 -2.47935720e-01  4.13203274e+00 -2.47935720e-01
 -2.47935720e-01  3.18999224e+00 -2.47935720e-01 -2.47935720e-01
  2.56745897e+00 -2.47935720e-01  1.90147940e+00 -2.47935720e-01
  5.41135288e+00 -2.47935720e-01 -2.47935720e-01 -2.47935720e-01
 -2.47935720e-01 -2.47935720e-01 -2.47935720e-01  2.46421932e+00
  4.19130387e+00 -2.47935720e-01 -2.47935720e-01 -2.47935720e-01
 -2.47935720e-01 -2.47935720e-01 -2.47935720e-01  3.82600619e+00
  9.02942348e+00 -2.47935720e-01 -2.47935720e-01 -2.47935720e-01
 -2.47935720e-01  6.52906825e-01 -2.47935720e-01  4.73108359e+00
 -2.47935720e-01  5.78894688e+00  4.57868559e+00 -2.47935720e-01
 -2.47935720e-01 -2.47935720e-01  3.42206239e-01 -2.47935720e-01
 -2.47935720e-01  4.42753549e+00 -2.47935720e-01  3.42140861e+00
  3.10342044e+00 -2.47935720e-01 -2.47935720e-01  7.11933000e+00
 -2.47935720e-01  2.41926538e+00 -2.47935720e-01 -2.47935720e-01
 -2.47935720e-01 -2.47935720e-01 -2.47935720e-01 -2.47935720e-01
 -2.47935720e-01 -2.47935720e-01 -2.47935720e-01 -2.47935720e-01
 -2.47935720e-01 -2.47935720e-01 -2.47935720e-01 -2.47935720e-01
 -2.47935720e-01 -2.47935720e-01 -2.47935720e-01 -2.47935720e-01
 -2.47935720e-01 -2.47935720e-01 -2.47935720e-01 -2.47935720e-01
 -2.47935720e-01 -2.47935720e-01 -2.47935720e-01 -2.47935720e-01
 -2.47935720e-01 -2.47935720e-01 -2.47935720e-01 -2.47935720e-01
 -2.47935720e-01 -2.47935720e-01 -2.47935720e-01 -2.47935720e-01
 -2.47935720e-01 -2.47935720e-01 -2.47935720e-01 -2.47935720e-01
 -2.47935720e-01 -2.47935720e-01 -2.47935720e-01 -2.47935720e-01
 -2.47935720e-01 -2.47935720e-01 -2.47935720e-01 -2.47935720e-01
 -2.47935720e-01 -2.47935720e-01 -2.47935720e-01 -2.47935720e-01
 -2.47935720e-01 -2.47935720e-01 -2.47935720e-01 -2.47935720e-01
 -2.47935720e-01 -2.47935720e-01 -2.47935720e-01 -2.47935720e-01
 -2.47935720e-01 -2.47935720e-01 -2.47935720e-01 -2.47935720e-01
 -2.47935720e-01 -2.47935720e-01 -2.47935720e-01 -2.47935720e-01
 -2.47935720e-01 -2.47935720e-01 -2.47935720e-01 -2.47935720e-01
 -2.47935720e-01 -2.47935720e-01 -2.47935720e-01 -2.47935720e-01
 -2.47935720e-01 -2.47935720e-01 -2.47935720e-01 -2.47935720e-01
 -2.47935720e-01 -2.47935720e-01 -2.47935720e-01 -2.47935720e-01
 -2.47935720e-01 -2.47935720e-01 -2.47935720e-01 -2.47935720e-01
 -2.47935720e-01 -2.47935720e-01 -2.47935720e-01 -2.47935720e-01
 -2.47935720e-01 -2.47935720e-01 -2.47935720e-01 -2.47935720e-01
 -2.47935720e-01 -2.47935720e-01 -2.47935720e-01 -2.47935720e-01
 -2.47935720e-01 -2.47935720e-01 -2.47935720e-01 -2.47935720e-01
 -2.47935720e-01 -2.47935720e-01 -2.47935720e-01 -2.47935720e-01
 -2.47935720e-01 -2.47935720e-01 -2.47935720e-01 -2.47935720e-01
 -2.47935720e-01 -2.47935720e-01 -2.47935720e-01 -2.47935720e-01
 -2.47935720e-01 -2.47935720e-01 -2.47935720e-01 -2.47935720e-01
 -2.47935720e-01 -2.47935720e-01 -2.47935720e-01 -2.47935720e-01
  5.74232620e-02 -2.47935720e-01 -2.47935720e-01 -2.47935720e-01
 -2.47935720e-01  1.47370644e+00 -2.47935720e-01 -2.47935720e-01
  3.04325634e+00 -2.47935720e-01 -1.14400114e-03 -2.47935720e-01
 -2.47935720e-01  2.96108927e-02 -2.47935720e-01 -2.47935720e-01
 -2.47935720e-01 -2.47935720e-01 -2.47935720e-01 -2.47935720e-01
  2.41543789e-01 -2.47935720e-01 -2.47935720e-01 -2.47935720e-01
 -2.47935720e-01 -2.47935720e-01 -2.47935720e-01 -2.47935720e-01
 -2.47935720e-01 -2.47935720e-01 -2.47935720e-01 -2.47935720e-01
 -2.47935720e-01 -2.47935720e-01 -2.47935720e-01 -2.47935720e-01
  2.39533025e+00 -2.47935720e-01 -2.47935720e-01 -2.47935720e-01
 -2.47935720e-01 -2.47935720e-01 -2.47935720e-01 -2.47935720e-01
 -2.47935720e-01 -2.47935720e-01 -2.47935720e-01 -2.47935720e-01
 -2.47935720e-01  3.34351802e+00  3.51562097e+00  5.00958820e-01
 -2.47935720e-01  1.30395206e+00  3.63370861e+00 -2.47935720e-01
 -2.47935720e-01 -2.47935720e-01  2.56745897e+00 -2.47935720e-01
  5.52651715e+00 -2.47935720e-01  1.58149867e+00  3.22906775e+00
  2.00848517e+00 -2.47935720e-01  7.93856525e-01  8.15647591e+00
 -2.47935720e-01 -2.47935720e-01 -2.47935720e-01 -2.47935720e-01
  5.23725172e+00  1.85578839e+00 -2.47935720e-01  4.32149244e+00
 -2.47935720e-01  2.56745897e+00  1.34595983e+00  3.18069714e+00
  1.04195681e+00 -2.47935720e-01 -2.47935720e-01 -2.47935720e-01
 -2.47935720e-01 -2.47935720e-01 -2.47935720e-01 -2.47935720e-01
 -2.47935720e-01 -2.47935720e-01 -2.47935720e-01 -2.47935720e-01
 -2.47935720e-01 -2.47935720e-01 -6.69457448e-02 -2.47935720e-01
 -2.47935720e-01 -2.47935720e-01 -2.47935720e-01 -2.47935720e-01
 -2.47935720e-01 -2.47935720e-01 -2.47935720e-01 -2.47935720e-01
 -2.47935720e-01 -2.47935720e-01 -2.47935720e-01  2.05029994e+00
 -2.47935720e-01 -2.47935720e-01 -2.47935720e-01 -2.47935720e-01
 -2.47935720e-01 -2.47935720e-01 -2.47935720e-01 -2.47935720e-01
  4.17125315e+00  1.22890776e+00 -2.47935720e-01 -2.47935720e-01
  2.25736857e+00 -2.47935720e-01 -2.47935720e-01 -2.47935720e-01
 -2.47935720e-01 -2.47935720e-01  4.86326341e+00 -2.47935720e-01
  9.03666478e-01 -2.47935720e-01 -2.47935720e-01  1.33702779e+00
 -2.47935720e-01 -2.47935720e-01 -2.47935720e-01 -2.47935720e-01
 -2.47935720e-01 -2.47935720e-01 -2.47935720e-01  5.57463882e+00
 -2.47935720e-01 -2.47935720e-01 -2.47935720e-01 -2.47935720e-01
 -2.47935720e-01 -2.47935720e-01 -2.47935720e-01 -2.47935720e-01
 -2.47935720e-01 -2.47935720e-01 -2.47935720e-01 -1.46743154e-02
 -2.47935720e-01 -2.47935720e-01 -2.47935720e-01 -2.47935720e-01
 -2.47935720e-01 -2.47935720e-01 -2.47935720e-01 -2.47935720e-01
 -2.47935720e-01 -2.47935720e-01 -2.47935720e-01 -2.47935720e-01
 -2.47935720e-01 -2.47935720e-01 -2.47935720e-01 -2.47935720e-01
 -2.47935720e-01 -2.47935720e-01 -2.47935720e-01 -2.47935720e-01
 -2.47935720e-01 -2.47935720e-01 -2.47935720e-01 -2.47935720e-01
 -2.47935720e-01 -2.47935720e-01 -2.47935720e-01 -2.47935720e-01
 -2.47935720e-01 -2.47935720e-01 -2.47935720e-01 -2.47935720e-01
 -2.47935720e-01 -2.47935720e-01 -2.47935720e-01 -2.47935720e-01
 -2.47935720e-01 -2.47935720e-01 -2.47935720e-01 -2.47935720e-01
 -2.47935720e-01 -2.47935720e-01 -2.47935720e-01 -2.47935720e-01
  2.43464965e+00 -2.47935720e-01 -2.47935720e-01 -2.47935720e-01
 -2.47935720e-01 -2.47935720e-01 -2.47935720e-01 -2.47935720e-01
 -2.47935720e-01 -2.47935720e-01 -2.47935720e-01 -2.47935720e-01
  2.56745897e+00 -2.47935720e-01 -2.47935720e-01 -2.47935720e-01
 -2.47935720e-01 -2.47935720e-01 -2.47935720e-01 -2.47935720e-01
 -2.47935720e-01 -2.47935720e-01 -2.47935720e-01 -2.47935720e-01
 -2.47935720e-01 -2.47935720e-01 -2.47935720e-01 -2.47935720e-01
 -2.47935720e-01 -2.47935720e-01  2.70824877e-01 -2.47935720e-01
 -2.47935720e-01 -2.47935720e-01 -2.47935720e-01 -2.47935720e-01
 -2.47935720e-01 -2.47935720e-01 -2.47935720e-01 -2.47935720e-01
 -2.47935720e-01 -2.47935720e-01 -2.47935720e-01 -2.47935720e-01
 -2.47935720e-01 -2.47935720e-01 -2.47935720e-01 -2.47935720e-01
 -2.47935720e-01 -2.47935720e-01 -2.47935720e-01 -2.47935720e-01
 -2.47935720e-01 -2.47935720e-01 -2.47935720e-01 -2.47935720e-01
 -2.47935720e-01 -2.47935720e-01 -2.47935720e-01 -2.47935720e-01
 -2.47935720e-01 -2.47935720e-01 -2.47935720e-01 -2.47935720e-01
 -2.47935720e-01 -2.47935720e-01 -2.47935720e-01 -2.47935720e-01
 -2.47935720e-01  3.97110302e+00 -2.47935720e-01 -2.47935720e-01
 -2.47935720e-01 -2.47935720e-01 -2.47935720e-01 -2.47935720e-01
 -2.47935720e-01 -2.47935720e-01 -2.47935720e-01 -2.47935720e-01
 -2.47935720e-01 -2.47935720e-01 -2.47935720e-01 -2.47935720e-01
 -2.47935720e-01 -2.47935720e-01 -2.47935720e-01 -2.47935720e-01
 -2.47935720e-01 -2.47935720e-01 -2.47935720e-01 -2.47935720e-01
 -2.47935720e-01 -2.47935720e-01 -2.47935720e-01 -2.47935720e-01
 -2.47935720e-01 -2.47935720e-01 -2.47935720e-01 -2.47935720e-01
 -2.47935720e-01 -2.47935720e-01 -2.47935720e-01 -2.47935720e-01
 -2.47935720e-01 -2.47935720e-01 -2.47935720e-01 -2.47935720e-01
 -2.47935720e-01 -2.47935720e-01 -2.47935720e-01 -2.47935720e-01
 -2.47935720e-01 -2.47935720e-01  2.28125234e-01  2.73310087e+00
 -2.47935720e-01 -2.47935720e-01 -2.47935720e-01 -2.47935720e-01
 -2.47935720e-01 -2.47935720e-01 -2.47935720e-01 -2.47935720e-01
 -2.47935720e-01 -2.47935720e-01 -2.47935720e-01 -2.47935720e-01
 -2.47935720e-01 -2.47935720e-01 -2.47935720e-01 -2.47935720e-01
 -2.47935720e-01 -2.47935720e-01 -2.47935720e-01 -2.47935720e-01
 -2.47935720e-01 -2.47935720e-01 -2.47935720e-01 -2.47935720e-01
 -2.47935720e-01 -2.47935720e-01 -2.47935720e-01 -2.47935720e-01
 -2.47935720e-01 -2.47935720e-01 -2.47935720e-01 -2.47935720e-01
 -2.47935720e-01 -2.47935720e-01 -2.47935720e-01 -2.47935720e-01
 -2.47935720e-01 -2.47935720e-01 -2.47935720e-01 -2.47935720e-01
 -2.47935720e-01 -2.47935720e-01 -2.47935720e-01 -2.47935720e-01
 -2.47935720e-01 -2.47935720e-01 -1.28024379e-01 -2.47935720e-01
 -2.47935720e-01 -2.47935720e-01 -2.47935720e-01 -2.47935720e-01
 -2.47935720e-01 -2.47935720e-01 -2.47935720e-01 -2.47935720e-01
 -2.47935720e-01 -2.47935720e-01 -2.47935720e-01 -2.47935720e-01
 -2.47935720e-01 -2.47935720e-01 -2.47935720e-01 -2.47935720e-01
 -2.47935720e-01 -2.47935720e-01 -2.47935720e-01 -2.47935720e-01
 -2.47935720e-01 -2.47935720e-01 -2.47935720e-01 -2.47935720e-01
 -2.47935720e-01 -2.47935720e-01 -2.47935720e-01 -2.47935720e-01
 -2.47935720e-01 -2.47935720e-01 -2.47935720e-01 -2.47935720e-01
 -2.47935720e-01 -2.47935720e-01 -2.47935720e-01 -2.47935720e-01
 -2.47935720e-01 -2.47935720e-01 -2.47935720e-01 -2.47935720e-01
 -2.47935720e-01 -2.47935720e-01 -2.47935720e-01 -2.47935720e-01
 -2.47935720e-01 -2.47935720e-01 -2.47935720e-01 -2.47935720e-01
 -2.47935720e-01 -2.47935720e-01 -2.47935720e-01 -2.47935720e-01
 -2.47935720e-01 -2.47935720e-01 -2.47935720e-01 -2.47935720e-01
 -2.47935720e-01 -2.47935720e-01 -2.47935720e-01 -2.47935720e-01
 -2.47935720e-01 -2.47935720e-01 -2.47935720e-01 -2.47935720e-01
 -2.47935720e-01 -2.47935720e-01 -2.47935720e-01 -2.47935720e-01
 -2.47935720e-01 -2.47935720e-01 -2.47935720e-01 -2.47935720e-01
 -2.47935720e-01 -2.47935720e-01 -2.47935720e-01 -2.47935720e-01
 -2.47935720e-01 -2.47935720e-01 -2.47935720e-01 -2.47935720e-01
 -2.47935720e-01 -2.47935720e-01 -2.47935720e-01 -2.47935720e-01
 -2.47935720e-01 -2.47935720e-01 -2.47935720e-01 -2.47935720e-01
 -2.47935720e-01 -2.47935720e-01 -2.47935720e-01 -2.47935720e-01
 -2.47935720e-01 -2.47935720e-01 -2.47935720e-01 -2.47935720e-01
 -2.47935720e-01 -2.47935720e-01 -2.47935720e-01 -2.47935720e-01
 -2.47935720e-01 -2.47935720e-01 -2.47935720e-01 -2.47935720e-01
 -2.47935720e-01 -2.47935720e-01 -2.47935720e-01 -2.47935720e-01
 -2.47935720e-01 -2.47935720e-01 -2.47935720e-01 -2.47935720e-01
 -2.47935720e-01  6.29376763e-01 -2.47935720e-01 -2.47935720e-01
 -2.47935720e-01 -2.47935720e-01 -2.47935720e-01 -2.47935720e-01
 -2.47935720e-01 -2.47935720e-01 -2.47935720e-01 -2.47935720e-01
 -2.47935720e-01 -2.47935720e-01 -2.47935720e-01 -2.47935720e-01
 -2.47935720e-01 -2.47935720e-01 -2.47935720e-01 -2.47935720e-01
 -2.47935720e-01 -2.47935720e-01 -2.47935720e-01 -2.47935720e-01
 -2.47935720e-01 -2.47935720e-01]",[-0.05490151652914285]
1,"[-0.33319122 -0.33319122 -0.33319122 -0.33319122 -0.33319122 -0.33319122
 -0.33319122 -0.33319122 -0.33319122 -0.33319122 -0.33319122 -0.33319122
 -0.33319122 -0.33319122 -0.33319122 -0.33319122 -0.33319122 -0.33319122
 -0.33319122 -0.33319122 -0.33319122 -0.33319122 -0.33319122 -0.33319122
 -0.33319122 -0.33319122 -0.33319122 -0.33319122 -0.33319122 -0.02382104
 -0.33319122 -0.33319122 -0.33319122 -0.33319122 -0.33319122 -0.33319122
 -0.33319122 -0.33319122 -0.33319122 -0.33319122 -0.33319122 -0.33319122
 -0.33319122 -0.33319122 -0.33319122 -0.33319122 -0.33319122 -0.33319122
 -0.33319122 -0.33319122 -0.33319122  0.3994214  -0.33319122  1.43378032
 -0.33319122 -0.33319122 -0.33319122 -0.33319122 -0.33319122 -0.33319122
 -0.33319122 -0.33319122 -0.33319122 -0.33319122 -0.33319122 -0.33319122
 -0.33319122 -0.33319122 -0.33319122 -0.33319122 -0.33319122 -0.33319122
 -0.33319122 -0.33319122 -0.33319122 -0.33319122 -0.33319122 -0.33319122
 -0.33319122 -0.33319122 -0.33319122 -0.33319122 -0.33319122 -0.33319122
 -0.33319122  5.08356512  3.29513893 -0.33319122 -0.33319122  4.67855102
 -0.33319122 -0.33319122  1.64666004 -0.33319122  0.33119303  0.83682649
 -0.33319122 -0.33319122  0.43596109  4.39640177 -0.33319122 -0.33319122
 -0.33319122  1.64666004  2.5964062  -0.33319122 -0.33319122 -0.33319122
 -0.33319122 -0.33319122 -0.33319122 -0.33319122 -0.33319122 -0.33319122
  1.46331196 -0.33319122 -0.33319122 -0.33319122  3.04449292  2.69167281
 -0.33319122  3.93768385 -0.33319122 -0.33319122  5.49759063 -0.12569042
  3.26548899  0.16727214  5.46119757 -0.33319122 -0.33319122 -0.33319122
 -0.33319122 -0.33319122 -0.33319122  2.45126455  1.61940799 -0.33319122
  2.35689563 -0.33319122 -0.33319122 -0.33319122  0.20070433  0.6235399
  3.13260605 -0.33319122 -0.33319122 -0.33319122 -0.33319122 -0.33319122
 -0.33319122  5.83259141 -0.33319122  6.60680211  3.29513893 -0.33319122
 -0.33319122 -0.33319122  1.28779125 -0.33319122 -0.33319122  5.48450444
 -0.33319122  3.76985795  2.35689563 -0.33319122 -0.33319122  1.14619668
 -0.33319122  0.90467012 -0.33319122 -0.33319122 -0.33319122 -0.33319122
 -0.33319122 -0.33319122 -0.33319122 -0.33319122 -0.33319122 -0.33319122
 -0.33319122 -0.33319122 -0.33319122 -0.33319122 -0.33319122 -0.33319122
 -0.33319122 -0.33319122 -0.33319122 -0.33319122 -0.33319122 -0.33319122
 -0.33319122 -0.33319122 -0.33319122 -0.33319122 -0.33319122 -0.33319122
 -0.33319122 -0.33319122 -0.33319122 -0.33319122 -0.33319122 -0.33319122
 -0.33319122 -0.33319122 -0.33319122 -0.33319122 -0.33319122  3.12402772
 -0.33319122 -0.33319122 -0.33319122 -0.33319122 -0.33319122 -0.33319122
 -0.33319122 -0.33319122 -0.33319122 -0.33319122 -0.33319122 -0.33319122
 -0.33319122 -0.33319122 -0.33319122 -0.33319122 -0.33319122 -0.33319122
 -0.33319122 -0.33319122 -0.33319122 -0.33319122 -0.33319122 -0.33319122
 -0.33319122 -0.33319122 -0.33319122 -0.33319122 -0.33319122 -0.33319122
 -0.33319122 -0.33319122 -0.33319122 -0.33319122  0.94179405 -0.33319122
 -0.33319122 -0.33319122 -0.33319122 -0.33319122 -0.33319122 -0.33319122
 -0.33319122 -0.33319122 -0.33319122 -0.33319122 -0.33319122 -0.33319122
  0.47664233 -0.33319122 -0.33319122 -0.33319122 -0.33319122 -0.33319122
 -0.33319122  0.57389132 -0.33319122 -0.33319122 -0.33319122 -0.33319122
 -0.33319122 -0.33319122 -0.33319122 -0.33319122 -0.33319122 -0.33319122
 -0.33319122 -0.33319122 -0.33319122 -0.33319122 -0.33319122 -0.33319122
  2.18055559 -0.33319122 -0.33319122 -0.33319122 -0.33319122 -0.33319122
 -0.33319122 -0.33319122 -0.33319122 -0.33319122  0.51165444 -0.33319122
 -0.33319122 -0.33319122 -0.33319122  1.64666004  2.24361386 -0.33319122
  1.67292586 -0.33319122  1.85844167  1.43378032 -0.33319122  1.20803985
 -0.33319122 -0.33319122 -0.33319122 -0.33319122 -0.33319122 -0.33319122
  0.19900788 -0.33319122 -0.33319122 -0.33319122 -0.33319122  0.16727214
 -0.33319122 -0.33319122 -0.33319122 -0.33319122 -0.33319122 -0.33319122
 -0.33319122 -0.33319122 -0.33319122 -0.33319122  2.44705735  0.23911414
 -0.33319122 -0.33319122 -0.33319122  0.95330975 -0.33319122 -0.33319122
 -0.33319122 -0.33319122 -0.33319122 -0.33319122 -0.33319122  1.98446906
  2.03784583  0.67442453  0.33636313  1.60825023  2.41241775 -0.33319122
 -0.33319122 -0.33319122 -0.33319122 -0.33319122  2.51960441 -0.33319122
  1.43378032  1.25408758  2.38294391 -0.33319122  1.83731001  4.13889035
 -0.33319122  2.39274766  1.06597225  0.87750773  3.58733283  0.83682649
 -0.33319122  2.77228919 -0.33319122  2.73296451  0.92829466  2.68837015
  0.23911414 -0.33319122 -0.33319122 -0.33319122 -0.33319122 -0.33319122
 -0.33319122 -0.33319122 -0.33319122 -0.33319122 -0.33319122 -0.33319122
 -0.33319122 -0.33319122 -0.20591485 -0.33319122 -0.33319122 -0.33319122
 -0.33319122 -0.33319122 -0.33319122 -0.33319122 -0.33319122 -0.33319122
 -0.33319122 -0.33319122 -0.33319122  2.75304357 -0.33319122  2.30219602
 -0.33319122 -0.33319122 -0.33319122 -0.33319122 -0.33319122 -0.33319122
  3.52491849  3.49577263 -0.33319122 -0.33319122  1.89332043 -0.33319122
 -0.33319122 -0.33319122 -0.33319122 -0.33319122 -0.33319122 -0.33319122
 -0.33319122 -0.33319122 -0.33319122  5.49803983 -0.33319122 -0.33319122
  0.16727214  1.14619668 -0.33319122 -0.33319122 -0.33319122 -0.1203115
 -0.33319122 -0.33319122 -0.33319122 -0.33319122 -0.33319122 -0.33319122
 -0.03511618  0.08857814 -0.33319122 -0.33319122  1.06597225  0.89134983
 -0.33319122 -0.33319122 -0.33319122 -0.33319122 -0.33319122 -0.33319122
  1.64666004 -0.33319122 -0.33319122  2.39566623  1.56360897 -0.33319122
 -0.33319122 -0.33319122 -0.33319122 -0.33319122  2.73296451 -0.33319122
 -0.33319122 -0.33319122 -0.33319122 -0.33319122 -0.33319122 -0.33319122
 -0.33319122 -0.33319122  4.09857692 -0.33319122 -0.33319122  1.11105682
 -0.33319122 -0.33319122 -0.33319122 -0.33319122  1.53179987 -0.33319122
 -0.33319122  1.48097385  2.73296451 -0.33319122  2.99038914 -0.33319122
 -0.33319122  2.30219602  1.01486299 -0.33319122  0.57389132 -0.33319122
 -0.33319122 -0.33319122 -0.33319122 -0.33319122 -0.33319122 -0.33319122
 -0.33319122 -0.33319122 -0.33319122 -0.33319122 -0.33319122 -0.33319122
 -0.33319122 -0.33319122 -0.33319122 -0.33319122 -0.33319122 -0.33319122
 -0.33319122 -0.33319122 -0.33319122 -0.33319122 -0.33319122 -0.33319122
 -0.33319122 -0.33319122  0.03161334 -0.33319122 -0.33319122 -0.33319122
 -0.33319122 -0.33319122 -0.33319122 -0.33319122 -0.33319122 -0.33319122
 -0.33319122 -0.33319122 -0.33319122 -0.33319122 -0.33319122 -0.33319122
 -0.33319122 -0.33319122 -0.33319122 -0.33319122 -0.33319122 -0.33319122
 -0.33319122 -0.33319122 -0.33319122 -0.33319122 -0.33319122 -0.33319122
 -0.33319122 -0.33319122 -0.33319122 -0.33319122 -0.33319122 -0.33319122
 -0.33319122 -0.33319122 -0.33319122 -0.33319122 -0.33319122  4.48628561
 -0.33319122 -0.33319122 -0.33319122 -0.33319122 -0.33319122 -0.33319122
 -0.33319122 -0.33319122 -0.33319122 -0.33319122 -0.33319122 -0.33319122
 -0.33319122 -0.33319122 -0.33319122 -0.33319122 -0.33319122 -0.33319122
 -0.33319122 -0.33319122 -0.33319122 -0.33319122 -0.33319122 -0.33319122
 -0.33319122 -0.33319122 -0.33319122 -0.33319122 -0.33319122 -0.33319122
 -0.33319122 -0.33319122 -0.33319122 -0.33319122 -0.33319122 -0.33319122
 -0.33319122 -0.33319122 -0.33319122 -0.33319122 -0.33319122 -0.33319122
 -0.33319122 -0.33319122  0.23911414  4.06583424  0.6204198  -0.33319122
 -0.33319122 -0.33319122 -0.33319122 -0.33319122 -0.33319122 -0.33319122
 -0.33319122 -0.33319122 -0.33319122 -0.33319122 -0.33319122 -0.33319122
 -0.33319122 -0.33319122 -0.33319122 -0.33319122  2.46316834 -0.33319122
  1.64666004 -0.33319122 -0.33319122 -0.33319122 -0.33319122 -0.33319122
 -0.33319122 -0.33319122 -0.33319122 -0.33319122 -0.33319122 -0.33319122
 -0.33319122 -0.33319122 -0.33319122 -0.33319122 -0.33319122 -0.33319122
 -0.33319122 -0.33319122 -0.33319122 -0.33319122 -0.33319122 -0.33319122
 -0.33319122 -0.33319122  0.68192062 -0.33319122 -0.33319122 -0.33319122
 -0.33319122 -0.33319122 -0.33319122 -0.33319122 -0.33319122 -0.33319122
 -0.33319122 -0.33319122 -0.33319122 -0.33319122 -0.33319122 -0.33319122
 -0.33319122 -0.33319122 -0.33319122 -0.33319122 -0.33319122 -0.33319122
 -0.33319122 -0.33319122 -0.33319122 -0.33319122 -0.33319122 -0.33319122
 -0.33319122 -0.33319122 -0.33319122 -0.33319122 -0.33319122 -0.33319122
 -0.33319122 -0.33319122 -0.33319122 -0.33319122 -0.33319122 -0.33319122
 -0.33319122 -0.33319122 -0.33319122 -0.33319122 -0.33319122 -0.33319122
 -0.33319122 -0.33319122 -0.33319122 -0.33319122 -0.33319122 -0.33319122
 -0.33319122 -0.33319122 -0.33319122 -0.33319122 -0.33319122 -0.33319122
 -0.33319122 -0.33319122 -0.33319122 -0.33319122 -0.33319122 -0.33319122
 -0.33319122 -0.33319122 -0.33319122 -0.33319122 -0.33319122 -0.33319122
 -0.33319122 -0.33319122 -0.33319122 -0.33319122 -0.33319122 -0.33319122
 -0.33319122 -0.33319122 -0.33319122 -0.33319122 -0.33319122 -0.33319122
 -0.33319122 -0.33319122 -0.33319122 -0.33319122 -0.33319122 -0.33319122
 -0.33319122 -0.33319122 -0.33319122 -0.33319122 -0.33319122 -0.33319122
 -0.33319122 -0.33319122 -0.33319122 -0.33319122 -0.33319122 -0.33319122
 -0.33319122 -0.33319122 -0.33319122 -0.33319122 -0.33319122 -0.33319122
 -0.33319122 -0.33319122 -0.33319122 -0.33319122 -0.33319122 -0.33319122
 -0.33319122  2.18055559 -0.33319122 -0.33319122 -0.33319122 -0.33319122
 -0.33319122 -0.33319122 -0.33319122 -0.33319122 -0.33319122 -0.33319122
 -0.33319122 -0.33319122 -0.33319122 -0.33319122 -0.33319122 -0.33319122
 -0.33319122 -0.33319122 -0.33319122 -0.33319122  4.66572992 -0.33319122
 -0.33319122 -0.33319122 -0.33319122 -0.33319122]",[1.3884106065794444]
1,"[-0.23127669 -0.23127669 -0.23127669 -0.23127669 -0.23127669 -0.23127669
 -0.23127669 -0.23127669 -0.23127669 -0.23127669 -0.23127669 -0.23127669
 -0.23127669 -0.23127669 -0.23127669 -0.23127669 -0.23127669 -0.23127669
 -0.23127669 -0.23127669 -0.23127669 -0.23127669 -0.23127669 -0.23127669
 -0.23127669 -0.23127669 -0.23127669 -0.23127669 -0.23127669 -0.23127669
 -0.23127669 -0.23127669 -0.23127669 -0.23127669 -0.23127669 -0.23127669
 -0.23127669 -0.23127669 -0.23127669 -0.23127669 -0.23127669 -0.23127669
 -0.23127669 -0.23127669 -0.23127669 -0.23127669 -0.23127669 -0.23127669
 -0.23127669 -0.23127669 -0.23127669 -0.23127669 -0.23127669 -0.23127669
 -0.23127669 -0.23127669 -0.23127669 -0.23127669 -0.23127669 -0.23127669
 -0.23127669 -0.23127669 -0.23127669 -0.23127669 -0.23127669 -0.23127669
 -0.23127669 -0.23127669 -0.23127669 -0.23127669 -0.23127669 -0.23127669
 -0.23127669 -0.23127669 -0.23127669 -0.23127669 -0.23127669 -0.23127669
 -0.23127669 -0.23127669 -0.23127669 -0.23127669 -0.23127669 -0.23127669
 -0.23127669 -0.23127669  2.80014377 -0.23127669 -0.23127669  1.6224674
 -0.23127669 -0.23127669 -0.23127669 -0.23127669 -0.23127669 -0.23127669
  1.15758954 -0.23127669 -0.23127669  4.01941749 -0.23127669 -0.23127669
 -0.23127669 -0.23127669  2.47419608 -0.23127669 -0.23127669 -0.23127669
 -0.23127669 -0.23127669 -0.23127669 -0.23127669 -0.23127669 -0.23127669
 -0.23127669 -0.23127669 -0.23127669 -0.23127669  2.67965259  2.80014377
 -0.23127669  1.28102415 -0.23127669 -0.23127669  1.47530137 -0.23127669
  3.32904547  0.53500051  4.52045209 -0.23127669 -0.23127669 -0.23127669
 -0.23127669 -0.23127669 -0.23127669  3.86947261  2.840537   -0.23127669
 -0.23127669 -0.23127669 -0.23127669 -0.23127669 -0.23127669  1.89996369
 11.54381683 -0.23127669 -0.23127669 -0.23127669 -0.23127669  2.84359137
  4.16692734  1.78017857 -0.23127669  2.80014377 -0.23127669 -0.23127669
 -0.23127669 -0.23127669  1.8930021  -0.23127669 -0.23127669  1.39912167
 -0.23127669  0.35357221  1.07855127 -0.23127669 -0.23127669  6.09753989
 -0.23127669  9.80576472 -0.23127669 -0.23127669 -0.23127669 -0.23127669
 -0.23127669 -0.23127669 -0.23127669 -0.23127669 -0.23127669 -0.23127669
 -0.23127669 -0.23127669 -0.23127669 -0.23127669 -0.23127669 -0.23127669
 -0.23127669 -0.23127669 -0.23127669 -0.23127669 -0.23127669 -0.23127669
 -0.23127669 -0.23127669 -0.23127669 -0.23127669 -0.23127669 -0.23127669
 -0.23127669 -0.23127669 -0.23127669 -0.23127669 -0.23127669 -0.23127669
 -0.23127669 -0.23127669 -0.23127669 -0.23127669 -0.23127669 -0.23127669
 -0.23127669 -0.23127669 -0.23127669 -0.23127669 -0.23127669 -0.23127669
 -0.23127669 -0.23127669 -0.23127669 -0.23127669 -0.23127669 -0.23127669
 -0.23127669 -0.23127669 -0.23127669 -0.23127669 -0.23127669 -0.23127669
 -0.23127669 -0.23127669 -0.23127669 -0.23127669 -0.23127669 -0.23127669
 -0.23127669 -0.23127669 -0.23127669 -0.23127669 -0.23127669 -0.23127669
 -0.23127669 -0.23127669 -0.23127669 -0.23127669  0.30329916 -0.23127669
 -0.23127669 -0.23127669 -0.23127669 -0.23127669 -0.23127669 -0.23127669
 -0.23127669 -0.23127669 -0.23127669 -0.23127669 -0.23127669 -0.23127669
 -0.23127669 -0.23127669 -0.23127669 -0.23127669 -0.23127669 -0.23127669
 -0.23127669 -0.23127669 -0.23127669 -0.23127669 -0.23127669 -0.23127669
 -0.23127669 -0.23127669 -0.23127669 -0.23127669 -0.23127669 -0.23127669
 -0.23127669 -0.23127669 -0.23127669 -0.23127669 -0.23127669 -0.23127669
 -0.23127669 -0.23127669 -0.23127669 -0.23127669 -0.23127669 -0.23127669
 -0.23127669 -0.23127669 -0.23127669 -0.23127669  0.19051038 -0.23127669
 -0.23127669 -0.23127669 -0.23127669 -0.23127669 -0.23127669 -0.23127669
  1.38156068 -0.23127669  0.3508311  -0.23127669 -0.23127669  1.247928
 -0.23127669 -0.23127669 -0.23127669 -0.23127669 -0.23127669 -0.23127669
  1.23849785 -0.23127669 -0.23127669 -0.23127669 -0.23127669 -0.23127669
 -0.23127669 -0.23127669 -0.23127669 -0.23127669 -0.23127669 -0.23127669
 -0.23127669 -0.23127669 -0.23127669 -0.23127669  3.23369471 -0.23127669
 -0.23127669 -0.23127669 -0.23127669  1.35246691 -0.23127669 -0.23127669
 -0.23127669 -0.23127669 -0.23127669 -0.23127669 -0.23127669  2.39446165
  0.13241114  0.18839066 -0.23127669  1.52127737  3.33934871 -0.23127669
 -0.23127669 -0.23127669 -0.23127669 -0.23127669  2.38624418 -0.23127669
  1.35246691  5.25665922  3.206211   -0.23127669  3.21609534  6.82427892
 -0.23127669 -0.23127669  0.71335215  1.6224674   5.14422223  2.03386657
 -0.23127669  5.37766693 -0.23127669 -0.23127669  0.89809579  3.03784018
 -0.23127669 -0.23127669 -0.23127669 -0.23127669 -0.23127669 -0.23127669
 -0.23127669 -0.23127669 -0.23127669 -0.23127669 -0.23127669 -0.23127669
 -0.23127669 -0.23127669 -0.23127669 -0.23127669 -0.23127669 -0.23127669
 -0.23127669 -0.23127669 -0.23127669 -0.23127669 -0.23127669 -0.23127669
  2.80014377 -0.23127669 -0.23127669  0.53111186 -0.23127669 -0.23127669
 -0.23127669 -0.23127669 -0.23127669 -0.23127669 -0.23127669 -0.23127669
  3.42921352  0.44887116 -0.23127669 -0.23127669  0.29532395 -0.23127669
 -0.23127669 -0.23127669 -0.23127669 -0.23127669 -0.23127669 -0.23127669
 -0.23127669 -0.23127669 -0.23127669  0.26108487 -0.23127669 -0.23127669
 -0.23127669 -0.23127669 -0.23127669 -0.23127669 -0.23127669  8.25352809
 -0.23127669 -0.23127669 -0.23127669 -0.23127669 -0.23127669 -0.23127669
  0.22511657 -0.23127669 -0.23127669 -0.23127669  0.71335215 -0.09946987
 -0.23127669 -0.23127669 -0.23127669 -0.23127669 -0.23127669 -0.23127669
 -0.23127669 -0.23127669 -0.23127669 -0.23127669 -0.23127669 -0.23127669
 -0.23127669 -0.23127669 -0.23127669 -0.23127669 -0.23127669 -0.23127669
 -0.23127669 -0.23127669 -0.23127669 -0.23127669 -0.23127669 -0.23127669
 -0.23127669 -0.23127669 -0.23127669 -0.23127669 -0.23127669  2.43645595
 -0.23127669 -0.23127669 -0.23127669 -0.23127669 -0.23127669 -0.23127669
 -0.23127669 -0.23127669 -0.23127669 -0.23127669 -0.23127669 -0.23127669
 -0.23127669 -0.23127669  1.05433213 -0.23127669 -0.23127669 -0.23127669
 -0.23127669 -0.23127669 -0.23127669 -0.23127669 -0.23127669 -0.23127669
 -0.23127669 -0.23127669 -0.23127669 -0.23127669 -0.23127669 -0.23127669
 -0.23127669 -0.23127669 -0.23127669 -0.23127669 -0.23127669 -0.23127669
 -0.23127669 -0.23127669 -0.23127669 -0.23127669 -0.23127669 -0.23127669
 -0.23127669 -0.23127669 -0.23127669 -0.23127669 -0.23127669 -0.23127669
 -0.23127669 -0.23127669 -0.23127669 -0.23127669 -0.23127669 -0.23127669
 -0.23127669 -0.23127669 -0.23127669 -0.23127669 -0.23127669 -0.23127669
 -0.23127669 -0.23127669 -0.23127669 -0.23127669 -0.23127669 -0.23127669
 -0.23127669 -0.23127669 -0.23127669 -0.23127669 -0.23127669 -0.23127669
 -0.23127669 -0.23127669 -0.23127669 -0.23127669 -0.23127669 -0.23127669
 -0.23127669 -0.23127669 -0.23127669 -0.23127669 -0.23127669  4.21474181
 -0.23127669 -0.23127669 -0.23127669 -0.23127669 -0.23127669 -0.23127669
 -0.23127669 -0.23127669 -0.23127669 -0.23127669 -0.23127669 -0.23127669
 -0.23127669 -0.23127669 -0.23127669 -0.23127669 -0.23127669 -0.23127669
 -0.23127669 -0.23127669 -0.23127669 -0.23127669 -0.23127669 -0.23127669
 -0.23127669 -0.23127669 -0.23127669 -0.23127669 -0.23127669 -0.23127669
 -0.23127669 -0.23127669 -0.23127669 -0.23127669 -0.23127669 -0.23127669
 -0.23127669 -0.23127669 -0.23127669 -0.23127669 -0.23127669 -0.23127669
 -0.23127669 -0.23127669 -0.23127669  1.6224674   0.22511657 -0.23127669
 -0.23127669 -0.23127669 -0.23127669 -0.23127669 -0.23127669 -0.23127669
 -0.23127669 -0.23127669 -0.23127669 -0.23127669 -0.23127669 -0.23127669
 -0.23127669 -0.23127669 -0.23127669 -0.23127669 -0.23127669 -0.23127669
 -0.23127669 -0.23127669 -0.23127669 -0.23127669 -0.23127669 -0.23127669
 -0.23127669 -0.23127669 -0.23127669 -0.23127669 -0.23127669 -0.23127669
 -0.23127669 -0.23127669 -0.23127669 -0.23127669 -0.23127669 -0.23127669
 -0.23127669 -0.23127669 -0.23127669 -0.23127669 -0.23127669 -0.23127669
 -0.23127669 -0.23127669  1.38126544 -0.23127669 -0.23127669 -0.23127669
 -0.23127669 -0.23127669 -0.23127669 -0.23127669 -0.23127669 -0.23127669
 -0.23127669 -0.23127669 -0.23127669 -0.23127669 -0.23127669 -0.23127669
 -0.23127669 -0.23127669 -0.23127669 -0.23127669 -0.23127669 -0.23127669
 -0.23127669 -0.23127669 -0.23127669 -0.23127669 -0.23127669 -0.23127669
 -0.23127669 -0.23127669 -0.23127669 -0.23127669 -0.23127669 -0.23127669
 -0.23127669 -0.23127669 -0.23127669 -0.23127669 -0.23127669 -0.23127669
 -0.23127669 -0.23127669 -0.23127669 -0.23127669 -0.23127669 -0.23127669
 -0.23127669 -0.23127669 -0.23127669 -0.23127669 -0.23127669 -0.23127669
 -0.23127669 -0.23127669 -0.23127669 -0.23127669 -0.23127669 -0.23127669
 -0.23127669 -0.23127669 -0.23127669 -0.23127669 -0.23127669 -0.23127669
 -0.23127669 -0.23127669 -0.23127669 -0.23127669 -0.23127669 -0.23127669
 -0.23127669 -0.23127669 -0.23127669 -0.23127669 -0.23127669 -0.23127669
 -0.23127669 -0.23127669 -0.23127669 -0.23127669 -0.23127669 -0.23127669
 -0.23127669 -0.23127669 -0.23127669 -0.23127669 -0.23127669 -0.23127669
 -0.23127669 -0.23127669 -0.23127669 -0.23127669 -0.23127669 -0.23127669
 -0.23127669 -0.23127669 -0.23127669 -0.23127669 -0.23127669 -0.23127669
 -0.23127669 -0.23127669 -0.23127669 -0.23127669 -0.23127669 -0.23127669
 -0.23127669 -0.23127669 -0.23127669 -0.23127669 -0.23127669 -0.23127669
 -0.23127669 -0.23127669 -0.23127669 -0.23127669 -0.23127669 -0.23127669
 -0.23127669 -0.23127669 -0.23127669 -0.23127669 -0.23127669 -0.23127669
 -0.23127669 -0.23127669 -0.23127669 -0.05292505 -0.23127669 -0.23127669
 -0.23127669 -0.23127669 -0.23127669 -0.23127669 -0.23127669 -0.23127669
 -0.23127669 -0.23127669 -0.23127669 -0.23127669]",[0.016089239060735172]
1,"[-4.37850482e-01 -4.37850482e-01 -4.37850482e-01 -4.37850482e-01
 -4.37850482e-01 -4.37850482e-01 -4.37850482e-01 -4.37850482e-01
 -4.37850482e-01 -4.37850482e-01 -4.37850482e-01 -4.37850482e-01
 -4.37850482e-01 -4.37850482e-01 -4.37850482e-01  8.58959311e-02
 -4.37850482e-01 -4.37850482e-01 -4.37850482e-01  5.25829266e-02
 -4.37850482e-01 -4.37850482e-01 -4.37850482e-01 -4.37850482e-01
 -4.37850482e-01 -4.37850482e-01 -4.37850482e-01 -4.37850482e-01
 -4.37850482e-01 -4.37850482e-01 -4.37850482e-01 -4.37850482e-01
 -4.37850482e-01 -4.37850482e-01 -4.37850482e-01 -4.37850482e-01
 -4.37850482e-01 -4.37850482e-01 -4.37850482e-01 -4.37850482e-01
 -4.37850482e-01 -4.37850482e-01 -4.37850482e-01 -4.37850482e-01
 -4.37850482e-01 -4.37850482e-01 -4.37850482e-01 -4.37850482e-01
 -4.37850482e-01 -4.37850482e-01 -4.37850482e-01  1.08333027e+00
 -4.37850482e-01  7.68812862e-01 -4.37850482e-01 -4.37850482e-01
 -4.37850482e-01 -4.37850482e-01 -4.37850482e-01 -4.37850482e-01
 -4.37850482e-01 -4.37850482e-01 -4.37850482e-01 -4.37850482e-01
 -4.37850482e-01 -4.37850482e-01 -4.37850482e-01 -4.37850482e-01
 -4.37850482e-01  2.59999523e+00 -4.37850482e-01 -4.37850482e-01
 -4.37850482e-01 -4.37850482e-01 -4.37850482e-01 -4.37850482e-01
 -4.37850482e-01 -4.37850482e-01 -4.37850482e-01 -4.37850482e-01
 -4.37850482e-01 -4.37850482e-01 -4.37850482e-01 -4.37850482e-01
 -4.37850482e-01  1.28301203e+00  3.85081559e+00  3.06308584e+00
 -4.37850482e-01  2.34877768e+00 -4.37850482e-01  1.17701601e+00
 -4.37850482e-01 -4.37850482e-01  4.82377775e-01 -1.10884450e-01
  3.02011760e-01 -4.37850482e-01 -5.36161144e-02  1.80965534e+00
 -4.37850482e-01 -4.37850482e-01 -4.37850482e-01 -4.37850482e-01
 -4.37850482e-01 -4.37850482e-01 -4.37850482e-01 -4.37850482e-01
 -4.37850482e-01 -4.37850482e-01 -4.37850482e-01 -4.37850482e-01
 -4.37850482e-01 -4.37850482e-01 -2.20478213e-01 -4.37850482e-01
  1.08271798e-01 -4.37850482e-01  3.67888444e+00  3.74061909e+00
 -4.37850482e-01  4.31114351e+00 -4.37850482e-01 -4.37850482e-01
  1.25924627e+00 -4.37850482e-01  1.95282943e+00 -4.37850482e-01
  5.26028560e+00 -4.37850482e-01 -4.37850482e-01 -4.37850482e-01
  1.59705305e-01  1.22619491e+00  1.45904584e-01  3.53433429e-03
  3.05506528e+00  7.68812862e-01 -4.37850482e-01 -4.37850482e-01
 -4.37850482e-01 -4.37850482e-01 -4.37850482e-01 -3.88909950e-01
 -3.28992850e-01 -4.37850482e-01 -4.37850482e-01 -4.37850482e-01
 -4.37850482e-01 -4.37850482e-01 -4.37850482e-01  4.16649967e+00
  6.53622784e-02  3.78789826e+00 -4.37850482e-01 -4.37850482e-01
  7.68812862e-01  4.05824787e-01  5.64297444e-01 -4.37850482e-01
 -4.37850482e-01  3.32634995e+00 -4.37850482e-01  2.17823391e+00
  2.78424980e+00  9.68377093e-02  3.81034873e+00 -4.37850482e-01
 -4.37850482e-01 -1.64678209e-02 -4.37850482e-01 -4.37850482e-01
 -4.37850482e-01 -4.37850482e-01 -4.37850482e-01 -4.37850482e-01
 -4.37850482e-01 -4.37850482e-01 -4.37850482e-01 -4.37850482e-01
 -4.37850482e-01 -4.37850482e-01 -4.37850482e-01 -4.37850482e-01
 -4.37850482e-01 -4.37850482e-01 -4.37850482e-01 -4.37850482e-01
 -4.37850482e-01 -4.37850482e-01 -4.37850482e-01 -4.37850482e-01
 -4.37850482e-01 -4.37850482e-01 -4.37850482e-01 -4.37850482e-01
 -4.37850482e-01 -4.37850482e-01 -4.37850482e-01 -4.37850482e-01
  5.49656614e-01  5.49656614e-01 -4.37850482e-01 -4.37850482e-01
 -4.37850482e-01 -4.37850482e-01 -4.37850482e-01  1.42935393e+00
 -4.37850482e-01 -4.37850482e-01 -4.37850482e-01 -4.37850482e-01
 -4.37850482e-01 -4.37850482e-01 -4.37850482e-01 -4.37850482e-01
 -4.37850482e-01 -4.37850482e-01 -4.37850482e-01 -4.37850482e-01
  3.02011760e-01 -4.37850482e-01 -4.37850482e-01  1.32763647e-01
 -4.37850482e-01 -4.37850482e-01 -4.37850482e-01 -4.37850482e-01
 -4.37850482e-01 -4.37850482e-01 -4.37850482e-01 -4.37850482e-01
 -4.37850482e-01 -4.37850482e-01 -4.37850482e-01 -4.37850482e-01
 -4.37850482e-01 -4.37850482e-01 -4.37850482e-01 -4.37850482e-01
 -4.37850482e-01 -4.37850482e-01 -4.37850482e-01 -4.37850482e-01
  5.21824073e-01 -4.37850482e-01 -4.37850482e-01 -4.37850482e-01
 -4.37850482e-01 -4.37850482e-01 -4.37850482e-01 -4.37850482e-01
 -4.37850482e-01 -4.37850482e-01 -4.37850482e-01 -4.37850482e-01
  4.05824787e-01 -4.37850482e-01 -4.37850482e-01 -4.37850482e-01
 -4.37850482e-01 -4.37850482e-01 -4.37850482e-01 -4.37850482e-01
 -4.37850482e-01  3.02011760e-01 -4.37850482e-01 -4.37850482e-01
 -4.37850482e-01 -4.37850482e-01 -4.37850482e-01 -4.37850482e-01
 -4.37850482e-01 -4.37850482e-01 -4.37850482e-01 -4.37850482e-01
 -4.37850482e-01 -4.37850482e-01 -4.37850482e-01 -4.37850482e-01
 -4.37850482e-01 -4.37850482e-01 -4.37850482e-01 -4.37850482e-01
 -4.37850482e-01 -4.37850482e-01 -4.37850482e-01 -4.37850482e-01
 -4.37850482e-01 -4.37850482e-01 -4.37850482e-01 -4.37850482e-01
  5.39319471e-01 -4.37850482e-01 -4.37850482e-01 -4.37850482e-01
 -4.37850482e-01 -4.37850482e-01  2.40047453e+00 -4.37850482e-01
  3.23188517e+00 -4.37850482e-01  2.60344861e+00  4.05824787e-01
  1.08271798e-01  8.76888255e-01  1.61248813e+00 -4.37850482e-01
 -4.37850482e-01 -4.37850482e-01 -4.37850482e-01 -4.37850482e-01
  1.15556669e+00 -4.37850482e-01 -4.37850482e-01 -4.37850482e-01
 -4.37850482e-01  2.22690582e-01 -4.37850482e-01 -4.37850482e-01
  7.68812862e-01  2.89506199e-02  1.17701601e+00 -4.37850482e-01
 -4.37850482e-01 -4.37850482e-01 -4.37850482e-01 -4.37850482e-01
  2.73983030e+00 -4.37850482e-01 -4.37850482e-01 -4.37850482e-01
  7.68812862e-01  7.68812862e-01 -4.37850482e-01 -4.37850482e-01
 -4.37850482e-01  6.46028111e-01 -4.37850482e-01  2.23170018e+00
 -4.37850482e-01  2.43129508e+00  2.78065805e+00  7.76137838e-01
  1.08271798e-01  1.30234689e+00  2.63227545e+00  4.05824787e-01
  1.17701601e+00 -4.37850482e-01  1.61248813e+00 -4.37850482e-01
  3.03727458e+00 -4.37850482e-01  2.98943806e+00  2.81438669e+00
  1.68823661e+00  1.37457157e+00  4.71259872e-01  4.63936634e+00
 -4.37850482e-01  1.41296743e+00  1.35527364e+00  2.93357026e+00
  3.61430814e+00  9.51947067e-01 -4.37850482e-01  2.96728652e+00
 -4.37850482e-01  4.02134598e+00  1.40953862e+00  2.86537582e+00
  6.46028111e-01  9.16443072e-01 -4.37850482e-01 -4.37850482e-01
 -4.37850482e-01  1.08271798e-01 -4.37850482e-01 -4.37850482e-01
 -4.37850482e-01 -4.37850482e-01 -4.37850482e-01 -4.37850482e-01
 -4.37850482e-01  2.75371639e+00  2.63518333e-01 -4.37850482e-01
 -4.37850482e-01 -4.37850482e-01 -4.37850482e-01 -4.37850482e-01
 -4.37850482e-01 -4.37850482e-01 -4.37850482e-01 -4.37850482e-01
  1.17701601e+00 -4.37850482e-01 -4.37850482e-01  2.78189010e+00
 -4.37850482e-01 -4.37850482e-01 -4.37850482e-01 -4.37850482e-01
 -4.37850482e-01 -4.37850482e-01 -4.37850482e-01 -4.37850482e-01
  3.76499727e+00  1.87218878e+00 -4.37850482e-01 -4.37850482e-01
  2.51499572e+00  1.35527364e+00 -4.37850482e-01  1.81814790e+00
 -4.37850482e-01 -4.37850482e-01 -4.37850482e-01 -4.37850482e-01
 -4.37850482e-01 -4.37850482e-01 -4.37850482e-01  2.81104316e+00
 -4.37850482e-01 -4.37850482e-01  6.11484558e-01 -4.37850482e-01
 -4.37850482e-01 -4.37850482e-01 -4.37850482e-01  2.51174532e+00
 -4.37850482e-01 -4.37850482e-01 -4.37850482e-01 -4.37850482e-01
 -4.37850482e-01 -2.96473342e-02  3.39962737e-01  1.38589035e+00
 -4.37850482e-01 -4.37850482e-01  9.33890982e-01  1.07555360e+00
 -4.37850482e-01 -4.37850482e-01 -4.37850482e-01 -2.37836071e-03
 -4.37850482e-01 -4.37850482e-01 -4.37850482e-01 -4.37850482e-01
 -4.37850482e-01  7.68812862e-01 -1.53076845e-01 -4.37850482e-01
 -4.37850482e-01 -4.37850482e-01 -4.37850482e-01  9.33890982e-01
 -4.37850482e-01  4.05824787e-01 -4.37850482e-01 -4.37850482e-01
 -4.37850482e-01 -4.37850482e-01 -4.37850482e-01 -4.37850482e-01
 -4.37850482e-01 -4.37850482e-01  2.82800116e+00 -4.37850482e-01
 -4.37850482e-01  8.72625889e-01 -4.37850482e-01 -4.37850482e-01
  1.17701601e+00 -4.37850482e-01 -4.37850482e-01 -4.37850482e-01
 -4.37850482e-01 -4.37850482e-01 -4.37850482e-01 -4.37850482e-01
  7.68812862e-01 -4.37850482e-01 -4.37850482e-01 -4.37850482e-01
 -4.37850482e-01 -4.37850482e-01 -4.37850482e-01  1.04187400e+00
 -4.37850482e-01 -4.37850482e-01 -4.37850482e-01 -4.37850482e-01
 -4.37850482e-01 -4.37850482e-01 -4.37850482e-01  1.17701601e+00
 -4.37850482e-01 -4.37850482e-01 -4.37850482e-01 -4.37850482e-01
 -4.37850482e-01 -4.37850482e-01 -4.37850482e-01 -4.37850482e-01
 -4.37850482e-01 -4.37850482e-01 -4.37850482e-01 -4.37850482e-01
 -4.37850482e-01 -4.37850482e-01 -4.37850482e-01 -4.37850482e-01
 -4.37850482e-01 -4.37850482e-01 -1.40297493e-01 -4.37850482e-01
 -4.37850482e-01 -4.37850482e-01 -4.37850482e-01 -4.37850482e-01
 -4.37850482e-01 -4.37850482e-01 -4.37850482e-01 -4.37850482e-01
 -4.37850482e-01 -4.37850482e-01 -4.37850482e-01 -4.37850482e-01
 -4.37850482e-01 -4.37850482e-01 -4.37850482e-01 -4.37850482e-01
 -4.37850482e-01 -4.37850482e-01 -4.37850482e-01 -4.37850482e-01
 -4.37850482e-01 -4.37850482e-01 -4.37850482e-01 -4.37850482e-01
 -4.37850482e-01 -4.37850482e-01  4.05824787e-01 -4.37850482e-01
 -4.37850482e-01 -4.37850482e-01 -4.37850482e-01 -4.37850482e-01
 -4.37850482e-01 -4.37850482e-01 -4.37850482e-01 -4.37850482e-01
 -4.37850482e-01  2.83611589e+00 -4.37850482e-01 -4.37850482e-01
 -2.64215047e-01 -4.37850482e-01 -4.37850482e-01 -4.37850482e-01
 -4.37850482e-01 -4.37850482e-01 -4.37850482e-01 -4.37850482e-01
 -4.37850482e-01 -4.37850482e-01 -4.37850482e-01 -4.37850482e-01
  7.68812862e-01 -4.37850482e-01 -4.37850482e-01 -4.37850482e-01
  9.33890982e-01 -4.37850482e-01 -4.37850482e-01 -4.37850482e-01
 -4.37850482e-01  7.68812862e-01 -4.37850482e-01 -4.37850482e-01
 -4.37850482e-01 -4.37850482e-01 -4.37850482e-01 -4.37850482e-01
 -4.37850482e-01 -4.37850482e-01 -4.37850482e-01 -4.37850482e-01
 -4.37850482e-01 -4.37850482e-01 -5.36161144e-02 -4.37850482e-01
 -4.37850482e-01 -4.37850482e-01 -4.37850482e-01 -4.37850482e-01
 -4.37850482e-01 -4.37850482e-01  4.05824787e-01  2.23170018e+00
  3.08536126e+00 -4.37850482e-01 -4.37850482e-01 -4.37850482e-01
 -4.37850482e-01 -4.37850482e-01 -4.37850482e-01 -4.37850482e-01
 -4.37850482e-01 -4.37850482e-01 -4.37850482e-01 -4.37850482e-01
 -4.37850482e-01 -4.37850482e-01 -4.37850482e-01 -4.37850482e-01
  7.68812862e-01 -4.37850482e-01 -4.37850482e-01 -4.37850482e-01
 -4.37850482e-01 -4.37850482e-01 -4.37850482e-01 -4.37850482e-01
 -4.37850482e-01 -4.37850482e-01  2.11570089e+00  3.02011760e-01
 -4.37850482e-01 -4.37850482e-01 -4.37850482e-01  9.33890982e-01
 -4.37850482e-01 -4.37850482e-01 -4.37850482e-01 -4.37850482e-01
 -4.37850482e-01 -4.37850482e-01 -4.37850482e-01 -4.37850482e-01
 -4.37850482e-01 -4.37850482e-01  2.14055433e+00 -4.37850482e-01
 -4.37850482e-01 -4.37850482e-01  4.50227812e+00 -4.37850482e-01
 -4.37850482e-01 -4.37850482e-01  1.17701601e+00  6.83451718e-01
 -4.37850482e-01 -4.37850482e-01 -4.37850482e-01  1.17701601e+00
 -4.37850482e-01 -4.37850482e-01  2.43285825e+00  1.87477381e+00
 -4.37850482e-01 -4.37850482e-01  1.72756018e+00  8.72625889e-01
 -4.37850482e-01 -4.37850482e-01  2.06306070e+00  1.87477381e+00
 -4.37850482e-01 -4.37850482e-01 -4.37850482e-01  1.35527364e+00
  2.91836754e+00  2.08989499e+00  5.21973863e+00 -4.37850482e-01
 -4.37850482e-01 -4.37850482e-01  7.68812862e-01 -4.37850482e-01
 -4.37850482e-01 -4.37850482e-01 -4.37850482e-01 -4.37850482e-01
 -4.37850482e-01 -4.37850482e-01  5.49656614e-01  1.87477381e+00
  2.33062424e+00  1.17701601e+00 -4.37850482e-01 -4.37850482e-01
 -4.37850482e-01 -4.37850482e-01 -4.37850482e-01 -4.37850482e-01
 -4.37850482e-01 -4.37850482e-01 -4.37850482e-01 -4.37850482e-01
 -4.37850482e-01 -4.37850482e-01 -4.37850482e-01 -4.37850482e-01
  2.22690582e-01 -4.37850482e-01 -4.37850482e-01 -4.37850482e-01
 -4.37850482e-01 -4.37850482e-01 -4.37850482e-01  1.07828566e+00
 -4.37850482e-01 -4.37850482e-01  1.42935393e+00  2.67020998e+00
 -4.37850482e-01 -4.37850482e-01 -4.37850482e-01 -4.37850482e-01
  1.68823661e+00 -2.37836071e-03 -4.37850482e-01 -4.37850482e-01
 -4.37850482e-01  1.35527364e+00 -4.37850482e-01  2.22690582e-01
  5.49656614e-01 -4.37850482e-01 -4.37850482e-01  2.09513588e+00
  1.71170420e+00 -4.37850482e-01  2.27588644e+00  2.52159849e+00
 -4.37850482e-01  1.87477381e+00 -4.37850482e-01 -4.37850482e-01
 -4.37850482e-01 -4.37850482e-01 -4.37850482e-01 -4.37850482e-01
 -4.37850482e-01 -4.37850482e-01 -4.37850482e-01 -4.37850482e-01
 -4.37850482e-01 -4.37850482e-01 -4.37850482e-01 -4.37850482e-01
 -4.37850482e-01 -4.37850482e-01 -4.37850482e-01 -4.37850482e-01
  9.06731994e-01 -4.37850482e-01 -4.37850482e-01 -4.37850482e-01
 -4.37850482e-01 -4.37850482e-01 -4.37850482e-01 -4.37850482e-01
 -4.37850482e-01 -4.37850482e-01 -4.37850482e-01 -4.37850482e-01
 -4.37850482e-01 -4.37850482e-01  3.80871115e+00 -4.37850482e-01
 -4.37850482e-01  1.80913718e+00 -4.37850482e-01 -4.37850482e-01
 -4.37850482e-01 -4.37850482e-01  1.17701601e+00  3.02011760e-01
  2.38686052e+00 -4.37850482e-01 -4.37850482e-01 -4.37850482e-01
 -4.37850482e-01 -4.37850482e-01]",[-0.6050268164795998]
1,"[ 1.72429060e+00 -5.20314309e-01 -5.20314309e-01  8.48598763e-01
 -5.20314309e-01 -5.20314309e-01 -5.20314309e-01 -5.20314309e-01
 -5.20314309e-01 -5.20314309e-01  5.02567294e-01 -5.20314309e-01
 -5.20314309e-01 -5.20314309e-01 -5.20314309e-01 -7.63374753e-02
 -1.37696918e-02 -5.20314309e-01 -5.20314309e-01  6.51299563e-01
 -5.20314309e-01 -5.20314309e-01 -5.20314309e-01 -5.20314309e-01
 -5.20314309e-01 -5.20314309e-01 -5.20314309e-01  1.06862674e-01
  3.96225663e-02 -3.06408903e-01 -5.20314309e-01 -5.20314309e-01
 -5.20314309e-01 -5.20314309e-01 -5.20314309e-01 -5.20314309e-01
 -5.20314309e-01 -5.20314309e-01 -5.20314309e-01 -5.20314309e-01
 -5.20314309e-01 -5.20314309e-01 -5.20314309e-01 -5.20314309e-01
 -5.20314309e-01 -5.20314309e-01 -5.20314309e-01  8.48598763e-01
 -5.20314309e-01 -5.20314309e-01 -5.20314309e-01  1.38488349e+00
  8.48598763e-01  1.52544890e+00 -5.20314309e-01  6.42503070e-01
 -5.20314309e-01 -5.20314309e-01 -5.20314309e-01 -5.20314309e-01
 -5.20314309e-01 -5.20314309e-01 -5.20314309e-01 -5.20314309e-01
  3.96225663e-02  3.16789798e-01 -5.20314309e-01 -5.20314309e-01
 -5.20314309e-01  2.79200537e+00 -5.20314309e-01  5.02567294e-01
 -5.20314309e-01 -5.20314309e-01  1.06862674e-01 -5.20314309e-01
 -5.20314309e-01 -5.20314309e-01 -5.20314309e-01 -5.20314309e-01
 -5.20314309e-01 -5.20314309e-01 -5.20314309e-01  1.26968005e+00
  8.48598763e-01  2.54168454e+00  4.26784368e+00  3.01711848e+00
 -5.20314309e-01  3.31290959e+00 -5.20314309e-01  1.98839362e+00
 -5.20314309e-01 -5.20314309e-01  1.87583715e+00  3.69200992e-01
  5.90569002e-01 -5.20314309e-01 -1.94601037e-01  2.08961767e+00
 -5.20314309e-01 -5.20314309e-01 -5.20314309e-01  1.21774599e+00
  6.10601973e-01 -5.20314309e-01 -5.20314309e-01 -5.20314309e-01
  2.54390847e+00 -5.20314309e-01 -5.20314309e-01 -5.20314309e-01
 -5.20314309e-01 -5.20314309e-01 -1.96969841e-01 -5.20314309e-01
  1.94864383e-01 -5.20314309e-01  2.59897523e+00  1.26968005e+00
 -5.20314309e-01  3.47532326e+00 -5.20314309e-01 -5.20314309e-01
  4.30207142e-01 -5.20314309e-01  2.57356488e+00 -5.20314309e-01
  4.39977703e+00 -5.20314309e-01  5.02567294e-01 -5.20314309e-01
  1.33420072e-01 -5.20314309e-01 -2.20873208e-01  2.42477129e+00
 -5.20314309e-01 -5.20314309e-01 -5.20314309e-01 -5.20314309e-01
 -5.20314309e-01 -5.20314309e-01 -5.20314309e-01 -4.40152796e-01
 -4.28036317e-01 -5.20314309e-01 -5.20314309e-01 -5.20314309e-01
 -5.20314309e-01 -5.20314309e-01 -5.20314309e-01  4.20024149e+00
  8.48598763e-01  2.50724219e+00  3.29651729e+00 -5.20314309e-01
  3.35194224e+00  1.87148037e+00  1.44434196e-01 -5.20314309e-01
 -5.20314309e-01  2.76505448e+00 -5.20314309e-01  2.46206222e+00
  2.41039347e+00 -2.49839780e-01  3.53418030e+00  3.96225663e-02
 -2.68080345e-01  1.76854022e-01 -5.20314309e-01 -5.20314309e-01
 -5.20314309e-01 -5.20314309e-01 -5.20314309e-01 -5.20314309e-01
 -5.20314309e-01 -5.20314309e-01 -5.20314309e-01 -5.20314309e-01
 -5.20314309e-01 -5.20314309e-01 -5.20314309e-01 -5.20314309e-01
 -5.20314309e-01 -5.20314309e-01 -5.20314309e-01 -5.20314309e-01
  1.52544890e+00 -5.20314309e-01 -5.20314309e-01 -5.20314309e-01
  3.16789798e-01 -5.20314309e-01 -5.20314309e-01 -5.20314309e-01
 -5.20314309e-01 -5.20314309e-01 -5.20314309e-01 -5.20314309e-01
  3.16789798e-01 -5.20314309e-01 -5.20314309e-01  8.48598763e-01
 -5.20314309e-01 -5.20314309e-01 -5.20314309e-01  8.48598763e-01
 -5.20314309e-01 -5.20314309e-01  5.83106398e-01 -5.20314309e-01
 -5.20314309e-01 -5.20314309e-01 -5.20314309e-01 -5.20314309e-01
  8.48598763e-01 -5.20314309e-01  1.06862674e-01 -5.20314309e-01
 -5.20314309e-01 -5.20314309e-01  5.02567294e-01  8.12907074e-01
 -5.20314309e-01 -5.20314309e-01 -5.20314309e-01 -5.20314309e-01
 -5.20314309e-01 -5.20314309e-01 -5.20314309e-01 -5.20314309e-01
 -5.20314309e-01 -5.20314309e-01 -5.20314309e-01 -5.20314309e-01
 -5.20314309e-01  1.06862674e-01 -5.20314309e-01 -5.20314309e-01
 -5.20314309e-01 -5.20314309e-01 -5.20314309e-01 -5.20314309e-01
  8.20608790e-01 -5.20314309e-01 -5.20314309e-01 -5.20314309e-01
 -5.20314309e-01 -5.20314309e-01 -5.20314309e-01 -5.20314309e-01
 -5.20314309e-01 -5.20314309e-01 -5.20314309e-01 -5.20314309e-01
 -5.20314309e-01 -5.20314309e-01 -5.20314309e-01 -5.20314309e-01
 -5.20314309e-01 -5.20314309e-01 -5.20314309e-01 -5.20314309e-01
 -5.20314309e-01  1.31728104e+00 -5.20314309e-01 -5.20314309e-01
 -5.20314309e-01 -5.20314309e-01 -5.20314309e-01 -5.20314309e-01
 -5.20314309e-01 -5.20314309e-01 -5.20314309e-01 -5.20314309e-01
 -5.20314309e-01 -5.20314309e-01 -5.20314309e-01 -5.20314309e-01
 -5.20314309e-01 -5.20314309e-01 -5.20314309e-01 -5.20314309e-01
 -5.20314309e-01  3.16789798e-01 -5.20314309e-01 -5.20314309e-01
 -5.20314309e-01 -5.20314309e-01 -5.20314309e-01 -5.20314309e-01
  1.39059321e+00 -5.20314309e-01 -5.20314309e-01 -5.20314309e-01
 -5.20314309e-01  3.96225663e-02  1.85687903e+00 -5.20314309e-01
  2.24593908e+00 -5.20314309e-01  2.80899713e+00  1.66538467e+00
  1.94864383e-01  1.95584588e+00  1.06250417e+00 -5.20314309e-01
 -5.20314309e-01 -5.20314309e-01  3.16789798e-01 -5.20314309e-01
  1.09100166e+00 -5.20314309e-01 -5.20314309e-01 -5.20314309e-01
 -5.20314309e-01 -5.20314309e-01 -5.20314309e-01 -5.20314309e-01
 -5.20314309e-01  2.19342045e+00  8.48598763e-01 -5.20314309e-01
 -5.20314309e-01 -5.20314309e-01  3.16789798e-01 -5.20314309e-01
  1.65914547e+00  7.34039657e-01 -5.20314309e-01 -5.20314309e-01
  7.01409000e-01  3.69200992e-01  3.16789798e-01  8.48598763e-01
  5.02567294e-01  8.48598763e-01  8.48598763e-01  1.37514126e+00
 -5.20314309e-01  1.90634521e+00  2.57163500e+00  7.39342510e-01
  1.94864383e-01  1.48860507e+00  1.89314828e+00 -5.20314309e-01
 -5.20314309e-01  8.48598763e-01  1.98839362e+00 -5.20314309e-01
  2.27878697e+00  8.48598763e-01  1.71012409e+00  2.80848701e+00
  2.02809350e+00  1.03975689e+00  2.12238886e+00  4.22920060e+00
 -5.20314309e-01  1.27726662e+00  1.24717936e+00  1.26134587e+00
  2.76746845e+00  1.06250417e+00 -5.20314309e-01  2.83915775e+00
 -5.20314309e-01  3.28934532e+00  1.03034934e+00  2.39066511e+00
  5.02567294e-01 -5.20314309e-01 -5.20314309e-01 -5.20314309e-01
 -5.20314309e-01 -5.73695813e-02 -5.20314309e-01 -5.20314309e-01
 -5.20314309e-01 -5.20314309e-01 -5.20314309e-01  1.06862674e-01
 -5.20314309e-01 -5.20314309e-01 -1.24609689e-01 -5.20314309e-01
 -5.20314309e-01 -5.20314309e-01 -5.20314309e-01 -5.20314309e-01
 -5.20314309e-01 -5.20314309e-01  1.33967140e+00 -5.20314309e-01
  1.21774599e+00 -5.20314309e-01 -5.20314309e-01  2.52605923e+00
 -5.20314309e-01  1.21774599e+00  8.48598763e-01  1.72429060e+00
 -5.20314309e-01 -5.20314309e-01  5.66778848e-01 -5.20314309e-01
  2.94206989e+00  1.58461327e+00 -5.20314309e-01 -5.20314309e-01
  2.88684165e+00  3.40737126e+00 -5.20314309e-01  2.25406070e+00
 -5.20314309e-01 -5.20314309e-01 -3.34798575e-02 -5.20314309e-01
 -5.20314309e-01 -5.20314309e-01 -5.20314309e-01  3.26080589e+00
 -5.20314309e-01 -5.20314309e-01  3.96225663e-02  5.02567294e-01
 -5.20314309e-01 -5.20314309e-01  8.48598763e-01 -5.20314309e-01
 -5.20314309e-01 -5.20314309e-01 -5.20314309e-01 -5.20314309e-01
 -5.20314309e-01  3.55671346e+00 -1.63110641e-01  7.74834229e-01
  9.99706738e-01 -5.20314309e-01  7.19766887e-01  8.87186495e-01
 -5.20314309e-01  3.16789798e-01 -5.20314309e-01 -1.51167087e-01
 -5.20314309e-01 -5.20314309e-01 -5.20314309e-01 -5.20314309e-01
 -5.20314309e-01 -5.73695813e-02 -5.20314309e-01 -5.20314309e-01
 -5.20314309e-01 -5.20314309e-01 -5.20314309e-01  1.37514126e+00
 -5.20314309e-01 -5.20314309e-01 -5.20314309e-01 -5.20314309e-01
 -5.20314309e-01 -5.20314309e-01 -5.20314309e-01 -5.20314309e-01
 -5.20314309e-01 -5.20314309e-01  3.04362303e+00 -5.20314309e-01
 -5.20314309e-01  1.09711362e+00 -5.20314309e-01 -5.20314309e-01
 -5.20314309e-01  5.02567294e-01 -5.20314309e-01 -5.20314309e-01
 -5.20314309e-01  3.98483364e-01 -5.20314309e-01 -5.20314309e-01
  1.06250417e+00 -5.20314309e-01 -5.20314309e-01  6.42503070e-01
 -5.20314309e-01 -5.20314309e-01  5.90569002e-01  2.55096737e+00
 -5.20314309e-01 -5.20314309e-01 -2.12611398e-01 -5.20314309e-01
 -5.20314309e-01 -5.20314309e-01 -5.20314309e-01 -1.51167087e-01
  1.21774599e+00 -5.20314309e-01 -5.20314309e-01 -5.20314309e-01
 -5.20314309e-01 -5.20314309e-01 -5.20314309e-01 -5.20314309e-01
 -5.20314309e-01 -5.20314309e-01  8.48598763e-01 -5.20314309e-01
 -5.20314309e-01 -5.20314309e-01 -5.20314309e-01 -5.20314309e-01
 -5.20314309e-01 -5.20314309e-01  2.67548395e+00 -5.20314309e-01
 -5.20314309e-01 -5.20314309e-01 -5.20314309e-01 -5.20314309e-01
 -5.20314309e-01 -5.20314309e-01 -5.20314309e-01 -5.20314309e-01
 -5.20314309e-01 -5.20314309e-01 -5.20314309e-01 -5.20314309e-01
 -5.20314309e-01 -5.20314309e-01 -5.20314309e-01 -5.20314309e-01
 -5.20314309e-01 -5.20314309e-01 -5.20314309e-01 -5.20314309e-01
 -5.20314309e-01 -5.20314309e-01 -5.20314309e-01 -5.20314309e-01
 -5.20314309e-01 -5.20314309e-01 -5.20314309e-01 -5.20314309e-01
 -5.20314309e-01 -5.20314309e-01 -5.20314309e-01 -5.20314309e-01
 -5.20314309e-01 -5.20314309e-01  3.16789798e-01 -5.20314309e-01
  8.48598763e-01  2.36124454e+00 -5.20314309e-01 -5.20314309e-01
 -3.73124545e-01 -5.20314309e-01 -5.20314309e-01 -5.20314309e-01
 -5.20314309e-01 -5.20314309e-01 -5.20314309e-01 -5.20314309e-01
 -5.20314309e-01 -5.20314309e-01 -5.20314309e-01 -5.20314309e-01
 -5.20314309e-01 -5.20314309e-01 -5.20314309e-01  1.59969377e+00
 -5.20314309e-01 -5.20314309e-01 -5.20314309e-01 -5.20314309e-01
 -5.20314309e-01 -5.20314309e-01 -5.20314309e-01 -5.20314309e-01
 -5.20314309e-01 -5.20314309e-01 -5.20314309e-01 -5.20314309e-01
 -5.20314309e-01 -5.20314309e-01 -5.20314309e-01 -5.20314309e-01
 -5.20314309e-01 -5.20314309e-01  1.14946561e-02 -5.20314309e-01
 -5.20314309e-01 -5.20314309e-01 -5.20314309e-01  1.06862674e-01
 -5.20314309e-01  3.16789798e-01  1.96684838e+00  2.64159382e+00
  2.12169608e+00 -5.20314309e-01 -5.20314309e-01 -5.20314309e-01
 -5.20314309e-01 -5.20314309e-01 -5.20314309e-01 -5.20314309e-01
 -5.20314309e-01  8.48598763e-01 -5.20314309e-01 -5.20314309e-01
 -5.20314309e-01 -5.20314309e-01 -5.20314309e-01 -5.20314309e-01
 -5.20314309e-01 -5.20314309e-01 -5.20314309e-01 -5.20314309e-01
  8.48598763e-01 -5.20314309e-01 -5.20314309e-01 -5.20314309e-01
 -5.20314309e-01 -5.20314309e-01  1.93936083e+00  2.71094930e-01
 -5.20314309e-01 -5.20314309e-01 -2.28693619e-01 -5.20314309e-01
 -5.20314309e-01 -5.20314309e-01 -5.20314309e-01 -5.20314309e-01
 -5.20314309e-01 -5.20314309e-01 -5.20314309e-01 -5.20314309e-01
 -5.20314309e-01 -5.20314309e-01  1.66538467e+00 -5.20314309e-01
 -5.20314309e-01 -5.20314309e-01  3.52537038e+00  8.48598763e-01
 -5.20314309e-01 -5.20314309e-01  1.59969377e+00  5.66778848e-01
 -5.20314309e-01 -5.20314309e-01 -5.20314309e-01 -5.20314309e-01
 -5.20314309e-01 -5.20314309e-01  8.48598763e-01  1.44008406e+00
  8.48598763e-01 -5.20314309e-01  2.13607068e+00  3.98483364e-01
 -5.20314309e-01 -5.20314309e-01  2.05485009e+00  1.44008406e+00
  5.38037153e-01 -5.20314309e-01 -5.20314309e-01  1.33967140e+00
  2.69851576e+00  2.15963064e+00  4.33289830e+00 -5.20314309e-01
 -5.20314309e-01  1.06862674e-01  1.72429060e+00  8.48598763e-01
  8.48598763e-01 -5.20314309e-01 -5.20314309e-01 -5.20314309e-01
 -5.20314309e-01 -5.20314309e-01  1.44008406e+00  1.98839362e+00
  2.71847867e+00 -5.20314309e-01 -5.20314309e-01 -5.20314309e-01
 -5.20314309e-01 -5.20314309e-01  8.48598763e-01 -5.20314309e-01
 -5.20314309e-01 -5.20314309e-01 -5.20314309e-01 -5.20314309e-01
 -5.20314309e-01 -5.20314309e-01 -5.20314309e-01 -5.20314309e-01
 -5.20314309e-01 -5.20314309e-01 -5.20314309e-01 -5.20314309e-01
 -5.20314309e-01 -5.20314309e-01 -5.20314309e-01  2.77874492e-03
 -5.20314309e-01 -5.20314309e-01  1.94864383e-01  3.02481760e+00
 -5.20314309e-01 -5.20314309e-01  5.02567294e-01 -5.20314309e-01
  1.33967140e+00  7.11709847e-02 -5.20314309e-01 -5.20314309e-01
 -5.20314309e-01  8.48598763e-01 -5.20314309e-01 -5.20314309e-01
 -5.20314309e-01  8.48598763e-01 -5.20314309e-01  1.31728104e+00
  1.64431656e+00 -5.20314309e-01  9.99706738e-01  2.16826744e+00
 -5.20314309e-01  2.11437073e+00 -5.20314309e-01 -5.20314309e-01
 -5.20314309e-01 -5.20314309e-01  8.48598763e-01 -5.20314309e-01
 -5.20314309e-01 -5.20314309e-01 -5.20314309e-01 -5.20314309e-01
 -5.20314309e-01 -5.20314309e-01 -5.20314309e-01 -5.20314309e-01
 -5.20314309e-01 -5.20314309e-01 -5.20314309e-01 -5.20314309e-01
  1.50340442e+00 -5.20314309e-01 -5.20314309e-01 -5.20314309e-01
 -5.20314309e-01  1.47657246e-01  8.48598763e-01 -5.20314309e-01
 -5.20314309e-01 -5.20314309e-01 -5.20314309e-01 -5.20314309e-01
 -5.20314309e-01 -5.20314309e-01  3.16789798e-01 -5.20314309e-01
 -5.20314309e-01  2.41395164e+00  9.29137867e-01 -5.20314309e-01
 -5.20314309e-01 -5.20314309e-01 -5.20314309e-01 -5.20314309e-01
 -3.65072492e-01 -5.20314309e-01 -5.20314309e-01 -5.20314309e-01
 -5.20314309e-01 -5.20314309e-01]",[-0.9084142788910468]
1,"[-0.38409176 -0.38409176 -0.38409176 -0.38409176 -0.38409176 -0.38409176
 -0.38409176 -0.38409176 -0.38409176 -0.38409176 -0.38409176 -0.38409176
 -0.38409176 -0.38409176 -0.38409176 -0.38409176 -0.38409176 -0.38409176
 -0.38409176  2.05161979 -0.38409176 -0.38409176 -0.38409176 -0.38409176
 -0.38409176 -0.38409176 -0.38409176  0.38505799 -0.38409176 -0.38409176
 -0.38409176 -0.38409176 -0.38409176 -0.38409176 -0.38409176 -0.38409176
 -0.38409176 -0.38409176 -0.38409176 -0.38409176 -0.38409176 -0.38409176
 -0.38409176 -0.38409176 -0.38409176 -0.38409176 -0.38409176 -0.38409176
  0.49298046 -0.38409176  1.29469935  0.23711832 -0.38409176  1.6586695
 -0.38409176 -0.38409176 -0.38409176 -0.38409176 -0.38409176 -0.38409176
 -0.38409176 -0.38409176 -0.38409176 -0.38409176 -0.38409176 -0.38409176
 -0.38409176 -0.38409176 -0.38409176  1.29469935 -0.38409176 -0.38409176
 -0.38409176 -0.38409176 -0.38409176 -0.38409176 -0.38409176 -0.38409176
 -0.38409176 -0.38409176 -0.38409176 -0.38409176 -0.38409176 -0.38409176
 -0.38409176  2.75450437  1.59947     3.32880648 -0.38409176  5.42487109
 -0.38409176 -0.38409176 -0.38409176 -0.38409176  0.82287715 -0.04418275
 -0.38409176 -0.38409176 -0.38409176  1.29469935 -0.38409176 -0.38409176
 -0.38409176 -0.38409176  0.49298046 -0.38409176 -0.38409176 -0.38409176
  0.64250589 -0.38409176 -0.38409176 -0.38409176 -0.38409176 -0.38409176
 -0.15811479 -0.38409176  1.43807802  0.18364882  2.26825404  2.69250723
 -0.38409176  3.5459134   5.65584584  2.21581819  4.5861323  -0.38409176
  0.36247183 -0.38409176  3.22879388 -0.38409176 -0.38409176 -0.38409176
 -0.38409176 -0.38409176 -0.01686679  2.92353273  2.38796104 -0.38409176
 -0.38409176 -0.38409176 -0.38409176 -0.38409176 -0.38409176  4.8000348
  2.63731464 -0.38409176 -0.38409176 -0.38409176 -0.38409176  1.85423221
 -0.38409176  4.12922878  0.43508714 -0.38409176 -0.38409176 -0.38409176
  0.64250589 -0.38409176  0.91418075 -0.38409176 -0.38409176  4.59475091
 -0.38409176  3.02276808  2.03026897  0.41278875  2.77707798  5.56058273
  1.25841609 -0.24637286 -0.38409176 -0.38409176 -0.38409176 -0.38409176
 -0.38409176 -0.38409176 -0.38409176 -0.38409176 -0.38409176 -0.38409176
 -0.38409176  0.23711832 -0.38409176 -0.38409176 -0.38409176 -0.38409176
 -0.38409176 -0.38409176 -0.38409176 -0.38409176 -0.38409176 -0.38409176
 -0.38409176 -0.38409176 -0.38409176 -0.38409176 -0.38409176 -0.38409176
 -0.38409176  0.97825992  1.0419502  -0.38409176 -0.38409176 -0.38409176
 -0.38409176 -0.38409176 -0.38409176  1.29469935 -0.38409176 -0.38409176
  0.21814398 -0.38409176 -0.38409176 -0.38409176 -0.38409176 -0.38409176
 -0.38409176 -0.38409176 -0.38409176 -0.38409176 -0.38409176 -0.38409176
 -0.38409176 -0.38409176 -0.38409176 -0.38409176 -0.38409176 -0.38409176
 -0.38409176 -0.38409176 -0.38409176 -0.38409176 -0.38409176 -0.38409176
 -0.38409176 -0.38409176 -0.38409176 -0.38409176 -0.38409176 -0.38409176
 -0.38409176  1.29469935 -0.38409176 -0.38409176  0.61357159 -0.38409176
 -0.38409176 -0.38409176 -0.38409176 -0.38409176 -0.38409176 -0.38409176
 -0.38409176 -0.38409176 -0.38409176 -0.38409176  0.49298046 -0.38409176
 -0.38409176 -0.38409176 -0.38409176 -0.38409176 -0.38409176 -0.38409176
 -0.38409176 -0.38409176 -0.38409176 -0.38409176 -0.38409176 -0.38409176
 -0.38409176 -0.38409176 -0.38409176 -0.38409176 -0.38409176 -0.38409176
 -0.38409176 -0.38409176 -0.38409176 -0.38409176 -0.38409176 -0.38409176
 -0.38409176 -0.38409176 -0.38409176 -0.38409176 -0.38409176 -0.38409176
 -0.38409176 -0.38409176 -0.38409176 -0.38409176  1.00163156 -0.38409176
 -0.38409176 -0.38409176 -0.38409176  0.30259688  2.21581819 -0.38409176
  2.56639694 -0.38409176  3.70852739  1.82615666 -0.38409176  1.27461284
 -0.38409176 -0.38409176 -0.38409176  0.49298046 -0.38409176 -0.38409176
  0.77339341 -0.38409176 -0.38409176 -0.38409176 -0.38409176  0.49298046
 -0.38409176 -0.38409176 -0.38409176 -0.38409176 -0.38409176 -0.38409176
 -0.38409176 -0.38409176 -0.38409176 -0.38409176  2.18080538  0.38505799
 -0.38409176 -0.38409176 -0.38409176 -0.38409176 -0.38409176 -0.38409176
 -0.38409176  2.12476666  0.87033745  1.0419502  -0.38409176  2.04820044
  1.48001333  0.68367649  0.49298046  1.52341434  2.3816414  -0.38409176
 -0.38409176 -0.38409176  2.77400731 -0.38409176  2.27299523  1.29469935
  1.29469935  4.35987802  1.55702608 -0.04418275  0.23711832  3.17972562
 -0.38409176  0.599803    1.22014917  2.36861975  3.59679678  1.72625669
 -0.38409176  3.23581719 -0.38409176  3.75790207  1.27473288  2.47728165
  0.58646716 -0.38409176 -0.38409176 -0.38409176 -0.38409176  0.18364882
 -0.38409176 -0.38409176 -0.38409176 -0.38409176 -0.38409176  1.29469935
 -0.38409176 -0.38409176 -0.02645749 -0.38409176 -0.38409176 -0.38409176
 -0.38409176 -0.38409176 -0.38409176 -0.38409176 -0.38409176 -0.38409176
  1.29469935 -0.38409176 -0.38409176  3.52387012 -0.38409176 -0.38409176
 -0.38409176  3.17345163 -0.38409176 -0.38409176  0.5610058  -0.38409176
  3.01553394  2.58270369 -0.38409176 -0.38409176  2.66763819  0.30259688
 -0.38409176  2.0086938  -0.38409176 -0.38409176  2.9191373  -0.38409176
 -0.38409176  2.86973437 -0.38409176  0.02494983 -0.38409176 -0.38409176
 -0.14023866  5.89477453  5.71360972 -0.38409176 -0.38409176  3.70906008
 -0.38409176  0.23711832  2.21581819 -0.38409176 -0.38409176 -0.38409176
 -0.38409176  0.20911018 -0.38409176  0.38505799  0.93233459  1.22874065
 -0.38409176  0.87033745 -0.38409176 -0.38409176 -0.38409176 -0.38409176
 -0.38409176 -0.38409176 -0.38409176 -0.38409176 -0.08804533 -0.38409176
 -0.38409176 -0.38409176 -0.38409176  2.36861975 -0.38409176 -0.38409176
 -0.38409176 -0.38409176 -0.38409176 -0.38409176 -0.38409176 -0.38409176
 -0.38409176  0.64250589  1.74740967 -0.38409176 -0.38409176  1.07174662
 -0.38409176 -0.38409176 -0.38409176 -0.38409176 -0.38409176 -0.38409176
 -0.38409176 -0.38409176 -0.38409176 -0.38409176  0.87033745 -0.38409176
 -0.38409176 -0.38409176 -0.38409176 -0.38409176  0.58646716  2.21581819
 -0.38409176 -0.38409176 -0.38409176 -0.38409176 -0.38409176 -0.38409176
 -0.38409176  2.8081325  -0.38409176 -0.38409176 -0.38409176 -0.38409176
 -0.38409176 -0.38409176 -0.38409176 -0.38409176 -0.38409176 -0.38409176
 -0.38409176 -0.38409176 -0.38409176 -0.38409176 -0.38409176 -0.38409176
 -0.38409176 -0.38409176 -0.38409176 -0.38409176 -0.38409176 -0.38409176
 -0.38409176 -0.38409176 -0.38409176 -0.38409176 -0.38409176 -0.38409176
 -0.38409176 -0.38409176  1.29469935 -0.38409176  0.64250589 -0.38409176
 -0.38409176 -0.38409176 -0.38409176 -0.38409176 -0.38409176 -0.38409176
 -0.38409176 -0.38409176 -0.38409176 -0.38409176 -0.38409176 -0.38409176
 -0.38409176  0.87033745 -0.38409176 -0.38409176 -0.38409176 -0.38409176
 -0.38409176 -0.38409176 -0.38409176 -0.38409176 -0.38409176  2.23387878
 -0.38409176 -0.38409176 -0.38409176 -0.38409176 -0.38409176 -0.38409176
 -0.38409176 -0.38409176 -0.38409176 -0.38409176 -0.38409176 -0.38409176
 -0.38409176 -0.38409176  0.49298046 -0.38409176 -0.38409176 -0.38409176
  1.0419502  -0.38409176 -0.38409176 -0.38409176 -0.38409176 -0.38409176
 -0.38409176 -0.38409176 -0.38409176 -0.38409176 -0.38409176 -0.38409176
 -0.38409176 -0.38409176 -0.38409176 -0.38409176 -0.38409176 -0.38409176
 -0.38409176 -0.38409176 -0.38409176 -0.38409176 -0.38409176 -0.38409176
 -0.38409176 -0.38409176  0.38505799  2.21581819  2.88226421 -0.38409176
 -0.38409176 -0.38409176 -0.38409176 -0.38409176 -0.38409176 -0.38409176
 -0.38409176 -0.38409176 -0.38409176 -0.38409176 -0.38409176  0.49298046
 -0.38409176 -0.38409176 -0.38409176  2.21581819  0.78159728 -0.38409176
 -0.38409176 -0.38409176 -0.38409176 -0.38409176 -0.38409176 -0.38409176
 -0.38409176 -0.38409176 -0.38409176 -0.38409176 -0.38409176 -0.38409176
 -0.38409176 -0.38409176 -0.38409176 -0.38409176 -0.38409176 -0.38409176
 -0.38409176 -0.38409176 -0.38409176 -0.38409176 -0.38409176 -0.38409176
 -0.38409176 -0.38409176  0.07040867 -0.38409176 -0.38409176 -0.38409176
 -0.38409176 -0.38409176 -0.38409176 -0.38409176 -0.38409176 -0.38409176
 -0.38409176 -0.38409176  0.30259688 -0.38409176 -0.38409176 -0.38409176
 -0.38409176 -0.38409176 -0.38409176 -0.38409176 -0.38409176 -0.38409176
 -0.38409176 -0.38409176 -0.38409176 -0.38409176 -0.38409176  0.64250589
  1.29469935 -0.38409176 -0.38409176 -0.38409176 -0.38409176 -0.38409176
 -0.38409176 -0.38409176 -0.38409176 -0.38409176 -0.38409176 -0.38409176
 -0.38409176 -0.38409176 -0.38409176 -0.38409176 -0.38409176 -0.38409176
 -0.38409176 -0.38409176 -0.38409176 -0.38409176 -0.38409176 -0.38409176
 -0.38409176 -0.38409176 -0.38409176 -0.38409176 -0.38409176 -0.38409176
 -0.38409176 -0.38409176 -0.38409176 -0.38409176 -0.38409176 -0.38409176
 -0.38409176  0.38505799 -0.38409176 -0.38409176 -0.38409176 -0.38409176
 -0.38409176 -0.38409176 -0.38409176 -0.38409176 -0.38409176 -0.38409176
 -0.38409176 -0.38409176 -0.38409176 -0.38409176 -0.38409176 -0.38409176
 -0.38409176 -0.38409176 -0.38409176 -0.38409176 -0.38409176 -0.38409176
 -0.38409176 -0.38409176 -0.38409176 -0.38409176 -0.38409176 -0.38409176
 -0.38409176 -0.38409176 -0.38409176 -0.38409176 -0.38409176 -0.38409176
 -0.38409176 -0.38409176 -0.38409176 -0.38409176 -0.38409176 -0.38409176
 -0.38409176 -0.38409176 -0.38409176 -0.38409176  1.40179476 -0.38409176
 -0.38409176 -0.38409176 -0.38409176 -0.38409176 -0.38409176 -0.38409176
 -0.38409176 -0.38409176 -0.38409176 -0.38409176 -0.38409176 -0.38409176
 -0.38409176 -0.38409176 -0.38409176  0.34128685  3.0466756  -0.38409176
 -0.38409176 -0.38409176 -0.38409176 -0.38409176 -0.38409176 -0.38409176
 -0.38409176 -0.38409176 -0.38409176 -0.38409176]",[1.4926190377146624]
1,"[-2.55268194e-01 -2.55268194e-01 -2.55268194e-01 -2.55268194e-01
 -2.55268194e-01 -2.55268194e-01 -2.55268194e-01 -2.55268194e-01
 -2.55268194e-01 -2.55268194e-01 -2.55268194e-01 -2.55268194e-01
 -2.55268194e-01 -2.55268194e-01 -2.55268194e-01 -2.55268194e-01
 -2.55268194e-01 -2.55268194e-01 -2.55268194e-01 -2.55268194e-01
 -2.55268194e-01 -2.55268194e-01 -2.55268194e-01 -2.55268194e-01
 -2.55268194e-01 -2.55268194e-01 -2.55268194e-01 -2.55268194e-01
 -2.55268194e-01 -2.55268194e-01 -2.55268194e-01 -2.55268194e-01
 -2.55268194e-01 -2.55268194e-01 -2.55268194e-01 -2.55268194e-01
 -2.55268194e-01 -2.55268194e-01 -2.55268194e-01 -2.55268194e-01
 -2.55268194e-01 -2.55268194e-01 -2.55268194e-01 -2.55268194e-01
 -2.55268194e-01 -2.55268194e-01 -2.55268194e-01 -2.55268194e-01
 -2.55268194e-01 -2.55268194e-01 -2.55268194e-01 -2.55268194e-01
  3.11616389e+00 -2.55268194e-01 -2.55268194e-01 -2.55268194e-01
 -2.55268194e-01 -2.55268194e-01 -2.55268194e-01 -2.55268194e-01
 -2.55268194e-01 -2.55268194e-01 -2.55268194e-01 -2.55268194e-01
 -2.55268194e-01 -2.55268194e-01 -2.55268194e-01 -2.55268194e-01
 -2.55268194e-01 -2.55268194e-01 -2.55268194e-01 -2.55268194e-01
 -2.55268194e-01 -2.55268194e-01 -2.55268194e-01 -2.55268194e-01
 -2.55268194e-01 -2.55268194e-01 -2.55268194e-01 -2.55268194e-01
 -2.55268194e-01 -2.55268194e-01 -2.55268194e-01 -2.55268194e-01
 -2.55268194e-01 -2.55268194e-01  3.55224059e+00  3.11616389e+00
 -2.55268194e-01  1.80639642e+00 -2.55268194e-01 -2.55268194e-01
 -2.55268194e-01 -2.55268194e-01 -2.55268194e-01 -2.55268194e-01
 -2.55268194e-01 -2.55268194e-01 -2.55268194e-01  2.42208278e+00
 -2.55268194e-01 -2.55268194e-01 -2.55268194e-01 -2.55268194e-01
 -2.55268194e-01 -2.55268194e-01 -2.55268194e-01 -2.55268194e-01
 -2.55268194e-01 -2.55268194e-01 -2.55268194e-01 -2.55268194e-01
 -2.55268194e-01 -2.55268194e-01  5.46862700e+00  1.12377419e+00
 -2.55268194e-01 -2.55268194e-01  2.97150658e+00  2.83402162e+00
 -2.55268194e-01  3.30021665e+00 -2.55268194e-01 -2.55268194e-01
  3.28783984e+00  9.80789837e-02  1.64272389e+00  5.96956554e-01
  3.55729814e+00 -2.55268194e-01 -2.55268194e-01 -2.55268194e-01
 -2.55268194e-01 -2.55268194e-01 -2.55268194e-01  1.80639642e+00
  3.84710690e+00 -2.55268194e-01 -2.55268194e-01 -2.55268194e-01
 -2.55268194e-01 -2.55268194e-01 -2.55268194e-01 -1.53092763e-01
  1.07562903e+01 -2.55268194e-01 -2.55268194e-01 -2.55268194e-01
 -2.55268194e-01 -2.55268194e-01 -2.55268194e-01  4.07318767e+00
 -2.55268194e-01  3.11616389e+00  4.02531934e+00 -2.55268194e-01
 -2.55268194e-01 -2.55268194e-01  3.80221256e-01 -2.55268194e-01
 -2.55268194e-01  2.32429160e+00 -2.55268194e-01  1.86861880e+00
  2.55187934e+00 -2.55268194e-01 -2.55268194e-01  5.56250536e+00
 -2.55268194e-01  3.66195612e+00 -2.55268194e-01 -2.55268194e-01
 -2.55268194e-01 -2.55268194e-01 -2.55268194e-01 -2.55268194e-01
 -2.55268194e-01 -2.55268194e-01 -2.55268194e-01 -2.55268194e-01
 -2.55268194e-01 -2.55268194e-01 -2.55268194e-01 -2.55268194e-01
 -2.55268194e-01 -2.55268194e-01 -2.55268194e-01 -2.55268194e-01
 -2.55268194e-01 -2.55268194e-01 -2.55268194e-01 -2.55268194e-01
 -2.55268194e-01 -2.55268194e-01 -2.55268194e-01 -2.55268194e-01
 -2.55268194e-01 -2.55268194e-01 -2.55268194e-01 -2.55268194e-01
 -2.55268194e-01 -2.55268194e-01 -2.55268194e-01 -2.55268194e-01
 -2.55268194e-01 -2.55268194e-01 -2.55268194e-01 -2.55268194e-01
 -2.55268194e-01 -2.55268194e-01 -2.55268194e-01 -2.55268194e-01
 -2.55268194e-01 -2.55268194e-01 -2.55268194e-01 -2.55268194e-01
 -2.55268194e-01 -2.55268194e-01 -2.55268194e-01 -2.55268194e-01
 -2.55268194e-01 -2.55268194e-01 -2.55268194e-01 -2.55268194e-01
 -2.55268194e-01 -2.55268194e-01 -2.55268194e-01 -2.55268194e-01
 -2.55268194e-01 -2.55268194e-01 -2.55268194e-01 -2.55268194e-01
 -2.55268194e-01 -2.55268194e-01 -2.55268194e-01 -2.55268194e-01
 -2.55268194e-01 -2.55268194e-01 -2.55268194e-01 -2.55268194e-01
 -2.55268194e-01 -2.55268194e-01 -2.55268194e-01 -2.55268194e-01
 -2.55268194e-01 -2.55268194e-01 -2.55268194e-01  3.11616389e+00
 -2.55268194e-01 -2.55268194e-01 -2.55268194e-01 -2.55268194e-01
 -2.55268194e-01 -2.55268194e-01 -2.55268194e-01 -2.55268194e-01
 -2.55268194e-01 -2.55268194e-01 -2.55268194e-01 -2.55268194e-01
 -2.55268194e-01 -2.55268194e-01 -2.55268194e-01 -2.55268194e-01
 -2.55268194e-01 -2.55268194e-01 -2.55268194e-01 -2.55268194e-01
 -2.55268194e-01 -2.55268194e-01 -2.55268194e-01 -2.55268194e-01
 -2.55268194e-01 -2.55268194e-01 -2.55268194e-01 -2.55268194e-01
 -2.55268194e-01 -2.55268194e-01 -2.55268194e-01 -2.55268194e-01
 -2.55268194e-01 -2.55268194e-01 -2.55268194e-01 -2.55268194e-01
 -2.55268194e-01 -2.55268194e-01 -2.55268194e-01 -2.55268194e-01
 -2.55268194e-01 -2.55268194e-01 -2.55268194e-01 -2.55268194e-01
 -1.24678654e-03 -2.55268194e-01 -2.55268194e-01 -2.55268194e-01
 -2.55268194e-01 -2.55268194e-01 -2.55268194e-01 -2.55268194e-01
  2.16414297e+00 -2.55268194e-01 -9.97511142e-02 -2.55268194e-01
 -2.55268194e-01 -2.52058155e-02 -2.55268194e-01 -2.55268194e-01
 -2.55268194e-01 -2.55268194e-01 -2.55268194e-01 -2.55268194e-01
 -8.42890056e-02 -2.55268194e-01 -2.55268194e-01 -2.55268194e-01
 -2.55268194e-01 -2.55268194e-01 -2.55268194e-01 -2.55268194e-01
 -2.55268194e-01 -2.55268194e-01 -2.55268194e-01 -2.55268194e-01
 -2.55268194e-01 -2.55268194e-01 -2.55268194e-01 -2.55268194e-01
  2.00759569e+00 -2.55268194e-01 -2.55268194e-01 -2.55268194e-01
 -2.55268194e-01 -2.55268194e-01 -2.55268194e-01 -2.55268194e-01
 -2.55268194e-01 -2.55268194e-01 -2.55268194e-01 -2.55268194e-01
 -2.55268194e-01  2.03112036e+00  2.54608141e+00 -1.81216456e-02
 -2.55268194e-01  1.40191647e+00  3.07476748e+00 -2.55268194e-01
 -2.55268194e-01 -2.55268194e-01 -2.55268194e-01 -2.55268194e-01
  3.45004549e+00 -2.55268194e-01  3.26749221e+00  2.59611308e+00
  1.80639642e+00 -2.55268194e-01  9.92276889e-01  8.75295001e+00
 -2.55268194e-01  1.42665605e+00 -2.55268194e-01 -2.55268194e-01
  5.23102399e+00  4.27354040e-01 -2.55268194e-01  3.72821952e+00
 -2.55268194e-01 -2.55268194e-01  7.40870051e-01  2.12388667e+00
  2.00759569e+00  3.95178805e-01 -2.55268194e-01 -2.55268194e-01
 -2.55268194e-01 -2.55268194e-01 -2.55268194e-01 -2.55268194e-01
 -2.55268194e-01 -2.55268194e-01 -2.55268194e-01 -2.55268194e-01
 -2.55268194e-01 -2.55268194e-01 -2.55268194e-01 -2.55268194e-01
 -2.55268194e-01 -2.55268194e-01 -2.55268194e-01 -2.55268194e-01
 -2.55268194e-01 -2.55268194e-01 -2.55268194e-01 -2.55268194e-01
 -2.55268194e-01 -2.55268194e-01 -2.55268194e-01  1.63566920e+00
 -2.55268194e-01 -2.55268194e-01 -2.55268194e-01 -2.55268194e-01
 -2.55268194e-01 -2.55268194e-01 -2.55268194e-01 -2.55268194e-01
  4.62776522e+00  9.48379581e-01 -2.55268194e-01 -2.55268194e-01
  1.38837335e+00  1.12377419e+00 -2.55268194e-01 -2.55268194e-01
 -2.55268194e-01 -2.55268194e-01 -2.55268194e-01 -2.55268194e-01
  5.27286443e+00 -2.55268194e-01 -2.55268194e-01  7.70442949e+00
 -2.55268194e-01 -2.55268194e-01 -2.55268194e-01 -2.55268194e-01
 -2.55268194e-01 -2.55268194e-01 -2.55268194e-01  1.07238602e-01
 -2.55268194e-01 -2.55268194e-01 -2.55268194e-01 -2.55268194e-01
 -2.55268194e-01  2.05369806e+00  4.55304636e+00 -2.55268194e-01
 -2.55268194e-01 -2.55268194e-01 -2.55268194e-01  1.45343817e-01
 -2.55268194e-01 -2.55268194e-01 -2.55268194e-01 -2.55268194e-01
 -2.55268194e-01 -2.55268194e-01 -2.55268194e-01 -2.55268194e-01
 -2.55268194e-01 -2.55268194e-01 -2.55268194e-01 -2.55268194e-01
 -2.55268194e-01 -2.55268194e-01 -2.55268194e-01 -2.55268194e-01
 -2.55268194e-01 -2.55268194e-01 -2.55268194e-01 -2.55268194e-01
 -2.55268194e-01 -2.55268194e-01 -2.55268194e-01 -2.55268194e-01
 -2.55268194e-01 -2.55268194e-01 -2.55268194e-01 -2.55268194e-01
 -2.55268194e-01 -2.55268194e-01 -2.55268194e-01 -2.55268194e-01
 -2.55268194e-01 -2.55268194e-01 -2.55268194e-01 -2.55268194e-01
 -2.55268194e-01 -2.55268194e-01 -2.55268194e-01 -2.55268194e-01
 -2.55268194e-01 -2.55268194e-01 -2.55268194e-01 -2.55268194e-01
  3.95178805e-01 -2.55268194e-01 -2.55268194e-01 -2.55268194e-01
 -2.55268194e-01 -2.55268194e-01 -2.55268194e-01 -2.55268194e-01
 -2.55268194e-01 -2.55268194e-01 -2.55268194e-01  6.53887262e-01
 -2.55268194e-01 -2.55268194e-01 -2.55268194e-01 -2.55268194e-01
 -2.55268194e-01 -2.55268194e-01 -2.55268194e-01 -2.55268194e-01
 -2.55268194e-01 -2.55268194e-01 -2.55268194e-01 -2.55268194e-01
 -2.55268194e-01 -2.55268194e-01 -2.55268194e-01 -2.55268194e-01
 -2.55268194e-01 -2.55268194e-01 -2.55268194e-01 -2.55268194e-01
 -2.55268194e-01 -2.55268194e-01 -2.55268194e-01 -2.55268194e-01
 -2.55268194e-01 -2.55268194e-01 -2.55268194e-01 -2.55268194e-01
 -2.55268194e-01 -2.55268194e-01 -2.55268194e-01 -2.55268194e-01
 -2.55268194e-01 -2.55268194e-01 -2.55268194e-01 -2.55268194e-01
 -2.55268194e-01 -2.55268194e-01 -2.55268194e-01 -2.55268194e-01
 -2.55268194e-01 -2.55268194e-01 -2.55268194e-01 -2.55268194e-01
 -2.55268194e-01 -2.55268194e-01 -2.55268194e-01 -2.55268194e-01
 -2.55268194e-01 -2.55268194e-01 -2.55268194e-01 -2.55268194e-01
 -2.55268194e-01 -2.55268194e-01 -2.55268194e-01 -2.55268194e-01
 -2.55268194e-01  3.06975715e+00 -2.55268194e-01 -2.55268194e-01
 -2.55268194e-01 -2.55268194e-01 -2.55268194e-01 -2.55268194e-01
 -2.55268194e-01 -2.55268194e-01 -2.55268194e-01 -2.55268194e-01
 -2.55268194e-01 -2.55268194e-01 -2.55268194e-01 -2.55268194e-01
 -2.55268194e-01 -2.55268194e-01 -2.55268194e-01 -2.55268194e-01
 -2.55268194e-01 -2.55268194e-01 -2.55268194e-01 -2.55268194e-01
 -2.55268194e-01 -2.55268194e-01 -2.55268194e-01 -2.55268194e-01
 -2.55268194e-01 -2.55268194e-01 -2.55268194e-01 -2.55268194e-01
 -2.55268194e-01 -2.55268194e-01 -2.55268194e-01 -2.55268194e-01
 -2.55268194e-01 -2.55268194e-01 -2.55268194e-01 -2.55268194e-01
 -2.55268194e-01 -2.55268194e-01 -2.55268194e-01 -2.55268194e-01
 -2.55268194e-01 -2.55268194e-01  2.14160146e+00  1.80639642e+00
 -2.55268194e-01 -2.55268194e-01 -2.55268194e-01 -2.55268194e-01
 -2.55268194e-01 -2.55268194e-01 -2.55268194e-01 -2.55268194e-01
 -2.55268194e-01 -2.55268194e-01 -2.55268194e-01 -2.55268194e-01
 -2.55268194e-01 -2.55268194e-01 -2.55268194e-01 -2.55268194e-01
 -2.55268194e-01 -2.55268194e-01  1.64272389e+00 -2.55268194e-01
 -2.55268194e-01  1.80639642e+00 -2.55268194e-01 -2.55268194e-01
 -2.55268194e-01 -2.55268194e-01 -2.55268194e-01 -2.55268194e-01
 -2.55268194e-01 -2.55268194e-01 -2.55268194e-01 -2.55268194e-01
 -2.55268194e-01 -2.55268194e-01 -2.55268194e-01 -2.55268194e-01
 -2.55268194e-01 -2.55268194e-01 -2.55268194e-01 -2.55268194e-01
 -2.55268194e-01 -2.55268194e-01 -2.55268194e-01 -2.55268194e-01
 -2.55268194e-01 -2.55268194e-01  1.51686949e+00 -2.55268194e-01
 -2.55268194e-01 -2.55268194e-01 -2.55268194e-01 -2.55268194e-01
 -2.55268194e-01 -2.55268194e-01 -2.55268194e-01 -2.55268194e-01
 -2.55268194e-01 -2.55268194e-01 -2.55268194e-01 -2.55268194e-01
 -2.55268194e-01 -2.55268194e-01 -2.55268194e-01 -2.55268194e-01
 -2.55268194e-01 -2.55268194e-01 -2.55268194e-01 -2.55268194e-01
 -2.55268194e-01 -2.55268194e-01 -2.55268194e-01 -2.55268194e-01
 -2.55268194e-01 -2.55268194e-01 -2.55268194e-01 -2.55268194e-01
 -2.55268194e-01 -2.55268194e-01 -2.55268194e-01 -2.55268194e-01
 -2.55268194e-01 -2.55268194e-01 -2.55268194e-01 -2.55268194e-01
 -2.55268194e-01 -2.55268194e-01 -2.55268194e-01 -2.55268194e-01
 -2.55268194e-01 -2.55268194e-01 -2.55268194e-01 -2.55268194e-01
 -2.55268194e-01 -2.55268194e-01 -2.55268194e-01 -2.55268194e-01
 -2.55268194e-01 -2.55268194e-01 -2.55268194e-01 -2.55268194e-01
 -2.55268194e-01 -2.55268194e-01 -2.55268194e-01 -2.55268194e-01
 -2.55268194e-01 -2.55268194e-01 -2.55268194e-01 -2.55268194e-01
 -2.55268194e-01 -2.55268194e-01 -2.55268194e-01  1.03303326e+00
 -2.55268194e-01 -2.55268194e-01 -2.55268194e-01 -2.55268194e-01
 -2.55268194e-01 -2.55268194e-01 -2.55268194e-01 -2.55268194e-01
 -2.55268194e-01 -2.55268194e-01 -2.55268194e-01 -2.55268194e-01
 -2.55268194e-01 -2.55268194e-01 -2.55268194e-01 -2.55268194e-01
 -2.55268194e-01 -2.55268194e-01 -2.55268194e-01 -2.55268194e-01
 -2.55268194e-01 -2.55268194e-01 -2.55268194e-01 -2.55268194e-01
 -2.55268194e-01 -2.55268194e-01 -2.55268194e-01 -2.55268194e-01
 -2.55268194e-01 -2.55268194e-01 -2.55268194e-01 -2.55268194e-01
 -2.55268194e-01 -2.55268194e-01 -2.55268194e-01 -2.55268194e-01
 -2.55268194e-01 -2.55268194e-01 -2.55268194e-01 -2.55268194e-01
 -2.55268194e-01 -2.55268194e-01 -2.55268194e-01 -2.55268194e-01
 -2.55268194e-01 -2.55268194e-01 -2.55268194e-01  3.11616389e+00
 -2.55268194e-01 -2.55268194e-01 -2.55268194e-01 -2.55268194e-01
 -2.55268194e-01 -2.55268194e-01 -2.55268194e-01 -2.55268194e-01
 -2.55268194e-01 -2.55268194e-01 -2.55268194e-01 -2.55268194e-01
 -2.55268194e-01 -2.55268194e-01 -2.55268194e-01 -2.55268194e-01
 -2.55268194e-01 -2.55268194e-01 -2.55268194e-01 -2.55268194e-01
 -2.55268194e-01 -2.55268194e-01 -2.55268194e-01 -2.55268194e-01
 -2.55268194e-01 -2.55268194e-01]",[0.5114543444074098]
2,"[-0.26987002 -0.26987002 -0.26987002 -0.26987002 -0.26987002 -0.26987002
 -0.26987002 -0.26987002 -0.26987002 -0.26987002 -0.26987002 -0.26987002
 -0.26987002 -0.26987002 -0.26987002 -0.26987002 -0.26987002 -0.26987002
 -0.26987002 -0.26987002 -0.26987002 -0.26987002 -0.26987002 -0.26987002
 -0.26987002 -0.26987002 -0.26987002  1.69355819 -0.26987002 -0.26987002
 -0.26987002 -0.26987002 -0.26987002 -0.26987002 -0.26987002 -0.26987002
 -0.26987002 -0.26987002 -0.26987002 -0.26987002 -0.26987002 -0.26987002
 -0.26987002 -0.26987002 -0.26987002 -0.26987002 -0.26987002 -0.26987002
 -0.26987002 -0.26987002 -0.26987002 -0.26987002 -0.26987002 -0.26987002
 -0.26987002 -0.26987002 -0.26987002 -0.26987002 -0.26987002 -0.26987002
 -0.26987002 -0.26987002 -0.26987002 -0.26987002 -0.26987002 -0.26987002
 -0.26987002 -0.26987002 -0.26987002 -0.26987002 -0.26987002 -0.26987002
 -0.26987002 -0.26987002  1.69355819  1.35405686 -0.26987002 -0.26987002
 -0.26987002 -0.26987002 -0.26987002 -0.26987002 -0.26987002 -0.26987002
 -0.26987002  1.53801977  4.75166678 -0.26987002 -0.26987002  3.66382712
 -0.26987002 -0.26987002 -0.26987002 -0.26987002 -0.16242792 -0.26987002
 -0.26987002 -0.26987002  1.8185428   0.88557134 -0.26987002 -0.26987002
 -0.26987002  2.14961231 -0.26987002 -0.26987002 -0.26987002 -0.26987002
 -0.26987002 -0.26987002 -0.26987002 -0.26987002 -0.26987002 -0.26987002
 -0.26987002 -0.26987002 -0.26987002 -0.26987002  6.06413745 -0.26987002
 -0.26987002 -0.26987002 -0.26987002 -0.26987002  2.80206074  3.1277399
  6.70873172 -0.26987002  6.28481619 -0.26987002 -0.26987002 -0.26987002
 -0.26987002 -0.26987002 -0.26987002  4.49543549  5.34887856  1.53801977
 -0.26987002 -0.26987002 -0.26987002 -0.26987002 -0.26987002 -0.26987002
  0.09707188 -0.26987002 -0.26987002 -0.26987002 -0.26987002  0.05848199
 -0.26987002  3.85057519 -0.26987002 -0.26987002 -0.26987002 -0.26987002
 -0.26987002 -0.26987002  0.01524076 -0.26987002 -0.26987002  5.48950028
 -0.26987002  5.31708041  4.16414017 -0.26987002 -0.26987002 -0.26987002
 -0.26987002  0.236742   -0.26987002 -0.26987002 -0.26987002 -0.26987002
 -0.26987002 -0.26987002 -0.26987002 -0.26987002 -0.26987002 -0.26987002
 -0.26987002 -0.26987002 -0.26987002 -0.26987002 -0.26987002 -0.26987002
 -0.26987002 -0.26987002 -0.26987002 -0.26987002 -0.26987002 -0.26987002
 -0.26987002 -0.26987002 -0.26987002 -0.26987002 -0.26987002 -0.26987002
 -0.26987002 -0.26987002 -0.26987002 -0.26987002 -0.26987002 -0.26987002
 -0.26987002 -0.26987002 -0.26987002 -0.26987002 -0.26987002 -0.26987002
 -0.26987002 -0.26987002 -0.26987002 -0.26987002 -0.26987002 -0.26987002
 -0.26987002 -0.26987002 -0.26987002 -0.26987002 -0.26987002 -0.26987002
 -0.26987002 -0.26987002 -0.26987002 -0.26987002 -0.26987002 -0.26987002
 -0.26987002 -0.26987002 -0.26987002 -0.26987002 -0.26987002 -0.26987002
 -0.26987002 -0.26987002 -0.26987002 -0.26987002 -0.26987002 -0.26987002
 -0.26987002 -0.26987002 -0.26987002 -0.26987002  0.45572655 -0.26987002
 -0.26987002 -0.26987002 -0.26987002 -0.26987002 -0.26987002 -0.26987002
 -0.26987002 -0.26987002 -0.26987002 -0.26987002 -0.26987002 -0.26987002
  0.71978915 -0.26987002 -0.26987002 -0.26987002 -0.26987002 -0.26987002
 -0.26987002 -0.26987002 -0.26987002 -0.26987002 -0.26987002  3.47713349
 -0.26987002 -0.26987002 -0.26987002 -0.26987002 -0.26987002 -0.26987002
 -0.26987002 -0.26987002 -0.26987002 -0.26987002 -0.26987002 -0.26987002
 -0.26987002 -0.26987002 -0.26987002 -0.26987002 -0.26987002 -0.26987002
  1.20966775 -0.26987002 -0.26987002 -0.26987002  0.06677294 -0.26987002
 -0.26987002 -0.26987002 -0.26987002  0.71978915 -0.26987002 -0.26987002
  2.35153347 -0.26987002 -0.26987002 -0.26987002 -0.26987002  1.6871314
 -0.26987002 -0.26987002 -0.26987002 -0.26987002 -0.26987002 -0.26987002
  0.54836059 -0.26987002 -0.26987002 -0.26987002 -0.26987002  0.34172252
 -0.26987002 -0.26987002 -0.26987002  0.83863253 -0.26987002 -0.26987002
 -0.26987002 -0.26987002 -0.26987002 -0.26987002  4.79257789 -0.26987002
 -0.26987002 -0.26987002 -0.26987002 -0.26987002 -0.26987002 -0.26987002
 -0.26987002 -0.26987002 -0.26987002 -0.26987002 -0.26987002  2.93458594
  3.00453797  0.4013197   0.99417095  0.91939582  4.83571612  1.88946209
 -0.26987002 -0.26987002  2.14961231 -0.26987002  2.873821   -0.26987002
  2.60357956  3.96638728  2.80206074 -0.26987002  1.41012698  6.43291137
 -0.26987002  0.30581117  0.9107348   1.20966775  6.39507074  2.30842141
 -0.26987002  3.3317974  -0.26987002 -0.26987002  1.4937193   3.91877748
  2.46255941 -0.26987002 -0.26987002 -0.26987002 -0.26987002 -0.26987002
 -0.26987002 -0.26987002 -0.26987002 -0.26987002 -0.26987002 -0.26987002
 -0.26987002 -0.26987002  0.58505564 -0.26987002 -0.26987002 -0.26987002
 -0.26987002 -0.26987002 -0.26987002 -0.26987002 -0.26987002 -0.26987002
 -0.26987002 -0.26987002 -0.26987002  2.98896822 -0.26987002 -0.26987002
 -0.26987002 -0.26987002 -0.26987002 -0.26987002 -0.26987002 -0.26987002
  4.8190159   2.487182   -0.26987002 -0.26987002  0.87082676 -0.26987002
 -0.26987002 -0.26987002 -0.26987002 -0.26987002 -0.26987002 -0.26987002
 -0.26987002 -0.26987002 -0.26987002  6.89562007 -0.26987002 -0.26987002
 -0.26987002 -0.26987002 -0.26987002 -0.26987002 -0.26987002 -0.26987002
 -0.26987002 -0.26987002 -0.26987002 -0.26987002 -0.26987002 -0.26987002
  2.59399732  1.20966775 -0.26987002 -0.26987002  1.78534894  0.09774775
 -0.26987002 -0.26987002 -0.26987002 -0.26987002 -0.26987002 -0.26987002
 -0.26987002 -0.26987002 -0.26987002 -0.26987002 -0.26987002 -0.26987002
 -0.26987002 -0.26987002 -0.26987002 -0.26987002 -0.26987002 -0.26987002
 -0.26987002 -0.26987002 -0.26987002 -0.26987002 -0.26987002 -0.26987002
 -0.26987002 -0.26987002 -0.26987002 -0.26987002 -0.26987002  1.35405686
 -0.26987002 -0.26987002 -0.26987002 -0.26987002 -0.26987002 -0.26987002
 -0.26987002 -0.26987002 -0.26987002 -0.26987002  1.53801977 -0.26987002
 -0.26987002 -0.26987002 -0.26987002 -0.26987002 -0.26987002 -0.26987002
 -0.26987002 -0.26987002  0.2739788  -0.26987002 -0.26987002 -0.26987002
 -0.26987002 -0.26987002 -0.26987002 -0.26987002 -0.26987002 -0.26987002
 -0.26987002 -0.26987002 -0.26987002 -0.26987002 -0.26987002 -0.26987002
 -0.26987002 -0.26987002 -0.26987002 -0.26987002 -0.26987002  2.14961231
 -0.26987002 -0.26987002  0.17594033 -0.26987002 -0.26987002 -0.26987002
 -0.26987002 -0.26987002 -0.26987002 -0.26987002 -0.26987002 -0.26987002
 -0.26987002 -0.26987002 -0.26987002 -0.26987002 -0.26987002 -0.26987002
 -0.26987002 -0.26987002 -0.26987002 -0.26987002 -0.26987002 -0.26987002
 -0.26987002 -0.26987002 -0.26987002 -0.26987002 -0.26987002 -0.26987002
 -0.26987002 -0.26987002 -0.26987002 -0.26987002 -0.26987002 -0.26987002
 -0.26987002 -0.26987002 -0.26987002 -0.26987002 -0.26987002  4.77815646
 -0.26987002 -0.26987002 -0.26987002 -0.26987002 -0.26987002 -0.26987002
 -0.26987002 -0.26987002 -0.26987002 -0.26987002 -0.26987002 -0.26987002
 -0.26987002 -0.26987002 -0.26987002 -0.26987002 -0.26987002 -0.26987002
 -0.26987002 -0.26987002 -0.26987002 -0.26987002 -0.26987002 -0.26987002
 -0.26987002 -0.26987002 -0.26987002 -0.26987002 -0.26987002 -0.26987002
 -0.26987002 -0.26987002 -0.26987002 -0.26987002 -0.26987002 -0.26987002
 -0.26987002 -0.26987002 -0.26987002 -0.26987002 -0.26987002 -0.26987002
 -0.26987002 -0.26987002 -0.26987002 -0.26987002 -0.26987002 -0.26987002
 -0.26987002 -0.26987002 -0.26987002 -0.26987002 -0.26987002 -0.26987002
 -0.26987002 -0.26987002 -0.26987002 -0.26987002 -0.26987002 -0.26987002
 -0.26987002 -0.26987002 -0.26987002 -0.26987002 -0.26987002 -0.26987002
 -0.26987002 -0.26987002 -0.26987002 -0.26987002 -0.26987002 -0.26987002
 -0.26987002 -0.26987002 -0.26987002 -0.26987002 -0.26987002 -0.26987002
 -0.26987002 -0.26987002 -0.26987002 -0.26987002 -0.26987002 -0.26987002
 -0.26987002 -0.26987002 -0.26987002 -0.26987002 -0.26987002 -0.26987002
 -0.26987002 -0.26987002  0.90510733 -0.26987002 -0.26987002 -0.26987002
 -0.26987002 -0.26987002 -0.26987002 -0.26987002 -0.26987002 -0.26987002
 -0.26987002 -0.26987002 -0.26987002 -0.26987002 -0.26987002 -0.26987002
 -0.26987002 -0.26987002 -0.26987002 -0.26987002 -0.26987002 -0.26987002
  0.30581117 -0.26987002 -0.26987002 -0.26987002 -0.26987002 -0.26987002
 -0.26987002 -0.26987002 -0.26987002 -0.26987002 -0.26987002 -0.26987002
 -0.26987002 -0.26987002 -0.26987002 -0.26987002 -0.26987002 -0.26987002
 -0.26987002 -0.26987002 -0.26987002 -0.26987002 -0.26987002 -0.26987002
 -0.26987002 -0.26987002 -0.26987002 -0.26987002 -0.26987002 -0.26987002
 -0.26987002 -0.26987002 -0.26987002 -0.26987002 -0.26987002 -0.26987002
 -0.26987002 -0.26987002 -0.26987002 -0.26987002 -0.26987002 -0.26987002
 -0.26987002 -0.26987002 -0.26987002 -0.26987002 -0.26987002 -0.26987002
 -0.26987002 -0.26987002 -0.26987002 -0.26987002 -0.26987002 -0.26987002
 -0.26987002 -0.26987002 -0.26987002 -0.26987002 -0.26987002 -0.26987002
 -0.26987002 -0.26987002 -0.26987002 -0.26987002 -0.26987002 -0.26987002
 -0.26987002 -0.26987002 -0.26987002 -0.26987002 -0.26987002 -0.26987002
 -0.26987002 -0.26987002 -0.26987002 -0.26987002 -0.26987002 -0.26987002
 -0.26987002 -0.26987002 -0.26987002 -0.26987002 -0.26987002 -0.26987002
 -0.26987002 -0.26987002 -0.26987002 -0.26987002 -0.26987002 -0.26987002
 -0.26987002  2.80206074 -0.26987002  0.48407118 -0.26987002 -0.26987002
 -0.26987002 -0.26987002 -0.26987002 -0.26987002 -0.26987002 -0.26987002
 -0.26987002 -0.26987002 -0.26987002 -0.26987002 -0.26987002 -0.26987002
 -0.26987002 -0.26987002 -0.26987002 -0.26987002  0.22000858 -0.26987002
 -0.26987002 -0.26987002 -0.26987002 -0.26987002]",[0.10336595588084665]
2,"[-0.28717306 -0.28717306 -0.28717306 -0.28717306 -0.28717306 -0.28717306
 -0.28717306 -0.28717306 -0.28717306 -0.28717306 -0.28717306 -0.28717306
 -0.28717306 -0.28717306 -0.28717306 -0.28717306 -0.28717306 -0.28717306
 -0.28717306 -0.28717306 -0.28717306 -0.28717306 -0.28717306 -0.28717306
 -0.28717306 -0.28717306 -0.28717306 -0.28717306 -0.28717306 -0.28717306
 -0.28717306 -0.28717306 -0.28717306 -0.28717306 -0.28717306 -0.28717306
 -0.28717306 -0.28717306 -0.28717306 -0.28717306 -0.28717306 -0.28717306
 -0.28717306 -0.28717306 -0.28717306 -0.28717306 -0.28717306 -0.28717306
 -0.28717306 -0.28717306 -0.28717306 -0.28717306 -0.28717306 -0.28717306
 -0.28717306 -0.28717306 -0.28717306 -0.28717306 -0.28717306 -0.28717306
 -0.28717306 -0.28717306 -0.28717306 -0.28717306 -0.28717306 -0.28717306
 -0.28717306 -0.28717306 -0.28717306 -0.28717306 -0.28717306 -0.28717306
 -0.28717306 -0.28717306 -0.28717306 -0.28717306 -0.28717306 -0.28717306
 -0.28717306 -0.28717306 -0.28717306 -0.28717306 -0.28717306 -0.28717306
 -0.28717306  2.4968379   1.71892907  2.25990355 -0.28717306  3.17457485
 -0.28717306 -0.28717306 -0.28717306 -0.28717306 -0.11758267 -0.28717306
 -0.28717306 -0.28717306  2.25990355 -0.28717306 -0.28717306 -0.28717306
 -0.28717306 -0.28717306 -0.28717306 -0.28717306 -0.28717306 -0.28717306
 -0.28717306 -0.28717306 -0.28717306 -0.28717306 -0.28717306 -0.28717306
 -0.28717306 -0.28717306 -0.28717306 -0.28717306  5.65176113  6.0739036
 -0.28717306  2.29000066 -0.28717306 -0.28717306  4.47545253  2.70081378
  1.85253655 -0.28717306  6.06804145 -0.28717306 -0.28717306 -0.28717306
 -0.28717306 -0.28717306 -0.28717306 -0.1450339   4.8733816  -0.28717306
 -0.28717306 -0.28717306 -0.28717306 -0.28717306 -0.28717306 -0.26641246
 -0.15194236 -0.28717306 -0.28717306 -0.28717306 -0.28717306 -0.28717306
 -0.28717306  4.79796376 -0.28717306  4.36815797 -0.28717306 -0.28717306
 -0.28717306 -0.28717306  0.48281232 -0.28717306 -0.28717306  0.85030316
 -0.28717306  3.04913733  4.2098363  -0.06572874 -0.28717306 -0.28717306
 -0.28717306 -0.12260335 -0.28717306 -0.28717306 -0.28717306 -0.28717306
 -0.28717306 -0.28717306 -0.28717306 -0.28717306 -0.28717306 -0.28717306
 -0.28717306 -0.28717306 -0.28717306 -0.28717306 -0.28717306 -0.28717306
 -0.28717306 -0.28717306 -0.28717306 -0.28717306 -0.28717306 -0.28717306
 -0.28717306 -0.28717306 -0.28717306 -0.28717306 -0.28717306 -0.28717306
 -0.28717306 -0.28717306 -0.28717306 -0.28717306 -0.28717306 -0.28717306
 -0.28717306 -0.28717306 -0.28717306 -0.28717306 -0.28717306 -0.28717306
 -0.28717306 -0.28717306 -0.28717306 -0.28717306 -0.28717306 -0.28717306
 -0.28717306 -0.28717306 -0.28717306 -0.28717306 -0.28717306 -0.28717306
 -0.28717306 -0.28717306 -0.28717306 -0.28717306 -0.28717306 -0.28717306
 -0.28717306 -0.28717306 -0.28717306 -0.28717306 -0.28717306 -0.28717306
 -0.28717306 -0.28717306 -0.28717306 -0.28717306 -0.28717306 -0.28717306
 -0.28717306 -0.28717306 -0.28717306 -0.28717306  0.79177513 -0.28717306
 -0.28717306 -0.28717306 -0.28717306 -0.28717306 -0.28717306 -0.28717306
 -0.28717306 -0.28717306 -0.28717306  0.93957856 -0.28717306 -0.28717306
 -0.28717306 -0.28717306 -0.28717306 -0.28717306 -0.28717306 -0.28717306
 -0.28717306  1.0592981  -0.28717306 -0.28717306 -0.28717306 -0.28717306
 -0.28717306 -0.28717306 -0.28717306 -0.28717306 -0.28717306 -0.28717306
 -0.28717306 -0.28717306 -0.28717306 -0.28717306 -0.28717306 -0.28717306
 -0.28717306 -0.28717306 -0.28717306  0.93957856 -0.28717306 -0.28717306
 -0.28717306 -0.28717306 -0.28717306 -0.28717306  1.23228608 -0.28717306
 -0.28717306 -0.28717306 -0.28717306 -0.28717306 -0.28717306 -0.28717306
  2.46347283 -0.28717306 -0.23962564  1.21183006 -0.28717306  0.02046901
 -0.28717306 -0.28717306 -0.28717306 -0.28717306 -0.28717306 -0.28717306
  0.63911773 -0.28717306 -0.28717306 -0.28717306 -0.28717306 -0.28717306
 -0.28717306 -0.28717306 -0.28717306 -0.28717306 -0.28717306 -0.28717306
 -0.28717306 -0.28717306 -0.28717306 -0.28717306  2.0324012  -0.28717306
 -0.28717306 -0.28717306 -0.28717306 -0.28717306 -0.28717306 -0.28717306
 -0.28717306 -0.28717306 -0.28717306 -0.28717306 -0.28717306  3.09366504
  2.81280737  0.82576298  1.37015173  1.17622428  4.69230323  1.89026204
 -0.28717306 -0.28717306 -0.28717306 -0.28717306  3.04005454 -0.28717306
  3.11701367  4.80851951  4.84408645 -0.28717306  1.60254597  7.13115556
 -0.28717306  0.49217745  1.71892907  3.08047469  5.7186457   2.81963687
 -0.28717306  5.77580392 -0.28717306 -0.28717306  1.74212676  3.45123368
  2.4701556  -0.28717306 -0.28717306 -0.28717306 -0.28717306 -0.28717306
 -0.28717306 -0.28717306 -0.28717306 -0.28717306 -0.28717306 -0.28717306
 -0.28717306 -0.28717306 -0.28717306 -0.28717306 -0.28717306 -0.28717306
 -0.28717306 -0.28717306 -0.28717306 -0.28717306 -0.28717306  1.71892907
 -0.28717306 -0.28717306 -0.28717306  2.64139358 -0.28717306  1.41690185
 -0.28717306 -0.28717306  1.71892907 -0.28717306 -0.28717306 -0.28717306
  5.09048652  2.31039443 -0.28717306 -0.28717306  1.49193226 -0.28717306
 -0.28717306 -0.28717306 -0.28717306 -0.28717306 -0.14002125 -0.28717306
 -0.28717306 -0.28717306 -0.28717306  0.03865689 -0.28717306 -0.28717306
 -0.28717306 -0.28717306 -0.28717306 -0.28717306 -0.28717306  5.61850542
 -0.28717306 -0.28717306 -0.28717306 -0.28717306 -0.28717306  0.21992595
  4.32965687  2.9456807  -0.28717306 -0.28717306  0.33795366  0.19015023
 -0.28717306 -0.28717306 -0.28717306 -0.28717306 -0.28717306 -0.28717306
 -0.28717306 -0.28717306 -0.28717306  0.39125892 -0.28717306 -0.28717306
 -0.28717306 -0.28717306 -0.28717306 -0.28717306 -0.28717306 -0.28717306
 -0.28717306 -0.28717306 -0.28717306 -0.28717306 -0.28717306 -0.28717306
 -0.28717306 -0.28717306 -0.28717306 -0.28717306 -0.28717306  1.57396829
 -0.28717306 -0.28717306 -0.28717306 -0.28717306 -0.28717306 -0.28717306
 -0.28717306 -0.28717306  1.71892907 -0.28717306  3.57388093 -0.28717306
 -0.28717306 -0.28717306  3.75302745 -0.28717306  0.2927205  -0.28717306
 -0.28717306 -0.28717306 -0.28717306  1.71892907 -0.28717306 -0.28717306
 -0.28717306 -0.28717306 -0.28717306 -0.28717306 -0.28717306 -0.28717306
 -0.28717306 -0.28717306 -0.28717306 -0.28717306 -0.28717306 -0.28717306
 -0.28717306 -0.28717306 -0.28717306 -0.28717306 -0.28717306 -0.28717306
 -0.28717306 -0.28717306 -0.28717306 -0.28717306 -0.28717306 -0.28717306
 -0.28717306 -0.28717306 -0.28717306 -0.28717306 -0.28717306 -0.28717306
 -0.28717306 -0.28717306 -0.28717306 -0.28717306 -0.28717306 -0.28717306
 -0.28717306 -0.28717306 -0.28717306 -0.28717306 -0.28717306 -0.28717306
 -0.28717306  1.71892907 -0.28717306 -0.28717306 -0.28717306 -0.28717306
 -0.28717306 -0.28717306 -0.28717306 -0.28717306 -0.28717306 -0.28717306
 -0.28717306 -0.28717306 -0.28717306 -0.28717306 -0.28717306  3.19730807
 -0.28717306 -0.28717306 -0.28717306 -0.28717306 -0.28717306 -0.28717306
 -0.28717306 -0.28717306 -0.28717306 -0.28717306 -0.28717306 -0.28717306
 -0.28717306 -0.28717306 -0.28717306 -0.28717306 -0.28717306 -0.28717306
 -0.28717306 -0.28717306 -0.28717306 -0.28717306 -0.28717306 -0.28717306
 -0.28717306 -0.28717306 -0.28717306 -0.28717306 -0.28717306 -0.28717306
 -0.28717306 -0.28717306 -0.28717306 -0.28717306 -0.28717306 -0.28717306
 -0.28717306 -0.28717306 -0.28717306 -0.28717306 -0.28717306 -0.28717306
 -0.28717306 -0.28717306 -0.28717306  0.53339808 -0.28717306 -0.28717306
 -0.28717306 -0.28717306 -0.28717306 -0.28717306 -0.28717306 -0.28717306
 -0.28717306 -0.28717306 -0.28717306 -0.28717306 -0.28717306 -0.28717306
 -0.28717306 -0.28717306 -0.28717306 -0.28717306 -0.28717306 -0.28717306
 -0.28717306 -0.28717306 -0.28717306 -0.28717306 -0.28717306 -0.28717306
 -0.28717306 -0.28717306 -0.28717306 -0.28717306 -0.28717306 -0.28717306
 -0.28717306 -0.28717306 -0.28717306 -0.28717306 -0.28717306 -0.28717306
 -0.28717306 -0.28717306 -0.28717306 -0.28717306 -0.28717306 -0.28717306
 -0.28717306 -0.28717306  0.58252821 -0.28717306 -0.28717306 -0.28717306
 -0.28717306  1.60254597 -0.28717306  1.71892907 -0.28717306 -0.28717306
 -0.28717306 -0.28717306 -0.28717306 -0.28717306 -0.28717306 -0.28717306
 -0.28717306 -0.28717306 -0.28717306 -0.28717306 -0.28717306  1.71892907
 -0.28717306 -0.28717306 -0.28717306 -0.28717306 -0.28717306 -0.28717306
 -0.28717306 -0.28717306 -0.28717306 -0.28717306 -0.28717306 -0.28717306
 -0.28717306  2.86915485 -0.28717306 -0.28717306 -0.28717306 -0.28717306
 -0.28717306 -0.28717306 -0.28717306 -0.28717306 -0.28717306 -0.28717306
 -0.28717306 -0.28717306 -0.28717306 -0.28717306 -0.28717306 -0.28717306
 -0.28717306 -0.28717306 -0.28717306 -0.28717306 -0.28717306 -0.28717306
  1.21183006 -0.28717306 -0.28717306 -0.28717306 -0.28717306 -0.28717306
 -0.28717306  1.13903551 -0.28717306 -0.28717306 -0.28717306 -0.28717306
 -0.28717306 -0.28717306 -0.28717306 -0.28717306 -0.28717306 -0.28717306
 -0.28717306 -0.28717306 -0.28717306 -0.28717306 -0.28717306 -0.28717306
 -0.28717306 -0.28717306 -0.28717306 -0.28717306 -0.28717306 -0.28717306
 -0.28717306 -0.28717306 -0.28717306 -0.28717306 -0.28717306 -0.28717306
 -0.28717306 -0.28717306 -0.28717306 -0.28717306 -0.28717306 -0.28717306
 -0.28717306 -0.28717306 -0.28717306 -0.28717306 -0.28717306 -0.28717306
 -0.28717306 -0.28717306 -0.28717306 -0.28717306 -0.28717306 -0.28717306
 -0.28717306 -0.28717306 -0.28717306 -0.28717306 -0.28717306 -0.28717306
 -0.28717306 -0.28717306 -0.28717306 -0.28717306 -0.28717306 -0.28717306
 -0.28717306 -0.28717306 -0.28717306 -0.28717306 -0.28717306 -0.28717306
 -0.28717306 -0.28717306 -0.28717306 -0.28717306 -0.05967072 -0.28717306
 -0.28717306 -0.28717306 -0.28717306 -0.28717306]",[0.03195604695144183]
2,"[-3.57865257e-01 -3.57865257e-01 -3.57865257e-01 -3.57865257e-01
 -3.57865257e-01 -3.57865257e-01 -3.57865257e-01 -3.57865257e-01
 -3.57865257e-01 -3.57865257e-01 -3.57865257e-01 -3.57865257e-01
 -3.57865257e-01 -3.57865257e-01 -3.57865257e-01 -3.57865257e-01
  4.16939970e-01 -3.57865257e-01 -3.57865257e-01  6.42079858e-01
 -3.57865257e-01 -3.57865257e-01 -3.57865257e-01 -3.57865257e-01
 -3.57865257e-01 -3.57865257e-01 -3.57865257e-01 -3.57865257e-01
 -3.57865257e-01 -3.57865257e-01 -3.57865257e-01 -3.57865257e-01
 -3.57865257e-01 -3.57865257e-01 -3.57865257e-01 -3.57865257e-01
 -3.57865257e-01 -3.57865257e-01 -3.57865257e-01 -3.57865257e-01
 -3.57865257e-01 -3.57865257e-01 -3.57865257e-01 -3.57865257e-01
 -3.57865257e-01 -3.57865257e-01 -3.57865257e-01 -3.57865257e-01
 -3.57865257e-01 -3.57865257e-01 -3.57865257e-01  1.09604219e+00
 -3.57865257e-01  7.36064419e-01 -3.57865257e-01 -3.57865257e-01
 -3.57865257e-01 -3.57865257e-01 -3.57865257e-01 -3.57865257e-01
 -3.57865257e-01 -3.57865257e-01 -3.57865257e-01 -3.57865257e-01
  9.22560231e-01 -3.57865257e-01 -3.57865257e-01 -3.57865257e-01
 -3.57865257e-01  3.47942756e+00 -3.57865257e-01 -3.57865257e-01
 -3.57865257e-01 -3.57865257e-01 -3.57865257e-01 -3.57865257e-01
 -3.57865257e-01 -3.57865257e-01 -3.57865257e-01 -3.57865257e-01
 -3.57865257e-01 -3.57865257e-01 -3.57865257e-01 -3.57865257e-01
 -3.57865257e-01  4.33337069e+00  3.60006232e+00  4.65420004e+00
 -3.57865257e-01  4.54465627e+00 -3.57865257e-01 -3.57865257e-01
 -3.57865257e-01 -3.57865257e-01  1.37703236e+00  6.60867761e-02
 -3.57865257e-01 -3.57865257e-01 -3.57865257e-01 -3.57865257e-01
 -3.57865257e-01 -3.57865257e-01 -3.57865257e-01  1.73600953e+00
 -3.57865257e-01 -3.57865257e-01 -3.57865257e-01 -3.57865257e-01
  1.73600953e+00 -3.57865257e-01 -3.57865257e-01 -3.57865257e-01
 -3.57865257e-01 -3.57865257e-01 -3.57865257e-01 -3.57865257e-01
 -3.57865257e-01 -3.57865257e-01  3.83151676e+00  2.79523741e+00
 -3.57865257e-01  6.41767750e+00 -3.57865257e-01 -3.57865257e-01
  4.16939970e-01  2.57385755e+00  1.90710435e+00 -3.57865257e-01
  4.10100185e+00 -3.57865257e-01 -3.57865257e-01 -3.57865257e-01
 -3.57865257e-01 -3.57865257e-01  5.17227530e-01  2.79491161e-02
  4.43153408e+00  5.69222827e+00 -3.57865257e-01 -3.57865257e-01
 -3.57865257e-01 -3.57865257e-01 -3.57865257e-01  7.00888115e-01
  1.70047926e+00 -3.57865257e-01 -3.57865257e-01 -3.57865257e-01
 -3.57865257e-01  3.12112386e-01  4.16939970e-01  4.04918970e+00
  2.94612529e-01  3.96345924e+00 -3.57865257e-01 -3.57865257e-01
 -3.57865257e-01 -3.57865257e-01  5.52594089e-01 -3.57865257e-01
 -3.57865257e-01  4.62642421e+00 -3.57865257e-01  2.96844418e+00
  2.31935226e+00  3.35424331e-01  2.96616424e+00  4.98608197e-01
 -3.57865257e-01 -3.57865257e-01 -3.57865257e-01 -3.57865257e-01
 -3.57865257e-01 -3.57865257e-01 -3.57865257e-01 -3.57865257e-01
 -3.57865257e-01 -3.57865257e-01 -3.57865257e-01 -3.57865257e-01
 -3.57865257e-01 -3.57865257e-01 -3.57865257e-01 -3.57865257e-01
 -3.57865257e-01 -3.57865257e-01 -3.57865257e-01 -3.57865257e-01
 -3.57865257e-01 -3.57865257e-01 -3.57865257e-01 -3.57865257e-01
 -3.57865257e-01 -3.57865257e-01 -3.57865257e-01 -3.57865257e-01
 -3.57865257e-01 -3.57865257e-01 -3.57865257e-01 -3.57865257e-01
  1.42076777e+00 -3.57865257e-01 -3.57865257e-01 -3.57865257e-01
 -3.57865257e-01 -3.57865257e-01 -3.57865257e-01 -3.57865257e-01
 -3.57865257e-01  7.68540347e-02 -3.57865257e-01 -3.57865257e-01
 -3.57865257e-01 -3.57865257e-01 -3.57865257e-01 -3.57865257e-01
 -3.57865257e-01 -3.57865257e-01 -3.57865257e-01 -3.57865257e-01
 -3.57865257e-01 -3.57865257e-01 -3.57865257e-01 -3.57865257e-01
 -3.57865257e-01 -3.57865257e-01 -3.57865257e-01 -3.57865257e-01
 -3.57865257e-01 -3.57865257e-01 -3.57865257e-01 -3.57865257e-01
 -3.57865257e-01 -3.57865257e-01 -3.57865257e-01 -3.57865257e-01
 -3.57865257e-01 -3.57865257e-01 -3.57865257e-01 -3.57865257e-01
 -3.57865257e-01 -3.57865257e-01 -3.57865257e-01 -3.57865257e-01
 -3.57865257e-01 -3.57865257e-01 -3.57865257e-01 -3.57865257e-01
 -3.57865257e-01 -3.57865257e-01 -3.57865257e-01 -3.57865257e-01
 -3.57865257e-01 -3.57865257e-01 -3.57865257e-01  4.98608197e-01
 -3.57865257e-01 -3.57865257e-01 -3.57865257e-01 -3.57865257e-01
 -3.57865257e-01 -3.57865257e-01 -3.57865257e-01 -3.57865257e-01
 -3.57865257e-01  1.04751784e+00 -3.57865257e-01  2.06778385e-01
 -3.57865257e-01 -3.57865257e-01 -3.57865257e-01 -3.57865257e-01
  2.70082444e-01 -3.57865257e-01 -3.57865257e-01 -3.57865257e-01
 -3.57865257e-01 -3.57865257e-01 -3.57865257e-01 -3.57865257e-01
 -3.57865257e-01 -3.57865257e-01 -3.57865257e-01 -3.57865257e-01
 -3.57865257e-01 -3.57865257e-01 -3.57865257e-01 -3.57865257e-01
 -3.57865257e-01 -3.57865257e-01 -3.57865257e-01 -3.57865257e-01
 -3.57865257e-01 -3.57865257e-01 -3.57865257e-01 -3.57865257e-01
 -3.57865257e-01 -3.57865257e-01  2.30065318e+00 -3.57865257e-01
  1.65019225e+00 -3.57865257e-01  7.68289981e-01  7.36064419e-01
 -3.57865257e-01  9.22560231e-01 -3.57865257e-01 -3.57865257e-01
 -3.57865257e-01 -3.57865257e-01 -3.57865257e-01 -3.57865257e-01
  1.43609075e-01 -3.57865257e-01 -3.57865257e-01 -3.57865257e-01
 -3.57865257e-01 -3.57865257e-01 -3.57865257e-01 -3.57865257e-01
 -3.57865257e-01  1.04751784e+00 -3.57865257e-01 -3.57865257e-01
 -3.57865257e-01 -3.57865257e-01 -3.57865257e-01 -3.57865257e-01
  2.00684104e+00  6.01457947e-01 -3.57865257e-01 -3.57865257e-01
 -3.57865257e-01 -3.57865257e-01 -3.57865257e-01  7.36064419e-01
 -3.57865257e-01  6.01457947e-01 -3.57865257e-01  4.98608197e-01
 -3.57865257e-01  2.08673961e+00  8.52665849e-01  4.12886047e-01
 -3.57865257e-01  8.52665849e-01  1.26655605e+00 -3.57865257e-01
 -3.57865257e-01 -3.57865257e-01 -3.57865257e-01 -3.57865257e-01
  2.04353373e+00 -3.57865257e-01  2.60479932e+00  1.74002986e+00
  3.48836534e+00  7.36064419e-01  8.20909127e-01  4.47105972e+00
 -3.57865257e-01  1.40342279e-01  2.94612529e-01  4.98608197e-01
  4.64071365e+00  1.68492985e+00 -3.57865257e-01  2.74671306e+00
 -3.57865257e-01 -3.57865257e-01  1.58446297e+00  2.81036808e+00
  8.52665849e-01 -3.57865257e-01 -3.57865257e-01 -3.57865257e-01
 -3.57865257e-01 -3.57865257e-01 -3.57865257e-01 -3.57865257e-01
 -3.57865257e-01 -3.57865257e-01 -3.57865257e-01 -3.57865257e-01
 -3.57865257e-01 -3.57865257e-01 -2.23258785e-01 -3.57865257e-01
 -3.57865257e-01 -3.57865257e-01 -3.57865257e-01 -3.57865257e-01
 -3.57865257e-01 -3.57865257e-01  1.73600953e+00 -3.57865257e-01
 -3.57865257e-01 -3.57865257e-01 -3.57865257e-01  1.84016943e+00
 -3.57865257e-01  9.22560231e-01 -3.57865257e-01 -3.57865257e-01
 -3.57865257e-01 -3.57865257e-01  4.16939970e-01 -3.57865257e-01
  2.41227169e+00  2.63334806e+00 -3.57865257e-01 -3.57865257e-01
  1.47988165e+00 -3.57865257e-01 -3.57865257e-01 -3.80760578e-03
 -3.57865257e-01 -3.57865257e-01  3.12112386e-01 -3.57865257e-01
 -3.57865257e-01  9.22560231e-01 -3.57865257e-01  2.46828835e+00
 -3.57865257e-01 -3.57865257e-01  1.71420777e-01  1.20672350e+00
  1.20672350e+00 -3.57865257e-01 -3.57865257e-01  3.36797465e+00
 -3.57865257e-01 -3.57865257e-01 -3.57865257e-01 -3.57865257e-01
 -3.57865257e-01 -3.57865257e-01 -3.57865257e-01 -3.57865257e-01
  9.22560231e-01 -3.57865257e-01 -3.57865257e-01  4.55584047e-01
 -3.57865257e-01 -3.57865257e-01 -3.57865257e-01 -3.57865257e-01
 -3.57865257e-01 -3.57865257e-01 -3.57865257e-01 -3.57865257e-01
 -3.57865257e-01 -3.57865257e-01  1.13791007e-02  4.16939970e-01
 -3.57865257e-01 -3.57865257e-01 -3.57865257e-01  2.54140330e+00
 -3.57865257e-01 -3.57865257e-01 -3.57865257e-01 -3.57865257e-01
 -3.57865257e-01 -3.57865257e-01 -3.57865257e-01 -3.57865257e-01
 -3.57865257e-01 -3.57865257e-01  2.88487642e+00 -3.57865257e-01
 -3.57865257e-01  1.00272783e+00 -3.57865257e-01 -3.57865257e-01
 -3.57865257e-01 -3.57865257e-01 -3.57865257e-01 -3.57865257e-01
 -3.57865257e-01  6.01457947e-01 -3.57865257e-01 -3.57865257e-01
  1.73600953e+00 -3.57865257e-01 -3.57865257e-01 -3.57865257e-01
 -3.57865257e-01 -3.57865257e-01  1.20672350e+00 -3.57865257e-01
 -3.57865257e-01 -3.57865257e-01 -3.57865257e-01 -3.57865257e-01
 -3.57865257e-01 -3.57865257e-01 -3.57865257e-01 -3.57865257e-01
 -3.57865257e-01 -3.57865257e-01 -3.57865257e-01 -3.57865257e-01
 -3.57865257e-01 -3.57865257e-01 -3.57865257e-01 -3.57865257e-01
 -3.57865257e-01 -3.57865257e-01 -3.57865257e-01 -3.57865257e-01
  2.47400296e-01 -3.57865257e-01 -3.57865257e-01 -3.57865257e-01
 -3.57865257e-01 -3.57865257e-01  3.27826425e+00 -3.57865257e-01
 -3.57865257e-01 -3.57865257e-01 -3.57865257e-01 -3.57865257e-01
 -3.57865257e-01 -3.57865257e-01 -3.57865257e-01 -3.57865257e-01
 -3.57865257e-01 -3.57865257e-01 -3.57865257e-01 -3.57865257e-01
 -3.57865257e-01 -3.57865257e-01 -3.57865257e-01 -3.57865257e-01
 -3.57865257e-01 -3.57865257e-01 -3.57865257e-01 -3.57865257e-01
 -3.57865257e-01 -3.57865257e-01 -3.57865257e-01 -3.57865257e-01
 -3.57865257e-01 -3.57865257e-01 -3.57865257e-01 -3.57865257e-01
 -3.57865257e-01 -3.57865257e-01 -3.57865257e-01 -3.57865257e-01
 -3.57865257e-01 -3.57865257e-01 -3.57865257e-01 -3.57865257e-01
 -3.57865257e-01  2.08247398e+00 -3.57865257e-01 -3.57865257e-01
 -3.57865257e-01 -3.57865257e-01 -3.57865257e-01 -3.57865257e-01
 -3.57865257e-01 -3.57865257e-01 -3.57865257e-01 -3.57865257e-01
 -3.57865257e-01 -3.57865257e-01 -3.57865257e-01 -3.57865257e-01
 -3.57865257e-01 -3.57865257e-01 -3.57865257e-01 -3.57865257e-01
 -3.57865257e-01 -3.57865257e-01 -3.57865257e-01 -3.57865257e-01
 -3.57865257e-01 -3.57865257e-01 -3.57865257e-01 -3.57865257e-01
 -3.57865257e-01 -3.57865257e-01 -3.57865257e-01 -3.57865257e-01
 -3.57865257e-01 -3.57865257e-01 -3.57865257e-01 -3.57865257e-01
 -3.57865257e-01 -3.57865257e-01 -3.57865257e-01 -3.57865257e-01
 -3.57865257e-01 -3.57865257e-01 -3.57865257e-01 -3.57865257e-01
 -3.57865257e-01 -3.57865257e-01 -3.80760578e-03  3.13074355e+00
 -3.57865257e-01  1.73600953e+00 -3.57865257e-01 -3.57865257e-01
 -3.57865257e-01 -3.57865257e-01 -3.57865257e-01 -3.57865257e-01
 -3.57865257e-01 -3.57865257e-01 -3.57865257e-01 -3.57865257e-01
 -3.57865257e-01 -3.57865257e-01 -3.57865257e-01 -3.57865257e-01
 -3.57865257e-01 -3.57865257e-01 -3.57865257e-01 -3.57865257e-01
  1.73600953e+00  1.42076777e+00 -3.57865257e-01 -3.57865257e-01
 -3.57865257e-01 -3.57865257e-01  1.73600953e+00  2.47400296e-01
 -3.57865257e-01 -3.57865257e-01 -3.57865257e-01 -3.57865257e-01
 -3.57865257e-01 -3.57865257e-01 -3.57865257e-01 -3.57865257e-01
 -3.57865257e-01 -3.57865257e-01 -3.57865257e-01 -3.57865257e-01
 -3.57865257e-01 -3.57865257e-01 -3.57865257e-01 -3.57865257e-01
 -3.57865257e-01 -3.57865257e-01  3.69097349e+00 -3.57865257e-01
 -3.57865257e-01 -3.57865257e-01 -3.57865257e-01 -3.57865257e-01
 -3.57865257e-01 -3.57865257e-01 -3.57865257e-01 -3.57865257e-01
 -3.57865257e-01 -3.57865257e-01 -3.57865257e-01 -3.57865257e-01
 -3.57865257e-01 -3.57865257e-01  1.88509651e-01 -3.57865257e-01
 -3.57865257e-01 -3.57865257e-01 -3.57865257e-01  1.73600953e+00
  1.40342279e-01 -3.57865257e-01 -3.57865257e-01 -3.57865257e-01
  2.77131226e+00  1.42076777e+00  4.27305278e+00 -3.57865257e-01
 -3.57865257e-01 -3.57865257e-01 -3.57865257e-01 -3.57865257e-01
 -3.57865257e-01 -3.57865257e-01 -3.57865257e-01 -3.57865257e-01
 -3.57865257e-01 -3.57865257e-01 -3.57865257e-01  1.20672350e+00
 -3.57865257e-01 -3.57865257e-01 -3.57865257e-01 -3.57865257e-01
 -3.57865257e-01 -3.57865257e-01 -3.57865257e-01 -3.57865257e-01
 -3.57865257e-01 -3.57865257e-01 -3.57865257e-01 -3.57865257e-01
 -3.57865257e-01 -3.57865257e-01 -3.57865257e-01 -3.57865257e-01
 -3.57865257e-01 -3.57865257e-01 -3.57865257e-01 -3.57865257e-01
 -3.57865257e-01 -3.57865257e-01 -3.57865257e-01 -3.57865257e-01
 -3.57865257e-01 -3.57865257e-01 -3.57865257e-01  9.22560231e-01
 -3.57865257e-01 -3.57865257e-01 -3.57865257e-01 -3.57865257e-01
  1.73600953e+00 -3.57865257e-01 -3.57865257e-01 -3.57865257e-01
 -3.57865257e-01 -3.57865257e-01 -3.57865257e-01 -3.57865257e-01
 -3.57865257e-01 -3.57865257e-01 -3.57865257e-01  1.34132997e+00
 -3.57865257e-01 -3.57865257e-01 -3.57865257e-01 -3.57865257e-01
 -3.57865257e-01 -3.57865257e-01 -3.57865257e-01 -3.57865257e-01
 -3.57865257e-01 -3.57865257e-01 -3.57865257e-01 -3.57865257e-01
 -3.57865257e-01 -3.57865257e-01 -3.57865257e-01 -3.57865257e-01
  1.73600953e+00  3.30059829e+00  6.59502450e+00  1.20672350e+00
 -3.57865257e-01  3.07545840e+00  1.20672350e+00 -3.57865257e-01
 -3.57865257e-01 -3.57865257e-01 -3.57865257e-01 -3.57865257e-01
 -3.57865257e-01 -3.57865257e-01 -3.57865257e-01 -3.57865257e-01
 -3.57865257e-01 -3.57865257e-01 -3.57865257e-01 -3.57865257e-01
 -3.57865257e-01 -3.57865257e-01 -3.57865257e-01 -3.57865257e-01
 -3.57865257e-01 -1.26732116e-01 -3.57865257e-01 -3.57865257e-01
 -3.57865257e-01 -3.57865257e-01  6.01457947e-01  6.01457947e-01
  6.17439278e+00 -3.57865257e-01  2.06319695e+00 -3.57865257e-01
 -3.57865257e-01 -3.57865257e-01]",[1.8420023205969849]
2,"[-2.15187450e-01 -2.15187450e-01 -2.15187450e-01 -2.15187450e-01
 -2.15187450e-01 -2.15187450e-01 -2.15187450e-01 -2.15187450e-01
 -2.15187450e-01 -2.15187450e-01 -2.15187450e-01 -2.15187450e-01
 -2.15187450e-01 -2.15187450e-01 -2.15187450e-01 -2.15187450e-01
 -2.15187450e-01 -2.15187450e-01 -2.15187450e-01  1.62726867e-01
 -2.15187450e-01 -2.15187450e-01 -2.15187450e-01 -2.15187450e-01
 -2.15187450e-01 -2.15187450e-01 -2.15187450e-01 -2.15187450e-01
 -2.15187450e-01 -2.15187450e-01 -2.15187450e-01 -2.15187450e-01
 -2.15187450e-01 -2.15187450e-01 -2.15187450e-01 -2.15187450e-01
 -2.15187450e-01 -2.15187450e-01 -2.15187450e-01 -2.15187450e-01
 -2.15187450e-01 -2.15187450e-01 -2.15187450e-01 -2.15187450e-01
 -2.15187450e-01 -2.15187450e-01 -2.15187450e-01 -2.15187450e-01
 -2.15187450e-01 -2.15187450e-01 -2.15187450e-01 -2.15187450e-01
 -2.15187450e-01  1.33512529e+00 -2.15187450e-01 -2.15187450e-01
 -2.15187450e-01 -2.15187450e-01 -2.15187450e-01 -2.15187450e-01
 -2.15187450e-01 -2.15187450e-01 -2.15187450e-01 -2.15187450e-01
 -2.15187450e-01 -2.15187450e-01 -2.15187450e-01 -2.15187450e-01
 -2.15187450e-01 -2.15187450e-01 -2.15187450e-01 -2.15187450e-01
 -2.15187450e-01 -2.15187450e-01 -2.15187450e-01 -2.15187450e-01
 -2.15187450e-01 -2.15187450e-01 -2.15187450e-01 -2.15187450e-01
 -2.15187450e-01 -2.15187450e-01 -2.15187450e-01 -2.15187450e-01
 -2.15187450e-01 -2.15187450e-01  1.77651582e+00 -2.15187450e-01
 -2.15187450e-01  9.98603285e-01 -2.15187450e-01 -2.15187450e-01
 -2.15187450e-01 -2.15187450e-01  3.56710507e-02 -2.15187450e-01
 -2.15187450e-01 -2.15187450e-01 -2.15187450e-01  2.75224348e+00
 -2.15187450e-01 -2.15187450e-01 -2.15187450e-01 -2.15187450e-01
  3.00567960e+00 -2.15187450e-01 -2.15187450e-01 -2.15187450e-01
 -2.15187450e-01 -2.15187450e-01 -2.15187450e-01 -2.15187450e-01
 -2.15187450e-01 -2.15187450e-01  5.77450325e-04 -2.15187450e-01
 -2.15187450e-01 -2.15187450e-01  5.99144905e+00  4.60099784e+00
  2.00214144e+00  9.37629632e-01 -2.15187450e-01 -2.15187450e-01
  4.14352536e+00  7.27972158e-01  5.51921357e+00  9.98603285e-01
  5.91134606e+00 -2.15187450e-01 -2.15187450e-01 -2.15187450e-01
 -2.15187450e-01 -2.15187450e-01 -2.15187450e-01  4.59066559e+00
  4.70143876e+00 -2.15187450e-01  5.34914589e-01 -2.15187450e-01
 -2.15187450e-01 -2.15187450e-01 -2.15187450e-01  4.62149991e-01
  8.57483243e+00 -2.15187450e-01 -2.15187450e-01  2.00214144e+00
 -2.15187450e-01 -2.15187450e-01  3.26998072e+00  1.18130502e+00
 -2.15187450e-01 -2.15187450e-01  5.36706803e+00 -2.15187450e-01
 -2.15187450e-01 -2.15187450e-01  4.25474138e+00 -2.15187450e-01
 -2.15187450e-01  2.48935136e+00 -2.15187450e-01  2.36721836e+00
  2.70001992e+00  1.12373508e-01 -2.15187450e-01  9.39201718e+00
 -2.15187450e-01  8.68427240e+00 -2.15187450e-01 -2.15187450e-01
 -2.15187450e-01 -2.15187450e-01 -2.15187450e-01 -2.15187450e-01
 -2.15187450e-01 -2.15187450e-01 -2.15187450e-01 -2.15187450e-01
 -2.15187450e-01 -2.15187450e-01 -2.15187450e-01 -2.15187450e-01
 -2.15187450e-01 -2.15187450e-01 -2.15187450e-01 -2.15187450e-01
 -2.15187450e-01 -2.15187450e-01 -2.15187450e-01 -2.15187450e-01
 -2.15187450e-01 -2.15187450e-01 -2.15187450e-01 -2.15187450e-01
 -2.15187450e-01 -2.15187450e-01 -2.15187450e-01 -2.15187450e-01
 -2.15187450e-01 -2.15187450e-01 -2.15187450e-01 -2.15187450e-01
 -2.15187450e-01 -2.15187450e-01 -2.15187450e-01 -2.15187450e-01
 -2.15187450e-01 -2.15187450e-01  2.48501246e-01 -2.15187450e-01
 -2.15187450e-01 -2.15187450e-01 -2.15187450e-01 -2.15187450e-01
 -2.15187450e-01 -2.15187450e-01 -2.15187450e-01 -2.15187450e-01
 -2.15187450e-01 -2.15187450e-01 -2.15187450e-01 -2.15187450e-01
 -2.15187450e-01 -2.15187450e-01 -2.15187450e-01 -2.15187450e-01
 -2.15187450e-01 -2.15187450e-01 -2.15187450e-01 -2.15187450e-01
 -2.15187450e-01 -2.15187450e-01 -2.15187450e-01 -2.15187450e-01
 -2.15187450e-01 -2.15187450e-01 -2.15187450e-01 -2.15187450e-01
 -2.15187450e-01 -2.15187450e-01 -2.15187450e-01 -2.15187450e-01
  3.08104169e-01 -2.15187450e-01 -2.15187450e-01 -2.15187450e-01
 -2.15187450e-01 -2.15187450e-01 -2.15187450e-01 -2.15187450e-01
 -2.15187450e-01 -2.15187450e-01 -2.15187450e-01 -2.15187450e-01
 -2.15187450e-01 -2.15187450e-01 -2.15187450e-01 -2.15187450e-01
 -2.15187450e-01 -2.15187450e-01 -2.15187450e-01 -2.15187450e-01
 -2.15187450e-01  1.14436154e+00 -2.15187450e-01 -2.15187450e-01
 -2.15187450e-01 -2.15187450e-01 -2.15187450e-01 -2.15187450e-01
 -2.15187450e-01 -2.15187450e-01 -2.15187450e-01 -2.15187450e-01
 -2.15187450e-01 -2.15187450e-01 -2.15187450e-01 -2.15187450e-01
 -2.15187450e-01 -2.15187450e-01 -2.15187450e-01 -2.15187450e-01
 -2.15187450e-01 -2.15187450e-01 -2.15187450e-01 -2.15187450e-01
 -2.15187450e-01 -2.15187450e-01 -2.15187450e-01 -2.15187450e-01
  1.06661452e-01 -2.15187450e-01 -2.15187450e-01 -2.15187450e-01
 -2.15187450e-01  9.98603285e-01 -2.15187450e-01 -2.15187450e-01
  1.09492215e-01 -2.15187450e-01 -2.15187450e-01 -2.15187450e-01
 -2.15187450e-01 -1.09803400e-01 -2.15187450e-01 -2.15187450e-01
 -2.15187450e-01 -2.15187450e-01 -2.15187450e-01 -2.15187450e-01
  6.37246813e-01 -2.15187450e-01 -2.15187450e-01 -2.15187450e-01
 -2.15187450e-01 -2.15187450e-01 -2.15187450e-01 -2.15187450e-01
 -2.15187450e-01 -2.15187450e-01 -2.15187450e-01 -2.15187450e-01
 -2.15187450e-01 -2.15187450e-01 -2.15187450e-01 -2.15187450e-01
  1.77651582e+00 -2.15187450e-01 -2.15187450e-01 -2.15187450e-01
 -2.15187450e-01 -2.15187450e-01 -2.15187450e-01 -2.15187450e-01
 -2.15187450e-01 -2.15187450e-01 -2.15187450e-01 -2.15187450e-01
 -2.15187450e-01  1.29632854e+00 -2.15187450e-01 -9.16420656e-02
  7.88350709e-01 -2.15187450e-01  4.70108481e+00 -2.15187450e-01
 -2.15187450e-01 -2.15187450e-01 -2.15187450e-01 -2.15187450e-01
  1.32859255e+00 -2.15187450e-01 -2.15187450e-01  4.49208518e-01
  1.33512529e+00 -2.15187450e-01 -2.15187450e-01  5.52765013e+00
 -2.15187450e-01 -2.15187450e-01 -2.15187450e-01 -2.15187450e-01
  2.17291798e+00 -2.15187450e-01 -2.15187450e-01  3.17664270e+00
 -2.15187450e-01 -2.15187450e-01  1.18293227e-01  1.00322606e+00
 -2.15187450e-01 -2.15187450e-01 -2.15187450e-01 -2.15187450e-01
 -2.15187450e-01 -2.15187450e-01 -2.15187450e-01 -2.15187450e-01
 -2.15187450e-01 -2.15187450e-01 -2.15187450e-01 -2.15187450e-01
 -2.15187450e-01 -2.15187450e-01 -2.15187450e-01 -2.15187450e-01
 -2.15187450e-01 -2.15187450e-01 -2.15187450e-01 -2.15187450e-01
 -2.15187450e-01 -2.15187450e-01 -2.15187450e-01 -2.15187450e-01
 -2.15187450e-01 -2.15187450e-01 -2.15187450e-01  1.44997125e-01
 -2.15187450e-01 -2.15187450e-01 -2.15187450e-01 -2.15187450e-01
 -2.15187450e-01 -2.15187450e-01 -2.15187450e-01 -2.15187450e-01
  1.13707130e+00  2.04309856e+00 -2.15187450e-01 -2.15187450e-01
  1.13247954e-01 -2.15187450e-01 -2.15187450e-01 -2.15187450e-01
 -2.15187450e-01 -2.15187450e-01 -2.15187450e-01 -2.15187450e-01
 -2.15187450e-01 -2.15187450e-01 -2.15187450e-01  2.66780970e-01
 -2.15187450e-01 -2.15187450e-01 -2.15187450e-01 -2.15187450e-01
 -2.15187450e-01 -2.15187450e-01 -2.15187450e-01  8.25141309e+00
 -2.15187450e-01 -2.15187450e-01 -2.15187450e-01 -2.15187450e-01
 -2.15187450e-01 -2.15187450e-01 -2.15187450e-01 -2.15187450e-01
 -2.15187450e-01 -2.15187450e-01  7.09501445e-01 -2.15187450e-01
 -2.15187450e-01 -2.15187450e-01 -2.15187450e-01 -2.15187450e-01
 -2.15187450e-01 -2.15187450e-01 -2.15187450e-01 -2.15187450e-01
 -2.15187450e-01 -2.15187450e-01 -2.15187450e-01 -2.15187450e-01
 -2.15187450e-01 -2.15187450e-01 -2.15187450e-01 -2.15187450e-01
 -2.15187450e-01 -2.15187450e-01 -2.15187450e-01 -2.15187450e-01
 -2.15187450e-01 -2.15187450e-01 -2.15187450e-01 -2.15187450e-01
 -2.15187450e-01 -2.15187450e-01 -2.15187450e-01 -2.15187450e-01
 -2.15187450e-01 -2.15187450e-01 -2.15187450e-01 -2.15187450e-01
 -2.15187450e-01 -2.15187450e-01 -2.15187450e-01 -2.15187450e-01
 -2.15187450e-01 -2.15187450e-01 -2.15187450e-01 -2.15187450e-01
 -2.15187450e-01 -2.15187450e-01 -2.15187450e-01 -2.15187450e-01
 -2.15187450e-01 -2.15187450e-01 -2.15187450e-01 -2.15187450e-01
 -2.15187450e-01 -2.15187450e-01 -2.15187450e-01 -2.15187450e-01
 -2.15187450e-01 -2.15187450e-01 -2.15187450e-01 -2.15187450e-01
 -2.15187450e-01 -2.15187450e-01 -2.15187450e-01 -2.15187450e-01
 -2.15187450e-01 -2.15187450e-01 -2.15187450e-01 -2.15187450e-01
 -2.15187450e-01 -2.15187450e-01 -2.15187450e-01 -2.15187450e-01
 -2.15187450e-01 -2.15187450e-01 -2.15187450e-01 -2.15187450e-01
 -2.15187450e-01 -2.15187450e-01 -2.15187450e-01 -2.15187450e-01
 -2.15187450e-01 -2.15187450e-01 -2.15187450e-01 -2.15187450e-01
 -2.15187450e-01 -2.15187450e-01 -2.15187450e-01 -2.15187450e-01
 -2.15187450e-01 -2.15187450e-01 -2.15187450e-01 -2.15187450e-01
 -2.15187450e-01 -2.15187450e-01 -2.15187450e-01 -2.15187450e-01
 -2.15187450e-01 -2.15187450e-01 -2.15187450e-01 -2.15187450e-01
 -2.15187450e-01 -2.15187450e-01 -2.15187450e-01 -2.15187450e-01
 -2.15187450e-01 -2.15187450e-01 -2.15187450e-01 -2.15187450e-01
 -2.15187450e-01 -2.15187450e-01 -2.15187450e-01 -2.15187450e-01
 -2.15187450e-01 -2.15187450e-01 -2.15187450e-01 -2.15187450e-01
 -2.15187450e-01  7.23934619e+00 -2.15187450e-01 -2.15187450e-01
 -2.15187450e-01 -2.15187450e-01 -2.15187450e-01 -2.15187450e-01
 -2.15187450e-01 -2.15187450e-01 -2.15187450e-01 -2.15187450e-01
 -2.15187450e-01 -2.15187450e-01 -2.15187450e-01 -2.15187450e-01
 -2.15187450e-01 -2.15187450e-01 -2.15187450e-01 -2.15187450e-01
 -2.15187450e-01 -2.15187450e-01 -2.15187450e-01 -2.15187450e-01
 -2.15187450e-01 -2.15187450e-01 -2.15187450e-01 -2.15187450e-01
 -2.15187450e-01 -2.15187450e-01 -2.15187450e-01 -2.15187450e-01
 -2.15187450e-01 -2.15187450e-01 -2.15187450e-01 -2.15187450e-01
 -2.15187450e-01 -2.15187450e-01 -2.15187450e-01 -2.15187450e-01
 -2.15187450e-01 -2.15187450e-01 -2.15187450e-01 -2.15187450e-01
 -2.15187450e-01 -2.15187450e-01  1.14436154e+00  3.64696688e+00
 -2.15187450e-01 -2.15187450e-01 -2.15187450e-01 -2.15187450e-01
 -2.15187450e-01 -2.15187450e-01 -2.15187450e-01 -2.15187450e-01
 -2.15187450e-01 -2.15187450e-01 -2.15187450e-01 -2.15187450e-01
 -2.15187450e-01 -2.15187450e-01 -2.15187450e-01 -2.15187450e-01
 -2.15187450e-01 -2.15187450e-01 -2.15187450e-01 -2.15187450e-01
 -2.15187450e-01 -2.15187450e-01 -2.15187450e-01 -2.15187450e-01
 -2.15187450e-01 -2.15187450e-01 -2.15187450e-01 -2.15187450e-01
 -2.15187450e-01 -2.15187450e-01 -2.15187450e-01 -2.15187450e-01
 -2.15187450e-01 -2.15187450e-01 -2.15187450e-01 -2.15187450e-01
 -2.15187450e-01 -2.15187450e-01 -2.15187450e-01 -2.15187450e-01
 -2.15187450e-01 -2.15187450e-01 -2.15187450e-01 -2.15187450e-01
 -2.15187450e-01 -2.15187450e-01  1.34459370e+00 -2.15187450e-01
 -2.15187450e-01 -2.15187450e-01 -2.15187450e-01 -2.15187450e-01
 -2.15187450e-01 -2.15187450e-01 -2.15187450e-01 -2.15187450e-01
 -2.15187450e-01 -2.15187450e-01 -2.15187450e-01 -2.15187450e-01
 -2.15187450e-01 -2.15187450e-01 -2.15187450e-01 -2.15187450e-01
 -2.15187450e-01 -2.15187450e-01 -2.15187450e-01 -2.15187450e-01
 -2.15187450e-01 -2.15187450e-01 -2.15187450e-01 -2.15187450e-01
 -2.15187450e-01 -2.15187450e-01 -2.15187450e-01 -2.15187450e-01
 -2.15187450e-01 -2.15187450e-01 -2.15187450e-01 -2.15187450e-01
 -2.15187450e-01 -2.15187450e-01 -2.15187450e-01 -2.15187450e-01
 -2.15187450e-01 -2.15187450e-01 -2.15187450e-01 -2.15187450e-01
 -2.15187450e-01 -2.15187450e-01 -2.15187450e-01 -2.15187450e-01
 -2.15187450e-01 -2.15187450e-01 -2.15187450e-01 -2.15187450e-01
 -2.15187450e-01 -2.15187450e-01 -2.15187450e-01 -2.15187450e-01
 -2.15187450e-01 -2.15187450e-01 -2.15187450e-01 -2.15187450e-01
 -2.15187450e-01 -2.15187450e-01 -2.15187450e-01 -2.15187450e-01
 -2.15187450e-01 -2.15187450e-01 -2.15187450e-01 -2.15187450e-01
 -2.15187450e-01 -2.15187450e-01 -2.15187450e-01 -2.15187450e-01
 -2.15187450e-01 -2.15187450e-01 -2.15187450e-01 -2.15187450e-01
 -2.15187450e-01 -2.15187450e-01 -2.15187450e-01 -2.15187450e-01
 -2.15187450e-01 -2.15187450e-01 -2.15187450e-01 -2.15187450e-01
 -2.15187450e-01 -2.15187450e-01 -2.15187450e-01 -2.15187450e-01
 -2.15187450e-01 -2.15187450e-01 -2.15187450e-01 -2.15187450e-01
 -2.15187450e-01 -2.15187450e-01 -2.15187450e-01 -2.15187450e-01
 -2.15187450e-01 -2.15187450e-01 -2.15187450e-01 -2.15187450e-01
 -2.15187450e-01 -2.15187450e-01 -2.15187450e-01 -2.15187450e-01
 -2.15187450e-01 -2.15187450e-01 -2.15187450e-01 -2.15187450e-01
 -2.15187450e-01 -2.15187450e-01 -2.15187450e-01 -2.15187450e-01
 -2.15187450e-01 -2.15187450e-01 -2.15187450e-01 -2.15187450e-01
 -2.15187450e-01 -2.15187450e-01 -2.15187450e-01 -2.15187450e-01
 -2.15187450e-01 -2.15187450e-01 -2.15187450e-01 -2.15187450e-01
 -2.15187450e-01 -2.15187450e-01 -2.15187450e-01 -2.15187450e-01
 -2.15187450e-01 -2.15187450e-01 -2.15187450e-01 -2.15187450e-01
 -2.15187450e-01 -2.15187450e-01 -2.15187450e-01  1.14436154e+00
 -2.15187450e-01 -2.15187450e-01 -2.15187450e-01 -2.15187450e-01
 -2.15187450e-01 -2.15187450e-01]",[0.003746386788461592]
2,"[-0.30771256 -0.30771256  2.02099201 -0.30771256 -0.30771256 -0.30771256
 -0.30771256 -0.30771256 -0.30771256 -0.30771256 -0.30771256 -0.30771256
 -0.30771256 -0.30771256 -0.30771256 -0.30771256 -0.30771256 -0.30771256
 -0.30771256 -0.30771256 -0.30771256 -0.30771256 -0.30771256 -0.30771256
 -0.30771256 -0.30771256 -0.30771256 -0.30771256 -0.30771256 -0.30771256
 -0.30771256 -0.30771256 -0.30771256 -0.30771256 -0.30771256 -0.30771256
 -0.30771256 -0.30771256 -0.30771256 -0.30771256 -0.30771256 -0.30771256
 -0.30771256 -0.30771256 -0.30771256 -0.30771256 -0.30771256 -0.30771256
 -0.30771256 -0.30771256 -0.30771256 -0.30771256 -0.30771256 -0.30771256
 -0.30771256 -0.30771256 -0.30771256 -0.30771256 -0.30771256 -0.30771256
 -0.30771256 -0.30771256 -0.30771256 -0.30771256 -0.30771256 -0.30771256
 -0.30771256 -0.30771256 -0.30771256 -0.30771256 -0.30771256 -0.30771256
 -0.30771256 -0.30771256 -0.30771256 -0.30771256 -0.30771256 -0.30771256
 -0.30771256 -0.30771256 -0.30771256 -0.30771256 -0.30771256 -0.30771256
 -0.30771256  2.6489609   4.36561735  4.49825203 -0.30771256  3.41045429
 -0.30771256 -0.30771256 -0.30771256 -0.30771256  0.56674095 -0.30771256
 -0.30771256 -0.30771256 -0.30771256  3.44015524 -0.30771256 -0.30771256
 -0.30771256 -0.30771256  0.47981846 -0.30771256 -0.30771256 -0.30771256
 -0.30771256 -0.30771256 -0.30771256 -0.30771256 -0.30771256 -0.30771256
 -0.30771256 -0.30771256 -0.30771256 -0.30771256  4.69369933  3.25013788
 -0.30771256  6.21462415 -0.30771256 -0.30771256 -0.30771256 -0.30771256
  2.27804693 -0.30771256  5.89747841 -0.30771256 -0.30771256 -0.30771256
 -0.30771256 -0.30771256 -0.30771256  0.12137122  5.18749936  2.38487377
 -0.30771256 -0.30771256 -0.30771256 -0.30771256 -0.30771256 -0.28361342
 -0.15073533 -0.30771256 -0.30771256 -0.30771256 -0.30771256  0.00831986
 -0.30771256  5.62858366 -0.30771256  4.56479485 -0.30771256 -0.30771256
 -0.30771256 -0.30771256  0.53752723 -0.30771256 -0.30771256  4.35601231
 -0.30771256  1.02419301  3.05525749 -0.30771256 -0.30771256 -0.30771256
 -0.30771256 -0.11667829 -0.30771256 -0.30771256 -0.30771256 -0.30771256
 -0.30771256 -0.30771256 -0.30771256 -0.30771256 -0.30771256 -0.30771256
 -0.30771256 -0.30771256 -0.30771256 -0.30771256 -0.30771256 -0.30771256
 -0.30771256 -0.30771256 -0.30771256 -0.30771256 -0.30771256 -0.30771256
 -0.30771256 -0.30771256 -0.30771256 -0.30771256 -0.30771256 -0.30771256
 -0.30771256 -0.30771256 -0.30771256 -0.30771256 -0.30771256 -0.30771256
 -0.30771256 -0.30771256 -0.30771256 -0.30771256 -0.30771256  1.79785813
 -0.30771256 -0.30771256 -0.30771256 -0.30771256 -0.30771256 -0.30771256
 -0.30771256 -0.30771256 -0.30771256 -0.30771256 -0.30771256 -0.30771256
 -0.30771256  0.51513672 -0.30771256 -0.30771256 -0.30771256 -0.30771256
 -0.30771256 -0.30771256 -0.30771256 -0.30771256 -0.30771256 -0.30771256
 -0.30771256 -0.30771256 -0.30771256 -0.30771256 -0.30771256 -0.30771256
 -0.30771256 -0.30771256 -0.30771256 -0.30771256  0.6123323  -0.30771256
 -0.30771256 -0.30771256 -0.30771256 -0.30771256 -0.30771256 -0.30771256
 -0.30771256 -0.30771256 -0.30771256  0.6448151  -0.30771256 -0.30771256
 -0.30771256 -0.30771256 -0.30771256 -0.30771256 -0.30771256 -0.30771256
 -0.30771256 -0.30771256 -0.30771256 -0.30771256 -0.30771256 -0.30771256
 -0.30771256 -0.30771256 -0.30771256 -0.30771256 -0.30771256 -0.30771256
 -0.30771256 -0.30771256 -0.30771256 -0.30771256 -0.30771256 -0.30771256
 -0.30771256 -0.30771256 -0.30771256 -0.30771256 -0.30771256 -0.30771256
 -0.30771256 -0.30771256  0.21573133 -0.30771256  0.78450768 -0.30771256
 -0.30771256 -0.30771256 -0.30771256  0.6448151   2.6489609  -0.30771256
  3.90780605 -0.30771256  3.3151867   0.90890223 -0.30771256  0.10739766
 -0.30771256 -0.30771256 -0.30771256 -0.30771256 -0.30771256 -0.30771256
  0.65003352 -0.30771256 -0.30771256 -0.30771256 -0.30771256 -0.30771256
 -0.30771256 -0.30771256 -0.30771256 -0.30771256 -0.30771256 -0.30771256
 -0.30771256 -0.30771256 -0.30771256 -0.30771256  2.38487377 -0.30771256
 -0.30771256 -0.30771256  0.16378605 -0.30771256 -0.30771256 -0.30771256
 -0.30771256 -0.30771256 -0.30771256 -0.30771256 -0.30771256  2.16780985
  2.30037309  0.43785869  0.47981846  1.09745592  3.05024078 -0.30771256
 -0.30771256 -0.30771256  2.6489609  -0.30771256  2.73168933 -0.30771256
  2.94553084  3.59042201  2.72313016  0.47981846 -0.30771256  6.31205049
 -0.30771256  0.24636936  1.337986    2.02099201  3.31625524  1.06846436
 -0.30771256  3.76838012 -0.30771256 -0.30771256  0.55985923  3.06037993
  0.36543403  1.15929174 -0.30771256 -0.30771256 -0.30771256 -0.30771256
 -0.30771256 -0.30771256 -0.30771256 -0.30771256 -0.30771256 -0.30771256
 -0.30771256  1.1163137  -0.02833148 -0.30771256 -0.30771256 -0.30771256
 -0.30771256  2.02099201 -0.30771256 -0.30771256 -0.30771256 -0.30771256
  2.6489609  -0.30771256 -0.30771256  3.34002516 -0.30771256 -0.30771256
 -0.30771256 -0.30771256 -0.30771256 -0.30771256 -0.30771256 -0.30771256
  4.22980299  2.04787807 -0.30771256 -0.30771256  2.62187996  3.89805849
 -0.30771256 -0.30771256 -0.30771256 -0.30771256 -0.30771256 -0.30771256
 -0.30771256 -0.30771256 -0.30771256  0.87529524 -0.30771256 -0.30771256
 -0.30771256 -0.30771256 -0.30771256 -0.30771256 -0.30771256  1.85117483
 -0.30771256 -0.30771256 -0.30771256 -0.30771256 -0.30771256 -0.30771256
  0.04288383  1.1163137  -0.30771256 -0.30771256  0.41794115 -0.03100314
 -0.30771256 -0.30771256 -0.30771256 -0.30771256 -0.30771256 -0.30771256
 -0.30771256 -0.30771256 -0.30771256  1.20547217 -0.30771256 -0.30771256
 -0.30771256 -0.30771256 -0.30771256 -0.30771256 -0.30771256 -0.30771256
 -0.30771256 -0.30771256 -0.30771256 -0.30771256 -0.30771256 -0.30771256
 -0.30771256 -0.30771256  3.57214659 -0.30771256 -0.30771256  1.15296504
 -0.30771256 -0.30771256 -0.30771256 -0.30771256 -0.30771256 -0.30771256
 -0.30771256 -0.30771256 -0.30771256 -0.30771256 -0.30771256 -0.30771256
 -0.30771256 -0.30771256 -0.30771256 -0.30771256 -0.30771256 -0.30771256
 -0.30771256 -0.30771256 -0.30771256 -0.30771256 -0.30771256 -0.30771256
 -0.30771256  1.50326413 -0.30771256 -0.30771256 -0.30771256 -0.30771256
 -0.30771256 -0.30771256 -0.30771256 -0.30771256 -0.30771256 -0.30771256
 -0.30771256 -0.30771256 -0.30771256 -0.30771256 -0.30771256 -0.30771256
 -0.30771256 -0.30771256  4.68242925 -0.30771256 -0.30771256 -0.30771256
 -0.30771256 -0.30771256 -0.30771256 -0.30771256 -0.30771256 -0.30771256
 -0.30771256 -0.30771256 -0.30771256 -0.30771256 -0.30771256 -0.30771256
 -0.30771256 -0.30771256 -0.30771256 -0.30771256 -0.30771256 -0.30771256
 -0.30771256 -0.30771256 -0.30771256 -0.30771256 -0.30771256 -0.30771256
 -0.30771256 -0.30771256 -0.30771256 -0.30771256 -0.30771256 -0.30771256
 -0.30771256 -0.30771256 -0.30771256 -0.30771256 -0.30771256  3.02718776
 -0.30771256 -0.30771256 -0.30771256 -0.30771256 -0.30771256 -0.30771256
 -0.30771256 -0.30771256 -0.30771256 -0.30771256 -0.30771256 -0.30771256
 -0.30771256 -0.30771256 -0.30771256 -0.30771256 -0.30771256 -0.30771256
  2.02099201 -0.30771256 -0.30771256 -0.30771256 -0.30771256 -0.30771256
 -0.30771256 -0.30771256 -0.30771256 -0.30771256 -0.30771256 -0.30771256
 -0.30771256 -0.30771256 -0.30771256 -0.30771256 -0.30771256 -0.30771256
 -0.30771256 -0.30771256 -0.30771256 -0.30771256 -0.30771256 -0.30771256
 -0.30771256 -0.30771256 -0.30771256  4.23631488  4.19900467 -0.30771256
 -0.30771256 -0.30771256 -0.30771256 -0.30771256 -0.30771256 -0.30771256
 -0.30771256 -0.30771256 -0.30771256 -0.30771256 -0.30771256 -0.30771256
 -0.30771256 -0.30771256 -0.30771256 -0.30771256 -0.30771256 -0.30771256
 -0.30771256 -0.30771256 -0.30771256 -0.30771256 -0.30771256 -0.30771256
  1.1163137  -0.30771256 -0.30771256 -0.30771256 -0.30771256 -0.30771256
 -0.30771256 -0.30771256 -0.30771256 -0.30771256 -0.30771256 -0.30771256
 -0.30771256 -0.30771256 -0.30771256 -0.30771256 -0.30771256 -0.30771256
 -0.30771256 -0.30771256  3.34106567 -0.30771256 -0.30771256 -0.30771256
 -0.30771256  2.4272886  -0.30771256 -0.30771256 -0.30771256 -0.30771256
 -0.30771256 -0.30771256 -0.30771256 -0.30771256 -0.30771256 -0.30771256
  0.04288383 -0.30771256 -0.30771256 -0.30771256 -0.30771256  4.74078307
  0.24636936 -0.30771256 -0.30771256 -0.30771256 -0.30771256 -0.30771256
 -0.30771256 -0.30771256 -0.30771256 -0.30771256 -0.30771256 -0.30771256
 -0.30771256  0.47981846 -0.30771256 -0.30771256 -0.30771256 -0.30771256
 -0.30771256 -0.30771256 -0.30771256 -0.30771256 -0.30771256 -0.30771256
 -0.30771256 -0.30771256 -0.30771256 -0.30771256 -0.30771256 -0.30771256
 -0.30771256 -0.30771256 -0.30771256 -0.30771256 -0.30771256 -0.30771256
 -0.30771256 -0.30771256 -0.30771256 -0.30771256 -0.30771256 -0.30771256
 -0.30771256  0.75919953 -0.30771256 -0.30771256 -0.30771256  2.27804693
 -0.30771256 -0.30771256 -0.30771256 -0.30771256 -0.30771256 -0.30771256
 -0.30771256 -0.30771256 -0.30771256 -0.30771256 -0.30771256 -0.30771256
 -0.30771256 -0.30771256 -0.30771256 -0.30771256 -0.30771256 -0.30771256
 -0.30771256 -0.30771256 -0.30771256 -0.30771256 -0.30771256 -0.30771256
 -0.30771256 -0.30771256 -0.30771256 -0.30771256 -0.30771256 -0.30771256
 -0.30771256 -0.30771256 -0.30771256 -0.30771256 -0.30771256 -0.30771256
 -0.30771256 -0.30771256 -0.30771256 -0.30771256 -0.30771256 -0.30771256
 -0.30771256 -0.30771256 -0.30771256 -0.30771256 -0.30771256 -0.30771256
 -0.30771256 -0.30771256 -0.30771256 -0.30771256 -0.30771256 -0.30771256
  2.48110543 -0.30771256 -0.30771256  1.87706863 -0.30771256 -0.30771256
 -0.30771256 -0.30771256 -0.30771256 -0.30771256  3.51066117 -0.30771256
 -0.30771256 -0.30771256 -0.30771256 -0.30771256]",[1.068344957306796]
2,"[-0.20700528 -0.20700528 -0.20700528 -0.20700528 -0.20700528 -0.20700528
 -0.20700528 -0.20700528 -0.20700528 -0.20700528 -0.20700528 -0.20700528
 -0.20700528 -0.20700528 -0.20700528 -0.20700528 -0.20700528 -0.20700528
 -0.20700528 -0.20700528 -0.20700528 -0.20700528 -0.20700528 -0.20700528
 -0.20700528 -0.20700528 -0.20700528 -0.20700528 -0.20700528 -0.20700528
 -0.20700528 -0.20700528 -0.20700528 -0.20700528 -0.20700528 -0.20700528
 -0.20700528 -0.20700528 -0.20700528 -0.20700528 -0.20700528 -0.20700528
 -0.20700528 -0.20700528 -0.20700528 -0.20700528 -0.20700528 -0.20700528
 -0.20700528 -0.20700528 -0.20700528 -0.20700528 -0.20700528 -0.20700528
 -0.20700528 -0.20700528 -0.20700528 -0.20700528 -0.20700528 -0.20700528
 -0.20700528 -0.20700528 -0.20700528 -0.20700528 -0.20700528 -0.20700528
 -0.20700528 -0.20700528 -0.20700528 -0.20700528 -0.20700528 -0.20700528
 -0.20700528 -0.20700528 -0.20700528 -0.20700528 -0.20700528 -0.20700528
 -0.20700528 -0.20700528 -0.20700528 -0.20700528 -0.20700528 -0.20700528
 -0.20700528 -0.20700528 -0.20700528 -0.20700528 -0.20700528 -0.20700528
 -0.20700528 -0.20700528 -0.20700528 -0.20700528 -0.20700528 -0.20700528
 -0.20700528 -0.20700528 -0.20700528 -0.20700528 -0.20700528 -0.20700528
 -0.20700528 -0.20700528 -0.20700528 -0.20700528 -0.20700528 -0.20700528
 -0.20700528 -0.20700528 -0.20700528 -0.20700528 -0.20700528 -0.20700528
 -0.20700528 -0.20700528 -0.20700528 -0.20700528  2.43166165  2.54503233
 -0.20700528  2.19604211  9.81457056 -0.20700528 -0.20700528 -0.20700528
 -0.20700528  1.93514061  3.1071233  -0.20700528 -0.20700528 -0.20700528
 -0.20700528 -0.20700528 -0.20700528  0.33176349  1.03823676 -0.20700528
 -0.20700528 -0.20700528 -0.20700528 -0.20700528 -0.20700528  1.12630058
  5.81311626 -0.20700528 -0.20700528 -0.20700528 -0.20700528  0.34944656
 -0.20700528  5.9590139  -0.20700528  4.99893661  6.1429694  -0.20700528
 -0.20700528 -0.20700528  0.6941663  -0.20700528 -0.20700528  2.93018985
 -0.20700528  1.86174148  1.56464676 -0.20700528 -0.20700528 -0.20700528
 -0.20700528  0.65154037 -0.20700528 -0.20700528 -0.20700528 -0.20700528
 -0.20700528 -0.20700528 -0.20700528 -0.20700528 -0.20700528 -0.20700528
 -0.20700528 -0.20700528 -0.20700528 -0.20700528 -0.20700528 -0.20700528
 -0.20700528 -0.20700528 -0.20700528 -0.20700528 -0.20700528 -0.20700528
 -0.20700528 -0.20700528 -0.20700528 -0.20700528 -0.20700528 -0.20700528
 -0.20700528 -0.20700528 -0.20700528 -0.20700528 -0.20700528 -0.20700528
 -0.20700528 -0.20700528 -0.20700528 -0.20700528 -0.20700528 -0.20700528
 -0.20700528 -0.20700528 -0.20700528 -0.20700528 -0.20700528 -0.20700528
 -0.20700528 -0.20700528 -0.20700528 -0.20700528 -0.20700528 -0.20700528
 -0.20700528 -0.20700528 -0.20700528 -0.20700528 -0.20700528 -0.20700528
 -0.20700528 -0.20700528 -0.20700528 -0.20700528 -0.20700528 -0.20700528
 -0.20700528 -0.20700528 -0.20700528 -0.20700528 -0.20700528 -0.20700528
 -0.20700528 -0.20700528 -0.20700528 -0.20700528  0.51605334 -0.20700528
 -0.20700528 -0.20700528 -0.20700528 -0.20700528 -0.20700528 -0.20700528
 -0.20700528 -0.20700528 -0.20700528 -0.20700528 -0.20700528 -0.20700528
 -0.20700528 -0.20700528 -0.20700528 -0.20700528 -0.20700528 -0.20700528
 -0.20700528 -0.20700528 -0.20700528 -0.20700528 -0.20700528 -0.20700528
 -0.20700528 -0.20700528 -0.20700528 -0.20700528 -0.20700528 -0.20700528
 -0.20700528 -0.20700528 -0.20700528 -0.20700528 -0.20700528 -0.20700528
 -0.20700528 -0.20700528 -0.20700528 -0.20700528 -0.20700528 -0.20700528
 -0.20700528 -0.20700528 -0.20700528 -0.20700528 -0.04557066 -0.20700528
 -0.20700528 -0.20700528 -0.20700528 -0.20700528 -0.20700528 -0.20700528
  0.92353589 -0.20700528 -0.01786936  1.93514061 -0.20700528 -0.13264847
 -0.20700528 -0.20700528 -0.20700528 -0.20700528 -0.20700528 -0.20700528
  0.24388743 -0.20700528 -0.20700528 -0.20700528 -0.20700528 -0.20700528
 -0.20700528 -0.20700528 -0.20700528 -0.20700528 -0.20700528 -0.20700528
 -0.20700528 -0.20700528 -0.20700528 -0.20700528  1.35979424 -0.20700528
 -0.20700528 -0.20700528 -0.20700528 -0.20700528 -0.20700528 -0.20700528
 -0.20700528 -0.20700528 -0.20700528 -0.20700528 -0.20700528  1.67213894
  2.01468691 -0.11952139 -0.20700528  0.48631455  3.10995221 -0.20700528
 -0.20700528 -0.20700528 -0.20700528 -0.20700528  4.27197759 -0.20700528
  1.93514061  2.53108781  2.85679072 -0.20700528  1.31022738  8.83522323
 -0.20700528  0.76859055 -0.20700528 -0.20700528  5.43928924 -0.20700528
 -0.20700528  2.70800674 -0.20700528 -0.20700528  0.61638899  1.9130576
 -0.20700528 -0.20700528 -0.20700528 -0.20700528 -0.20700528 -0.20700528
 -0.20700528 -0.20700528 -0.20700528 -0.20700528 -0.20700528 -0.20700528
 -0.20700528 -0.20700528 -0.20700528 -0.20700528 -0.20700528 -0.20700528
 -0.20700528 -0.20700528 -0.20700528 -0.20700528 -0.20700528 -0.20700528
 -0.20700528 -0.20700528 -0.20700528  0.94616143 -0.20700528 -0.20700528
 -0.20700528 -0.20700528 -0.20700528 -0.20700528 -0.20700528 -0.20700528
  1.9405127   0.68906947 -0.20700528 -0.20700528  0.12284786 -0.20700528
 -0.20700528 -0.20700528 -0.20700528 -0.20700528  0.0937567  -0.20700528
  1.47015106 -0.20700528 -0.20700528  0.45895498 -0.20700528 -0.20700528
  7.70559325  8.94433554  9.2067654  -0.20700528 -0.20700528  4.56509432
 -0.20700528 -0.20700528 -0.20700528 -0.20700528 -0.20700528 -0.20700528
 -0.20700528 -0.20700528 -0.20700528 -0.20700528 -0.20700528 -0.20700528
 -0.20700528 -0.20700528 -0.20700528 -0.20700528 -0.20700528 -0.20700528
 -0.20700528 -0.20700528 -0.20700528 -0.20700528 -0.20700528 -0.20700528
 -0.20700528 -0.20700528 -0.20700528 -0.20700528 -0.20700528 -0.20700528
 -0.20700528 -0.20700528 -0.20700528 -0.20700528 -0.20700528 -0.20700528
 -0.20700528 -0.20700528 -0.20700528 -0.20700528 -0.20700528 -0.20700528
 -0.20700528 -0.20700528 -0.20700528 -0.20700528 -0.20700528 -0.20700528
 -0.20700528 -0.20700528 -0.20700528 -0.20700528 -0.20700528 -0.20700528
 -0.20700528 -0.20700528 -0.20700528 -0.20700528 -0.20700528 -0.20700528
 -0.20700528 -0.20700528  0.71464484 -0.20700528 -0.20700528 -0.20700528
 -0.20700528 -0.20700528 -0.20700528 -0.20700528 -0.20700528 -0.20700528
 -0.20700528 -0.20700528 -0.20700528 -0.20700528 -0.20700528 -0.20700528
 -0.20700528 -0.20700528 -0.20700528 -0.20700528 -0.20700528 -0.20700528
 -0.20700528 -0.20700528 -0.20700528 -0.20700528 -0.20700528 -0.20700528
 -0.20700528 -0.20700528 -0.20700528 -0.20700528 -0.20700528 -0.20700528
 -0.20700528 -0.20700528 -0.20700528 -0.20700528 -0.20700528 -0.20700528
 -0.20700528 -0.20700528 -0.20700528 -0.20700528 -0.20700528 -0.20700528
 -0.20700528 -0.20700528 -0.20700528 -0.20700528 -0.20700528 -0.20700528
 -0.20700528 -0.20700528 -0.20700528 -0.20700528 -0.20700528 -0.20700528
 -0.20700528 -0.20700528 -0.20700528 -0.20700528 -0.20700528  0.31517814
 -0.20700528 -0.20700528 -0.20700528 -0.20700528 -0.20700528 -0.20700528
 -0.20700528 -0.20700528 -0.20700528 -0.20700528 -0.20700528 -0.20700528
 -0.20700528 -0.20700528 -0.20700528 -0.20700528 -0.20700528 -0.20700528
 -0.20700528 -0.20700528 -0.20700528 -0.20700528 -0.20700528 -0.20700528
 -0.20700528 -0.20700528 -0.20700528 -0.20700528 -0.20700528 -0.20700528
 -0.20700528 -0.20700528 -0.20700528 -0.20700528 -0.20700528 -0.20700528
 -0.20700528 -0.20700528 -0.20700528 -0.20700528 -0.20700528 -0.20700528
 -0.20700528 -0.20700528 -0.20700528  4.13448036  2.917649   -0.20700528
 -0.20700528 -0.20700528 -0.20700528 -0.20700528 -0.20700528 -0.20700528
 -0.20700528 -0.20700528 -0.20700528 -0.20700528 -0.20700528 -0.20700528
 -0.20700528 -0.20700528 -0.20700528 -0.20700528 -0.20700528 -0.20700528
 -0.20700528 -0.20700528 -0.20700528 -0.20700528 -0.20700528 -0.20700528
 -0.20700528 -0.20700528 -0.20700528 -0.20700528 -0.20700528 -0.20700528
 -0.20700528 -0.20700528 -0.20700528 -0.20700528 -0.20700528 -0.20700528
 -0.20700528 -0.20700528 -0.20700528 -0.20700528 -0.20700528 -0.20700528
 -0.20700528 -0.20700528  2.1449849  -0.20700528 -0.20700528 -0.20700528
 -0.20700528 -0.20700528 -0.20700528 -0.20700528 -0.20700528 -0.20700528
 -0.20700528 -0.20700528 -0.20700528 -0.20700528 -0.20700528 -0.20700528
 -0.20700528 -0.20700528 -0.20700528 -0.20700528 -0.20700528 -0.20700528
 -0.20700528 -0.20700528 -0.20700528 -0.20700528 -0.20700528 -0.20700528
 -0.20700528 -0.20700528 -0.20700528 -0.20700528 -0.20700528 -0.20700528
 -0.20700528 -0.20700528 -0.20700528 -0.20700528 -0.20700528 -0.20700528
 -0.20700528 -0.20700528 -0.20700528 -0.20700528 -0.20700528 -0.20700528
 -0.20700528 -0.20700528 -0.20700528 -0.20700528 -0.20700528 -0.20700528
 -0.20700528 -0.20700528 -0.20700528 -0.20700528 -0.20700528 -0.20700528
 -0.20700528 -0.20700528 -0.20700528 -0.20700528 -0.20700528 -0.20700528
 -0.20700528 -0.20700528 -0.20700528 -0.20700528 -0.20700528 -0.20700528
 -0.20700528 -0.20700528 -0.20700528 -0.20700528 -0.20700528 -0.20700528
 -0.20700528 -0.20700528 -0.20700528 -0.20700528 -0.20700528 -0.20700528
 -0.20700528 -0.20700528 -0.20700528 -0.20700528 -0.20700528 -0.20700528
 -0.20700528 -0.20700528 -0.20700528 -0.20700528 -0.20700528 -0.20700528
 -0.20700528 -0.20700528 -0.20700528 -0.20700528 -0.20700528 -0.20700528
 -0.20700528 -0.20700528 -0.20700528 -0.20700528 -0.20700528 -0.20700528
 -0.20700528 -0.20700528 -0.20700528 -0.20700528 -0.20700528 -0.20700528
 -0.20700528 -0.20700528 -0.20700528 -0.20700528 -0.20700528 -0.20700528
 -0.20700528 -0.20700528 -0.20700528 -0.20700528 -0.20700528 -0.20700528
 -0.20700528 -0.20700528 -0.20700528 -0.20700528 -0.20700528 -0.20700528
 -0.20700528 -0.20700528 -0.20700528 -0.20700528  4.12036024 -0.20700528
 -0.20700528 -0.20700528 -0.20700528 -0.20700528]",[1.2459877770352987]
2,"[-3.36463215e-01 -3.36463215e-01 -3.36463215e-01 -3.36463215e-01
 -3.36463215e-01 -3.36463215e-01 -3.36463215e-01 -3.36463215e-01
 -3.36463215e-01 -3.36463215e-01 -3.36463215e-01 -3.36463215e-01
 -3.36463215e-01 -3.36463215e-01 -3.36463215e-01  6.10293875e-02
 -3.36463215e-01  1.20304159e+00 -3.36463215e-01  1.20304159e+00
 -3.36463215e-01 -3.36463215e-01 -3.36463215e-01 -3.36463215e-01
 -3.36463215e-01 -3.36463215e-01 -3.36463215e-01 -3.36463215e-01
  5.06279002e-01 -3.36463215e-01 -3.36463215e-01 -3.36463215e-01
 -3.36463215e-01 -3.36463215e-01 -3.36463215e-01 -3.36463215e-01
 -3.36463215e-01 -3.36463215e-01 -3.36463215e-01 -3.36463215e-01
 -3.36463215e-01 -3.36463215e-01 -3.36463215e-01 -3.36463215e-01
 -3.36463215e-01 -3.36463215e-01 -3.36463215e-01 -3.36463215e-01
 -3.36463215e-01 -3.36463215e-01 -3.36463215e-01  4.25920104e-01
 -3.36463215e-01 -3.36463215e-01 -3.36463215e-01 -3.36463215e-01
 -3.36463215e-01 -3.36463215e-01 -3.36463215e-01 -3.36463215e-01
 -3.36463215e-01 -3.36463215e-01 -3.36463215e-01 -3.36463215e-01
 -3.36463215e-01 -3.36463215e-01 -3.36463215e-01 -3.36463215e-01
 -3.36463215e-01  1.72384195e+00 -3.36463215e-01 -3.36463215e-01
 -3.36463215e-01 -3.36463215e-01 -3.36463215e-01 -3.36463215e-01
 -3.36463215e-01 -3.36463215e-01 -3.36463215e-01 -3.36463215e-01
 -3.36463215e-01 -3.36463215e-01 -3.36463215e-01 -3.36463215e-01
 -3.36463215e-01  3.29529148e+00  1.72384195e+00  3.19565713e+00
 -3.36463215e-01  5.35844267e+00 -3.36463215e-01 -3.36463215e-01
 -3.36463215e-01 -3.36463215e-01 -8.68726146e-02 -3.36463215e-01
 -3.36463215e-01 -3.36463215e-01 -3.36463215e-01  1.26650119e-01
 -3.36463215e-01 -3.36463215e-01 -3.36463215e-01 -3.36463215e-01
 -3.36463215e-01 -3.36463215e-01 -3.36463215e-01 -3.36463215e-01
 -3.36463215e-01 -3.36463215e-01 -3.36463215e-01 -3.36463215e-01
 -3.36463215e-01 -3.36463215e-01 -3.36463215e-01 -3.36463215e-01
  3.60299373e-01 -3.36463215e-01  2.62135698e+00  2.66778500e+00
  7.39928255e-01  3.13969894e+00  6.96619658e+00 -3.36463215e-01
  4.95707333e+00 -3.36463215e-01 -1.82963857e-03 -3.36463215e-01
  3.24016672e+00 -3.36463215e-01 -3.36463215e-01 -3.36463215e-01
  1.26650119e-01 -3.36463215e-01 -3.36463215e-01  2.81050385e+00
  2.55252143e+00 -3.36463215e-01 -3.36463215e-01 -3.36463215e-01
 -3.36463215e-01 -3.36463215e-01 -3.36463215e-01  4.53337441e+00
  2.62853186e+00 -3.36463215e-01 -3.36463215e-01 -3.36463215e-01
 -3.36463215e-01  1.86227795e+00 -3.36463215e-01  4.88050107e+00
 -3.36463215e-01  4.44465057e+00  3.53933039e+00 -3.36463215e-01
  9.23434110e-01 -3.36463215e-01  3.96542405e-01 -3.36463215e-01
 -3.36463215e-01  4.62735638e+00 -3.36463215e-01  2.99077917e+00
  1.68758282e+00 -1.09035669e-01  2.72810548e+00  6.09469361e+00
  1.34902122e+00 -3.36463215e-01 -3.36463215e-01 -3.36463215e-01
 -3.36463215e-01 -3.36463215e-01 -3.36463215e-01 -3.36463215e-01
 -3.36463215e-01 -3.36463215e-01 -3.36463215e-01 -3.36463215e-01
 -3.36463215e-01 -3.36463215e-01 -3.36463215e-01 -3.36463215e-01
 -3.36463215e-01 -3.36463215e-01 -3.36463215e-01 -3.36463215e-01
 -3.36463215e-01 -3.36463215e-01 -3.36463215e-01 -3.36463215e-01
 -3.36463215e-01 -3.36463215e-01 -3.36463215e-01 -3.36463215e-01
 -3.36463215e-01 -3.36463215e-01 -3.36463215e-01 -3.36463215e-01
  9.23434110e-01 -3.36463215e-01 -3.36463215e-01 -3.36463215e-01
 -3.36463215e-01 -3.36463215e-01 -3.36463215e-01 -3.36463215e-01
 -3.36463215e-01 -9.62399899e-02  9.81511212e-01 -3.36463215e-01
 -3.36463215e-01 -3.36463215e-01 -3.36463215e-01 -3.36463215e-01
 -3.36463215e-01 -3.36463215e-01 -3.36463215e-01 -3.36463215e-01
 -3.36463215e-01 -3.36463215e-01 -3.36463215e-01 -3.36463215e-01
 -3.36463215e-01 -3.36463215e-01 -3.36463215e-01 -3.36463215e-01
 -3.36463215e-01 -3.36463215e-01 -3.36463215e-01 -3.36463215e-01
 -3.36463215e-01 -3.36463215e-01 -3.36463215e-01 -3.36463215e-01
 -3.36463215e-01 -3.36463215e-01 -3.36463215e-01 -3.36463215e-01
 -3.36463215e-01 -3.36463215e-01 -3.36463215e-01 -3.36463215e-01
  2.68613073e-02 -3.36463215e-01 -3.36463215e-01 -3.36463215e-01
 -3.36463215e-01 -3.36463215e-01 -3.36463215e-01 -3.36463215e-01
 -3.36463215e-01 -3.36463215e-01 -3.36463215e-01 -3.36463215e-01
 -3.36463215e-01 -3.36463215e-01 -3.36463215e-01 -3.36463215e-01
 -3.36463215e-01 -3.36463215e-01 -3.36463215e-01 -3.36463215e-01
 -3.36463215e-01 -3.36463215e-01 -3.36463215e-01 -3.36463215e-01
 -3.36463215e-01 -3.36463215e-01 -3.36463215e-01 -3.36463215e-01
 -3.36463215e-01 -3.36463215e-01 -3.36463215e-01 -3.36463215e-01
 -3.36463215e-01 -3.36463215e-01 -3.36463215e-01 -3.36463215e-01
 -3.36463215e-01 -3.36463215e-01 -3.36463215e-01 -3.36463215e-01
 -3.36463215e-01 -3.36463215e-01 -3.36463215e-01 -3.36463215e-01
 -3.36463215e-01 -3.36463215e-01 -3.36463215e-01 -3.36463215e-01
  6.41743910e-02 -3.36463215e-01 -3.36463215e-01 -3.36463215e-01
 -3.36463215e-01  9.23434110e-01  2.13092410e+00 -3.36463215e-01
  2.04816720e+00 -3.36463215e-01  3.68149685e+00  1.20304159e+00
 -3.36463215e-01  3.58175233e-01 -3.36463215e-01 -3.36463215e-01
 -3.36463215e-01 -3.36463215e-01 -3.36463215e-01 -3.36463215e-01
  2.55387027e-01 -3.36463215e-01 -3.36463215e-01 -3.36463215e-01
 -3.36463215e-01 -3.36463215e-01 -3.36463215e-01  1.72384195e+00
  1.72384195e+00 -3.36463215e-01 -3.36463215e-01 -3.36463215e-01
 -3.36463215e-01 -3.36463215e-01 -3.36463215e-01 -3.36463215e-01
  1.45022205e+00 -3.36463215e-01 -3.36463215e-01 -3.36463215e-01
  1.10852728e+00  1.36564096e+00 -3.36463215e-01 -3.36463215e-01
 -3.36463215e-01  1.20304159e+00 -3.36463215e-01  9.23434110e-01
 -3.36463215e-01  1.21764946e+00  6.98007063e-01  5.98411529e-01
 -3.36463215e-01  1.04638836e+00  1.70705990e+00 -3.36463215e-01
 -3.36463215e-01 -3.36463215e-01 -3.36463215e-01 -3.36463215e-01
  1.96780177e+00 -3.36463215e-01  3.60299373e-01  2.17346813e+00
  7.39928255e-01 -3.36463215e-01  4.25920104e-01  3.33828108e+00
 -3.36463215e-01  1.53756910e-01  6.68878376e-01 -3.36463215e-01
  3.49774886e+00  3.60299373e-01 -3.36463215e-01  1.59787820e+00
 -3.36463215e-01  2.85428986e+00  6.81010085e-01  2.17260950e+00
  2.59098540e-01 -3.36463215e-01 -3.36463215e-01 -3.36463215e-01
 -3.36463215e-01 -3.36463215e-01 -3.36463215e-01 -3.36463215e-01
 -3.36463215e-01 -3.36463215e-01 -3.36463215e-01  1.72384195e+00
 -3.36463215e-01 -3.36463215e-01 -8.92827536e-02 -3.36463215e-01
 -3.36463215e-01 -3.36463215e-01 -3.36463215e-01 -3.36463215e-01
 -3.36463215e-01 -3.36463215e-01 -3.36463215e-01 -3.36463215e-01
 -3.36463215e-01 -3.36463215e-01 -3.36463215e-01  3.39872121e+00
 -3.36463215e-01 -3.36463215e-01 -3.36463215e-01 -3.36463215e-01
 -3.36463215e-01 -3.36463215e-01  4.25920104e-01 -3.36463215e-01
  2.02785548e+00  1.83016066e+00 -3.36463215e-01 -3.36463215e-01
  3.85793851e+00 -3.36463215e-01 -3.36463215e-01  2.09787333e+00
 -3.36463215e-01 -3.36463215e-01  3.55551869e+00 -3.36463215e-01
 -3.36463215e-01  3.95527414e+00 -3.36463215e-01  8.58063128e-01
 -3.36463215e-01 -3.36463215e-01 -3.71932303e-02  5.38087773e+00
  5.25596229e+00  1.72384195e+00 -3.36463215e-01  4.75495565e+00
 -3.36463215e-01  4.25920104e-01 -3.36463215e-01 -3.36463215e-01
 -3.36463215e-01 -3.36463215e-01 -3.36463215e-01 -3.36463215e-01
 -3.36463215e-01 -3.36463215e-01 -3.36463215e-01  1.78191905e+00
 -3.36463215e-01 -3.36463215e-01 -3.36463215e-01 -3.36463215e-01
 -3.36463215e-01 -3.36463215e-01 -3.36463215e-01 -3.36463215e-01
 -3.36463215e-01 -3.36463215e-01 -3.36463215e-01  4.25920104e-01
 -3.36463215e-01 -3.36463215e-01 -3.36463215e-01 -3.36463215e-01
 -3.36463215e-01 -3.36463215e-01 -3.36463215e-01 -3.36463215e-01
 -3.36463215e-01 -3.36463215e-01 -3.36463215e-01 -3.36463215e-01
 -3.36463215e-01 -3.36463215e-01  2.92145013e+00 -3.36463215e-01
 -3.36463215e-01  1.59787820e+00 -3.36463215e-01 -3.36463215e-01
 -3.36463215e-01 -3.36463215e-01 -3.36463215e-01 -3.36463215e-01
 -3.36463215e-01 -3.36463215e-01 -3.36463215e-01 -3.36463215e-01
  2.27943306e+00 -3.36463215e-01 -3.36463215e-01 -3.36463215e-01
 -3.36463215e-01 -3.36463215e-01  6.07479834e-01  3.04181638e+00
 -3.36463215e-01 -3.36463215e-01 -3.36463215e-01 -3.36463215e-01
 -3.36463215e-01 -3.36463215e-01 -3.36463215e-01  1.96924534e+00
 -3.36463215e-01 -3.36463215e-01 -3.36463215e-01 -3.36463215e-01
 -3.36463215e-01 -3.36463215e-01 -3.36463215e-01 -3.36463215e-01
 -3.36463215e-01 -3.36463215e-01 -3.36463215e-01 -3.36463215e-01
 -3.36463215e-01 -3.36463215e-01 -3.36463215e-01 -3.36463215e-01
 -3.36463215e-01 -3.36463215e-01  3.05553853e-01 -3.36463215e-01
 -3.36463215e-01 -3.36463215e-01 -3.36463215e-01 -3.36463215e-01
 -3.36463215e-01 -3.36463215e-01 -3.36463215e-01 -3.36463215e-01
 -3.36463215e-01 -3.36463215e-01 -3.36463215e-01 -3.36463215e-01
 -3.36463215e-01 -3.36463215e-01 -3.36463215e-01 -3.36463215e-01
 -3.36463215e-01 -3.36463215e-01 -3.36463215e-01 -3.36463215e-01
 -3.36463215e-01 -3.36463215e-01 -3.36463215e-01 -3.36463215e-01
 -3.36463215e-01 -3.36463215e-01 -3.36463215e-01 -3.36463215e-01
 -3.36463215e-01 -3.36463215e-01 -3.36463215e-01 -3.36463215e-01
 -3.36463215e-01 -3.36463215e-01 -3.36463215e-01 -3.36463215e-01
 -3.36463215e-01  1.91109493e+00 -3.36463215e-01 -3.36463215e-01
 -3.36463215e-01 -3.36463215e-01 -3.36463215e-01 -3.36463215e-01
 -3.36463215e-01 -3.36463215e-01 -3.36463215e-01 -3.36463215e-01
 -3.36463215e-01 -3.36463215e-01 -3.36463215e-01 -3.36463215e-01
 -3.36463215e-01 -3.36463215e-01 -3.36463215e-01 -3.36463215e-01
  9.23434110e-01 -3.36463215e-01 -3.36463215e-01 -3.36463215e-01
 -3.36463215e-01 -3.36463215e-01 -3.36463215e-01 -3.36463215e-01
 -3.36463215e-01 -3.36463215e-01 -3.36463215e-01 -3.36463215e-01
 -3.36463215e-01 -3.36463215e-01 -3.36463215e-01 -3.36463215e-01
 -3.36463215e-01 -3.36463215e-01 -3.36463215e-01 -3.36463215e-01
 -3.36463215e-01 -3.36463215e-01 -3.36463215e-01 -3.36463215e-01
 -3.36463215e-01 -3.36463215e-01  7.39928255e-01  4.02955051e+00
  3.43468457e+00 -3.36463215e-01 -3.36463215e-01 -3.36463215e-01
 -3.36463215e-01 -3.36463215e-01 -3.36463215e-01 -3.36463215e-01
 -3.36463215e-01 -3.36463215e-01 -3.36463215e-01 -3.36463215e-01
 -3.36463215e-01  7.39928255e-01 -3.36463215e-01 -3.36463215e-01
 -3.36463215e-01 -3.36463215e-01  4.25920104e-01 -3.36463215e-01
 -3.36463215e-01 -3.36463215e-01 -3.36463215e-01 -3.36463215e-01
 -3.36463215e-01 -3.36463215e-01 -3.36463215e-01 -3.36463215e-01
 -3.36463215e-01 -3.36463215e-01 -3.36463215e-01 -3.36463215e-01
 -3.36463215e-01 -3.36463215e-01 -3.36463215e-01 -3.36463215e-01
 -3.36463215e-01 -3.36463215e-01 -3.36463215e-01 -3.36463215e-01
 -3.36463215e-01 -3.36463215e-01 -3.36463215e-01 -3.36463215e-01
 -3.36463215e-01 -3.36463215e-01  7.06282061e-01 -3.36463215e-01
 -3.36463215e-01 -3.36463215e-01 -3.36463215e-01 -3.36463215e-01
 -3.36463215e-01 -3.36463215e-01 -3.36463215e-01 -3.36463215e-01
 -3.36463215e-01 -3.36463215e-01 -3.36463215e-01 -3.36463215e-01
 -3.36463215e-01 -3.36463215e-01 -2.62754978e-02 -3.36463215e-01
 -3.36463215e-01 -3.36463215e-01 -3.36463215e-01 -3.36463215e-01
 -3.36463215e-01 -3.36463215e-01 -3.36463215e-01 -3.36463215e-01
 -3.36463215e-01 -3.36463215e-01 -3.36463215e-01 -3.36463215e-01
 -3.36463215e-01 -3.36463215e-01 -3.36463215e-01 -3.36463215e-01
 -3.36463215e-01 -3.36463215e-01 -3.36463215e-01 -3.36463215e-01
 -3.36463215e-01 -3.36463215e-01 -3.36463215e-01 -3.36463215e-01
 -3.36463215e-01 -3.36463215e-01 -3.36463215e-01  1.20304159e+00
 -3.36463215e-01 -3.36463215e-01 -3.36463215e-01 -3.36463215e-01
 -3.36463215e-01 -3.36463215e-01 -3.36463215e-01 -3.36463215e-01
 -3.36463215e-01 -3.36463215e-01 -3.36463215e-01 -3.36463215e-01
 -3.36463215e-01 -3.36463215e-01 -3.36463215e-01 -3.36463215e-01
 -3.36463215e-01 -3.36463215e-01 -3.36463215e-01 -3.36463215e-01
 -3.36463215e-01 -3.36463215e-01 -3.36463215e-01 -3.36463215e-01
 -3.36463215e-01 -3.36463215e-01 -3.36463215e-01 -3.36463215e-01
 -3.36463215e-01 -3.36463215e-01 -3.36463215e-01 -3.36463215e-01
 -3.36463215e-01 -3.36463215e-01 -3.36463215e-01 -3.36463215e-01
 -3.36463215e-01 -3.36463215e-01 -3.36463215e-01 -3.36463215e-01
 -3.36463215e-01 -3.36463215e-01 -3.36463215e-01 -3.36463215e-01
 -3.36463215e-01 -3.36463215e-01 -3.36463215e-01 -3.36463215e-01
 -3.36463215e-01 -3.36463215e-01 -3.36463215e-01 -3.36463215e-01
 -3.36463215e-01 -3.36463215e-01 -3.36463215e-01 -3.36463215e-01
 -3.36463215e-01 -3.36463215e-01 -3.36463215e-01 -3.36463215e-01
 -3.36463215e-01 -3.36463215e-01 -3.36463215e-01 -3.36463215e-01
  1.37900381e+00 -3.36463215e-01 -3.36463215e-01 -3.36463215e-01
 -3.36463215e-01  3.05553853e-01 -3.36463215e-01 -3.36463215e-01
 -3.36463215e-01 -3.36463215e-01  1.20304159e+00 -3.36463215e-01
 -3.36463215e-01 -3.36463215e-01 -3.36463215e-01 -3.36463215e-01
 -3.36463215e-01  7.58327545e-01  4.49266385e+00 -3.36463215e-01
 -3.36463215e-01 -3.36463215e-01 -3.36463215e-01  6.07479834e-01
  4.63241912e+00 -3.36463215e-01  1.20304159e+00 -3.36463215e-01
 -3.36463215e-01 -3.36463215e-01]",[0.08622688218146557]
2,"[-0.29051088 -0.29051088 -0.29051088 -0.29051088 -0.29051088 -0.29051088
 -0.29051088 -0.29051088 -0.29051088 -0.29051088 -0.29051088 -0.29051088
 -0.29051088 -0.29051088 -0.29051088 -0.29051088 -0.29051088 -0.29051088
 -0.29051088 -0.29051088 -0.29051088 -0.29051088 -0.29051088 -0.29051088
 -0.29051088 -0.29051088 -0.29051088 -0.29051088 -0.29051088 -0.29051088
 -0.29051088 -0.29051088 -0.29051088 -0.29051088 -0.29051088 -0.29051088
 -0.29051088 -0.29051088 -0.29051088 -0.29051088 -0.29051088 -0.29051088
 -0.29051088 -0.29051088 -0.29051088 -0.29051088 -0.29051088 -0.29051088
 -0.29051088 -0.29051088 -0.29051088 -0.29051088 -0.29051088  2.99499048
 -0.29051088 -0.29051088 -0.29051088 -0.29051088 -0.29051088 -0.29051088
 -0.29051088 -0.29051088 -0.29051088 -0.29051088 -0.29051088 -0.29051088
 -0.29051088 -0.29051088 -0.29051088 -0.29051088 -0.29051088 -0.29051088
 -0.29051088 -0.29051088 -0.29051088 -0.29051088 -0.29051088 -0.29051088
 -0.29051088 -0.29051088 -0.29051088 -0.29051088 -0.29051088 -0.29051088
 -0.29051088  1.30514991  0.94656102  3.13771688 -0.29051088  0.81393363
 -0.29051088 -0.29051088 -0.29051088 -0.29051088  0.03658673 -0.29051088
 -0.29051088 -0.29051088 -0.29051088  0.99894401 -0.29051088 -0.29051088
 -0.29051088 -0.29051088 -0.29051088 -0.29051088 -0.29051088 -0.29051088
 -0.29051088 -0.29051088 -0.29051088 -0.29051088 -0.29051088 -0.29051088
  5.42194568 -0.29051088 -0.29051088 -0.29051088  3.43010805  3.13771688
 -0.29051088  3.42710273 -0.29051088 -0.29051088  3.13771688 -0.29051088
  2.00308206 -0.29051088  5.35910359 -0.29051088 -0.29051088 -0.29051088
 -0.29051088 -0.29051088 -0.29051088  2.77813458  4.21306335 -0.29051088
 -0.29051088 -0.29051088 -0.29051088 -0.29051088 -0.29051088 -0.18267434
  7.52766275 -0.29051088 -0.29051088 -0.29051088 -0.29051088 -0.29051088
 -0.29051088  4.30784298 -0.29051088  5.56315983  3.13771688 -0.29051088
 -0.29051088 -0.29051088  0.94656102 -0.29051088 -0.29051088  3.96790826
 -0.29051088  0.23041772  3.11307626 -0.29051088 -0.29051088  6.80643578
 -0.29051088  3.12599949 -0.29051088 -0.29051088 -0.29051088 -0.29051088
 -0.29051088 -0.29051088 -0.29051088 -0.29051088 -0.29051088 -0.29051088
 -0.29051088 -0.29051088 -0.29051088 -0.29051088 -0.29051088 -0.29051088
 -0.29051088 -0.29051088 -0.29051088 -0.29051088 -0.29051088 -0.29051088
 -0.29051088 -0.29051088 -0.29051088 -0.29051088 -0.29051088 -0.29051088
 -0.29051088 -0.29051088 -0.29051088 -0.29051088 -0.29051088 -0.29051088
 -0.29051088 -0.29051088 -0.29051088 -0.29051088 -0.29051088 -0.29051088
  0.1314057  -0.29051088 -0.29051088 -0.29051088 -0.29051088 -0.29051088
 -0.29051088 -0.29051088 -0.29051088 -0.29051088 -0.29051088 -0.29051088
 -0.29051088 -0.29051088 -0.29051088 -0.29051088 -0.29051088 -0.29051088
 -0.29051088 -0.29051088 -0.29051088 -0.29051088 -0.29051088 -0.29051088
 -0.29051088 -0.29051088 -0.29051088 -0.29051088 -0.29051088 -0.29051088
 -0.29051088 -0.29051088 -0.29051088 -0.29051088  1.31409381 -0.29051088
 -0.29051088 -0.29051088 -0.29051088 -0.29051088 -0.29051088 -0.29051088
 -0.29051088 -0.29051088 -0.29051088 -0.29051088 -0.29051088 -0.29051088
 -0.29051088 -0.29051088 -0.29051088 -0.29051088 -0.29051088 -0.29051088
 -0.29051088 -0.29051088 -0.29051088 -0.29051088 -0.29051088 -0.29051088
 -0.29051088 -0.29051088 -0.02745323 -0.29051088 -0.29051088 -0.29051088
 -0.29051088 -0.29051088 -0.29051088 -0.29051088 -0.29051088 -0.29051088
 -0.29051088 -0.29051088 -0.29051088 -0.29051088 -0.29051088 -0.29051088
 -0.29051088 -0.29051088 -0.29051088 -0.29051088  1.67962765 -0.29051088
 -0.29051088 -0.29051088 -0.29051088  1.36063065 -0.29051088 -0.29051088
  2.51691666 -0.29051088  1.71048251  1.12013952 -0.29051088  0.25425966
 -0.29051088 -0.29051088 -0.29051088 -0.29051088 -0.29051088 -0.29051088
  0.55597346 -0.29051088 -0.29051088 -0.29051088 -0.29051088  0.39201705
 -0.29051088 -0.29051088 -0.29051088 -0.29051088 -0.29051088 -0.29051088
 -0.29051088 -0.29051088 -0.29051088 -0.29051088  3.77549595 -0.29051088
 -0.29051088 -0.29051088  0.25618615 -0.29051088 -0.29051088 -0.29051088
 -0.29051088 -0.29051088 -0.29051088 -0.29051088 -0.29051088  2.49962779
  2.44320978  0.08328947 -0.29051088  1.33876528  3.05488312 -0.29051088
 -0.29051088 -0.29051088  3.13771688 -0.29051088  3.512938   -0.29051088
  3.70485061  4.91021414  3.04460342 -0.29051088 -0.29051088  5.90965975
 -0.29051088 -0.29051088  0.55087598  2.00308206  5.09745726  1.60320203
 -0.29051088  4.86654655 -0.29051088  2.40959441  1.23811522  2.93414959
  1.27050005  0.23041772 -0.29051088 -0.29051088 -0.29051088 -0.29051088
 -0.29051088 -0.29051088 -0.29051088 -0.29051088 -0.29051088 -0.29051088
 -0.29051088 -0.29051088  0.16605555 -0.29051088 -0.29051088 -0.29051088
 -0.29051088 -0.29051088 -0.29051088 -0.29051088 -0.29051088 -0.29051088
 -0.29051088 -0.29051088 -0.29051088  2.23405448 -0.29051088 -0.29051088
 -0.29051088 -0.29051088 -0.29051088 -0.29051088 -0.29051088 -0.29051088
  3.17489068  1.26849227 -0.29051088 -0.29051088  3.24045153  0.81393363
 -0.29051088 -0.29051088 -0.29051088 -0.29051088 -0.09245247 -0.29051088
  2.94309045 -0.29051088 -0.29051088  6.27269667  1.12013952 -0.29051088
 -0.29051088 -0.29051088 -0.29051088 -0.29051088 -0.29051088  0.72793526
 -0.29051088 -0.29051088 -0.29051088 -0.29051088 -0.29051088 -0.29051088
  2.98835504  0.2846948  -0.29051088 -0.29051088 -0.29051088 -0.17310971
 -0.29051088 -0.29051088 -0.29051088 -0.29051088 -0.29051088 -0.29051088
 -0.29051088 -0.29051088 -0.29051088 -0.29051088 -0.29051088 -0.29051088
 -0.29051088 -0.29051088 -0.29051088  2.00308206 -0.29051088 -0.29051088
 -0.29051088 -0.29051088 -0.29051088 -0.29051088 -0.29051088 -0.29051088
 -0.29051088 -0.29051088 -0.29051088 -0.29051088 -0.29051088  0.48999459
 -0.29051088 -0.29051088 -0.29051088 -0.29051088 -0.29051088 -0.29051088
 -0.29051088 -0.29051088 -0.29051088 -0.29051088  1.72706648 -0.29051088
 -0.29051088 -0.29051088  0.58520886 -0.29051088 -0.29051088  0.94656102
 -0.29051088 -0.29051088 -0.29051088 -0.29051088 -0.29051088 -0.29051088
 -0.29051088  3.57626642 -0.29051088 -0.29051088 -0.29051088 -0.29051088
 -0.29051088 -0.29051088 -0.29051088 -0.29051088 -0.29051088 -0.29051088
 -0.29051088 -0.29051088 -0.29051088 -0.29051088 -0.29051088 -0.29051088
 -0.29051088 -0.29051088  0.55087598 -0.29051088 -0.29051088 -0.29051088
 -0.29051088 -0.29051088 -0.29051088 -0.29051088 -0.29051088 -0.29051088
 -0.29051088 -0.29051088 -0.29051088 -0.29051088 -0.29051088 -0.29051088
 -0.29051088 -0.29051088 -0.29051088 -0.29051088 -0.29051088 -0.29051088
 -0.29051088 -0.29051088 -0.29051088 -0.29051088 -0.29051088 -0.29051088
 -0.29051088 -0.29051088 -0.29051088 -0.29051088 -0.29051088 -0.29051088
 -0.29051088 -0.29051088 -0.29051088 -0.29051088 -0.29051088  3.82024481
 -0.29051088 -0.29051088 -0.29051088 -0.29051088 -0.29051088 -0.29051088
 -0.29051088 -0.29051088 -0.29051088 -0.29051088 -0.29051088 -0.29051088
 -0.29051088 -0.29051088 -0.29051088 -0.29051088 -0.29051088 -0.29051088
 -0.29051088 -0.29051088 -0.29051088 -0.29051088 -0.29051088 -0.29051088
 -0.29051088 -0.29051088 -0.29051088 -0.29051088 -0.29051088 -0.29051088
 -0.29051088 -0.29051088 -0.29051088 -0.29051088 -0.29051088 -0.29051088
 -0.29051088 -0.29051088 -0.29051088 -0.29051088 -0.29051088 -0.29051088
 -0.29051088 -0.29051088  2.40959441  1.72706648  1.28267349 -0.29051088
 -0.29051088 -0.29051088 -0.29051088 -0.29051088 -0.29051088 -0.29051088
 -0.29051088 -0.29051088 -0.29051088 -0.29051088 -0.29051088 -0.29051088
 -0.29051088 -0.29051088 -0.29051088 -0.29051088  1.58434009 -0.29051088
 -0.29051088 -0.29051088 -0.29051088 -0.29051088 -0.29051088 -0.29051088
 -0.29051088 -0.29051088 -0.29051088 -0.29051088 -0.29051088 -0.29051088
 -0.29051088 -0.29051088 -0.29051088 -0.29051088 -0.29051088 -0.29051088
 -0.29051088 -0.29051088 -0.29051088 -0.29051088 -0.29051088 -0.29051088
 -0.29051088 -0.29051088  1.79556909 -0.29051088 -0.29051088 -0.29051088
 -0.29051088 -0.29051088 -0.29051088 -0.29051088 -0.29051088 -0.29051088
 -0.29051088 -0.29051088 -0.29051088 -0.29051088 -0.29051088 -0.29051088
 -0.29051088 -0.29051088 -0.29051088 -0.29051088 -0.29051088 -0.29051088
 -0.29051088 -0.29051088 -0.29051088 -0.29051088 -0.29051088 -0.29051088
 -0.29051088 -0.29051088 -0.29051088 -0.29051088 -0.29051088 -0.29051088
 -0.29051088 -0.29051088 -0.29051088 -0.29051088 -0.29051088 -0.29051088
 -0.29051088 -0.29051088 -0.29051088 -0.29051088 -0.29051088 -0.29051088
 -0.29051088 -0.29051088 -0.29051088 -0.29051088 -0.29051088 -0.29051088
 -0.29051088 -0.29051088 -0.29051088 -0.29051088 -0.29051088 -0.29051088
 -0.29051088 -0.29051088 -0.29051088 -0.29051088 -0.29051088 -0.29051088
 -0.29051088  0.16605555 -0.29051088 -0.29051088 -0.29051088 -0.29051088
 -0.29051088 -0.29051088 -0.29051088 -0.29051088 -0.29051088 -0.29051088
 -0.29051088 -0.29051088 -0.29051088 -0.29051088 -0.29051088 -0.29051088
 -0.29051088 -0.29051088 -0.29051088 -0.29051088 -0.29051088 -0.29051088
 -0.29051088 -0.29051088 -0.29051088 -0.29051088 -0.29051088 -0.29051088
 -0.29051088 -0.29051088 -0.29051088 -0.29051088 -0.29051088 -0.29051088
 -0.29051088 -0.29051088 -0.29051088 -0.29051088 -0.29051088 -0.29051088
 -0.29051088 -0.29051088 -0.29051088 -0.29051088 -0.29051088 -0.29051088
 -0.29051088  2.40959441 -0.29051088 -0.29051088 -0.29051088 -0.29051088
 -0.29051088 -0.29051088 -0.29051088 -0.29051088 -0.29051088 -0.29051088
 -0.29051088 -0.29051088 -0.29051088 -0.29051088 -0.29051088 -0.29051088
 -0.29051088 -0.29051088 -0.29051088 -0.29051088  0.45424456 -0.29051088
 -0.29051088 -0.29051088 -0.29051088 -0.29051088]",[0.6024227471351097]
