Time Point,X,y
0,"[-0.30133534 -0.30133534 -0.30133534 -0.30133534 -0.30133534 -0.30133534
 -0.30133534 -0.30133534 -0.30133534 -0.30133534 -0.30133534 -0.30133534
 -0.30133534 -0.30133534 -0.30133534 -0.30133534  3.30352043 -0.30133534
 -0.30133534 -0.30133534  5.92634391  3.68595734  4.59002094 -0.30133534
 -0.30133534 -0.30133534 -0.30133534 -0.30133534  4.44851923 -0.30133534
 -0.30133534 -0.30133534 -0.30133534 -0.30133534 -0.30133534 -0.30133534
 -0.30133534 -0.30133534 -0.30133534 -0.30133534 -0.30133534 -0.30133534
  3.06133219 -0.30133534 -0.30133534 -0.30133534 -0.30133534 -0.30133534
 -0.30133534 -0.30133534 -0.30133534 -0.30133534 -0.30133534  3.63978069
 -0.30133534 -0.30133534 -0.30133534 -0.30133534 -0.30133534 -0.30133534
 -0.30133534 -0.30133534 -0.30133534 -0.30133534 -0.30133534 -0.30133534
 -0.30133534 -0.30133534 -0.30133534 -0.30133534 -0.30133534 -0.30133534
 -0.30133534 -0.30133534 -0.30133534 -0.30133534 -0.30133534 -0.30133534
 -0.30133534 -0.30133534 -0.30133534 -0.30133534 -0.30133534 -0.30133534
 -0.30133534 -0.30133534 -0.30133534 -0.30133534 -0.30133534 -0.30133534
 -0.30133534 -0.30133534 -0.30133534 -0.30133534 -0.30133534 -0.30133534
 -0.30133534 -0.30133534 -0.30133534 -0.30133534  1.81947233 -0.30133534
 -0.30133534  3.33442581 -0.30133534 -0.30133534 -0.30133534 -0.30133534
 -0.30133534 -0.30133534 -0.30133534 -0.30133534 -0.30133534 -0.30133534
  3.60622251 -0.30133534  2.05609616 -0.30133534 -0.30133534 -0.30133534
 -0.30133534 -0.30133534 -0.30133534 -0.30133534 -0.30133534 -0.30133534
 -0.30133534 -0.30133534  2.1263638  -0.30133534 -0.30133534 -0.30133534
 -0.30133534 -0.30133534 -0.30133534 -0.30133534 -0.30133534 -0.30133534
 -0.30133534  0.85162744 -0.30133534 -0.30133534 -0.30133534 -0.30133534
 -0.30133534 -0.30133534 -0.30133534  1.33611629 -0.30133534 -0.30133534
  2.34393297  1.83516776 -0.30133534 -0.30133534 -0.30133534 -0.30133534
 -0.30133534 -0.30133534 -0.30133534 -0.30133534 -0.30133534 -0.30133534
 -0.30133534  1.90836942 -0.30133534 -0.30133534 -0.30133534 -0.30133534
 -0.30133534 -0.30133534 -0.30133534 -0.30133534 -0.30133534 -0.30133534
 -0.30133534 -0.30133534 -0.30133534 -0.30133534 -0.30133534 -0.30133534
 -0.30133534 -0.30133534 -0.30133534 -0.30133534 -0.30133534  2.95498826
 -0.30133534 -0.30133534 -0.30133534 -0.30133534  2.1481788   2.38327779
 -0.30133534 -0.30133534 -0.30133534 -0.30133534 -0.30133534 -0.30133534
 -0.30133534 -0.30133534 -0.30133534 -0.30133534 -0.30133534  2.44161722
 -0.30133534 -0.30133534 -0.30133534 -0.30133534 -0.30133534 -0.30133534
  3.50562696 -0.30133534 -0.30133534 -0.30133534 -0.30133534 -0.30133534
 -0.30133534 -0.30133534 -0.30133534 -0.30133534 -0.30133534 -0.30133534
 -0.30133534 -0.30133534 -0.30133534 -0.30133534 -0.30133534 -0.30133534
 -0.30133534 -0.30133534  0.64222438 -0.30133534 -0.30133534 -0.30133534
 -0.30133534 -0.30133534 -0.30133534 -0.30133534  3.17951692 -0.30133534
 -0.30133534 -0.30133534 -0.30133534 -0.30133534 -0.30133534 -0.30133534
 -0.30133534  4.28777556 -0.30133534 -0.30133534 -0.30133534 -0.30133534
 -0.30133534 -0.30133534 -0.30133534 -0.30133534 -0.30133534 -0.30133534
 -0.30133534 -0.30133534 -0.30133534 -0.30133534]",[-0.0712290256030017]
0,"[-0.30078021 -0.30078021 -0.30078021 -0.30078021 -0.30078021 -0.30078021
  1.08092206 -0.30078021 -0.30078021 -0.30078021 -0.30078021 -0.30078021
 -0.30078021 -0.30078021 -0.30078021 -0.30078021  2.55212681 -0.30078021
 -0.30078021 -0.30078021  6.01567109 -0.30078021  4.25214616 -0.30078021
 -0.30078021 -0.30078021 -0.30078021 -0.30078021 -0.30078021 -0.30078021
 -0.30078021 -0.30078021 -0.30078021 -0.30078021 -0.30078021 -0.30078021
 -0.30078021 -0.30078021 -0.30078021 -0.30078021 -0.30078021 -0.30078021
 -0.30078021 -0.30078021 -0.30078021 -0.30078021 -0.30078021 -0.30078021
 -0.30078021 -0.30078021 -0.30078021 -0.30078021  0.70510593  4.70780487
 -0.30078021 -0.30078021 -0.30078021 -0.30078021 -0.30078021 -0.30078021
 -0.30078021 -0.30078021 -0.30078021 -0.30078021  1.63117614 -0.30078021
 -0.30078021 -0.30078021 -0.30078021 -0.30078021 -0.30078021 -0.30078021
 -0.30078021 -0.30078021 -0.30078021 -0.30078021 -0.30078021 -0.30078021
 -0.30078021 -0.30078021 -0.30078021 -0.30078021 -0.30078021 -0.30078021
 -0.30078021 -0.30078021 -0.30078021 -0.30078021  2.84157164 -0.30078021
 -0.30078021 -0.30078021 -0.30078021 -0.30078021 -0.30078021 -0.30078021
 -0.30078021 -0.30078021 -0.30078021 -0.30078021  1.29351161 -0.30078021
 -0.30078021 -0.30078021  1.71099208 -0.30078021 -0.30078021 -0.30078021
 -0.30078021 -0.30078021  3.38625364 -0.30078021 -0.30078021 -0.30078021
  2.45951545 -0.30078021  2.23626286 -0.30078021 -0.30078021 -0.30078021
 -0.30078021 -0.30078021 -0.30078021 -0.30078021 -0.30078021 -0.30078021
 -0.30078021 -0.30078021  5.41404408 -0.30078021 -0.30078021 -0.30078021
 -0.30078021 -0.30078021 -0.30078021 -0.30078021 -0.30078021  1.972941
 -0.30078021 -0.30078021 -0.30078021 -0.30078021 -0.30078021 -0.30078021
 -0.30078021 -0.30078021 -0.30078021 -0.30078021 -0.30078021 -0.30078021
 -0.30078021  2.10835579 -0.30078021 -0.30078021 -0.30078021 -0.30078021
 -0.30078021 -0.30078021 -0.30078021 -0.30078021 -0.30078021  2.24717425
 -0.30078021 -0.30078021 -0.30078021 -0.30078021 -0.30078021 -0.30078021
 -0.30078021 -0.30078021 -0.30078021 -0.30078021 -0.30078021 -0.30078021
  2.88780342 -0.30078021 -0.30078021 -0.30078021 -0.30078021 -0.30078021
 -0.30078021 -0.30078021 -0.30078021 -0.30078021  0.90733856 -0.30078021
 -0.30078021  2.55212681 -0.30078021 -0.30078021  2.40546682  4.64564335
  2.68204304 -0.30078021 -0.30078021 -0.30078021 -0.30078021 -0.30078021
 -0.30078021 -0.30078021 -0.30078021 -0.30078021 -0.30078021 -0.30078021
 -0.30078021 -0.30078021 -0.30078021 -0.30078021 -0.30078021 -0.30078021
 -0.30078021 -0.30078021 -0.30078021 -0.30078021 -0.30078021 -0.30078021
 -0.30078021 -0.30078021 -0.30078021 -0.30078021 -0.30078021 -0.30078021
 -0.30078021 -0.30078021 -0.30078021 -0.30078021 -0.30078021  1.66416335
 -0.30078021 -0.30078021 -0.30078021 -0.30078021 -0.30078021 -0.30078021
 -0.30078021 -0.30078021 -0.30078021 -0.30078021  3.83177518 -0.30078021
 -0.30078021 -0.30078021 -0.30078021 -0.30078021  2.79219249 -0.30078021
 -0.30078021 -0.30078021 -0.30078021 -0.30078021 -0.30078021 -0.30078021
 -0.30078021 -0.30078021 -0.30078021 -0.30078021 -0.30078021 -0.30078021
 -0.30078021 -0.30078021 -0.30078021 -0.30078021]",[0.10999693368383279]
0,"[-0.29369844 -0.29369844 -0.29369844 -0.29369844 -0.29369844 -0.29369844
  1.91305357 -0.29369844 -0.29369844 -0.29369844 -0.29369844 -0.29369844
 -0.29369844 -0.29369844 -0.29369844 -0.29369844  3.5226093  -0.29369844
 -0.29369844 -0.29369844  5.3276794  -0.29369844  3.77613994 -0.29369844
 -0.29369844  1.29188584 -0.29369844 -0.29369844 -0.29369844 -0.29369844
 -0.29369844 -0.29369844 -0.29369844 -0.29369844 -0.29369844 -0.29369844
 -0.29369844 -0.29369844 -0.29369844 -0.29369844 -0.29369844 -0.29369844
  2.68906231 -0.29369844 -0.29369844 -0.29369844 -0.29369844 -0.29369844
 -0.29369844 -0.29369844 -0.29369844 -0.29369844 -0.29369844  1.89777392
  1.77961576 -0.29369844 -0.29369844 -0.29369844 -0.29369844 -0.29369844
  0.64857443 -0.29369844 -0.29369844 -0.29369844 -0.29369844 -0.29369844
 -0.29369844 -0.29369844 -0.29369844 -0.29369844 -0.29369844 -0.29369844
 -0.29369844 -0.29369844 -0.29369844 -0.29369844 -0.29369844 -0.29369844
 -0.29369844 -0.29369844 -0.29369844 -0.29369844 -0.29369844 -0.29369844
 -0.29369844 -0.29369844 -0.29369844 -0.29369844  2.23795241 -0.29369844
 -0.29369844 -0.29369844 -0.29369844 -0.29369844 -0.29369844 -0.29369844
 -0.29369844 -0.29369844 -0.29369844 -0.29369844  3.97161064 -0.29369844
 -0.29369844 -0.29369844 -0.29369844 -0.29369844 -0.29369844 -0.29369844
 -0.29369844 -0.29369844 -0.29369844 -0.29369844 -0.29369844 -0.29369844
  3.15582251 -0.29369844 -0.29369844 -0.29369844 -0.29369844 -0.29369844
 -0.29369844 -0.29369844 -0.29369844 -0.29369844 -0.29369844 -0.29369844
 -0.29369844 -0.29369844  2.33782627 -0.29369844 -0.29369844 -0.29369844
 -0.29369844 -0.29369844 -0.29369844 -0.29369844 -0.29369844  2.81653479
 -0.29369844 -0.29369844 -0.29369844 -0.29369844 -0.29369844  2.26805958
 -0.29369844 -0.29369844 -0.29369844 -0.29369844 -0.29369844 -0.29369844
 -0.29369844 -0.29369844 -0.29369844 -0.29369844 -0.29369844 -0.29369844
 -0.29369844 -0.29369844 -0.29369844 -0.29369844 -0.29369844 -0.29369844
 -0.29369844 -0.29369844 -0.29369844 -0.29369844 -0.29369844 -0.29369844
 -0.29369844 -0.29369844  0.24252106 -0.29369844 -0.29369844 -0.29369844
  0.74986086 -0.29369844 -0.29369844 -0.29369844 -0.29369844 -0.29369844
 -0.29369844 -0.29369844 -0.29369844 -0.29369844 -0.29369844 -0.29369844
 -0.29369844  2.83515888 -0.29369844 -0.29369844  3.0690618   4.78092389
  3.10617518 -0.29369844 -0.29369844 -0.29369844 -0.29369844 -0.29369844
 -0.29369844 -0.29369844 -0.29369844 -0.29369844 -0.29369844 -0.29369844
 -0.29369844 -0.29369844 -0.29369844 -0.29369844 -0.29369844 -0.29369844
  2.4245758  -0.29369844 -0.29369844 -0.29369844 -0.29369844 -0.29369844
 -0.29369844 -0.29369844  2.34804656 -0.29369844 -0.29369844 -0.29369844
 -0.29369844 -0.29369844 -0.29369844 -0.29369844 -0.29369844 -0.29369844
 -0.29369844 -0.29369844  4.41764642 -0.29369844 -0.29369844 -0.29369844
 -0.29369844 -0.29369844 -0.29369844 -0.29369844  5.99835927 -0.29369844
 -0.29369844 -0.29369844 -0.29369844 -0.29369844 -0.29369844 -0.29369844
 -0.29369844 -0.29369844 -0.29369844 -0.29369844 -0.29369844 -0.29369844
 -0.29369844 -0.29369844 -0.29369844 -0.29369844 -0.29369844 -0.29369844
 -0.29369844 -0.29369844 -0.29369844 -0.29369844]",[0.10180954289764069]
0,"[-0.2673533  -0.2673533  -0.2673533  -0.2673533  -0.2673533  -0.2673533
  1.44561973 -0.2673533  -0.2673533  -0.2673533  -0.2673533  -0.2673533
 -0.2673533  -0.2673533  -0.2673533  -0.2673533   4.25908304 -0.2673533
 -0.2673533  -0.2673533   6.92244057 -0.2673533   5.11011771 -0.2673533
  1.7262273  -0.2673533  -0.2673533  -0.2673533   4.03507505 -0.2673533
 -0.2673533  -0.2673533  -0.2673533  -0.2673533  -0.2673533  -0.2673533
 -0.2673533  -0.2673533  -0.2673533  -0.2673533  -0.2673533  -0.2673533
  2.54887574 -0.2673533  -0.2673533  -0.2673533  -0.2673533  -0.2673533
 -0.2673533  -0.2673533  -0.2673533  -0.2673533   0.25830264  3.53755715
 -0.2673533  -0.2673533  -0.2673533  -0.2673533  -0.2673533  -0.2673533
 -0.2673533  -0.2673533  -0.2673533  -0.2673533   2.41430047 -0.2673533
 -0.2673533  -0.2673533  -0.2673533  -0.2673533  -0.2673533  -0.2673533
 -0.2673533  -0.2673533  -0.2673533  -0.2673533  -0.2673533  -0.2673533
 -0.2673533  -0.2673533  -0.2673533  -0.2673533  -0.2673533  -0.2673533
 -0.2673533  -0.2673533  -0.2673533  -0.2673533  -0.2673533  -0.2673533
 -0.2673533  -0.2673533  -0.2673533  -0.2673533  -0.2673533  -0.2673533
 -0.2673533  -0.2673533  -0.2673533  -0.2673533  -0.2673533  -0.2673533
 -0.2673533   1.91041716 -0.2673533  -0.2673533  -0.2673533  -0.2673533
 -0.2673533  -0.2673533  -0.2673533  -0.2673533  -0.2673533  -0.2673533
  3.57564642 -0.2673533   3.79844276 -0.2673533  -0.2673533  -0.2673533
 -0.2673533  -0.2673533  -0.2673533  -0.2673533  -0.2673533  -0.2673533
 -0.2673533  -0.2673533   2.04149445 -0.2673533  -0.2673533  -0.2673533
 -0.2673533  -0.2673533  -0.2673533  -0.2673533  -0.2673533   0.70588684
 -0.2673533   0.99532402 -0.2673533  -0.2673533  -0.2673533  -0.2673533
 -0.2673533  -0.2673533  -0.2673533  -0.2673533  -0.2673533  -0.2673533
  1.55111748 -0.2673533  -0.2673533  -0.2673533  -0.2673533  -0.2673533
 -0.2673533  -0.2673533  -0.2673533  -0.2673533  -0.2673533  -0.2673533
 -0.2673533  -0.2673533  -0.2673533  -0.2673533  -0.2673533  -0.2673533
 -0.2673533  -0.2673533  -0.2673533  -0.2673533  -0.2673533  -0.2673533
 -0.2673533  -0.2673533  -0.2673533  -0.2673533  -0.2673533  -0.2673533
 -0.2673533  -0.2673533  -0.2673533  -0.2673533  -0.2673533  -0.2673533
 -0.2673533  -0.2673533  -0.2673533  -0.2673533   4.19433024  3.15989116
 -0.2673533  -0.2673533  -0.2673533  -0.2673533  -0.2673533  -0.2673533
 -0.2673533  -0.2673533  -0.2673533  -0.2673533  -0.2673533  -0.2673533
 -0.2673533  -0.2673533  -0.2673533  -0.2673533  -0.2673533  -0.2673533
 -0.2673533  -0.2673533  -0.2673533  -0.2673533  -0.2673533  -0.2673533
 -0.2673533  -0.2673533   2.76240436 -0.2673533  -0.2673533  -0.2673533
 -0.2673533  -0.2673533  -0.2673533  -0.2673533  -0.2673533  -0.2673533
 -0.2673533  -0.2673533   1.83527046 -0.2673533  -0.2673533  -0.2673533
 -0.2673533  -0.2673533  -0.2673533  -0.2673533   5.37696665 -0.2673533
 -0.2673533  -0.2673533  -0.2673533  -0.2673533  -0.2673533  -0.2673533
 -0.2673533  -0.2673533  -0.2673533  -0.2673533  -0.2673533  -0.2673533
 -0.2673533  -0.2673533  -0.2673533  -0.2673533  -0.2673533  -0.2673533
 -0.2673533  -0.2673533  -0.2673533  -0.2673533 ]",[-0.04675668130223232]
0,"[-0.33642544 -0.33642544 -0.33642544 -0.33642544 -0.33642544 -0.33642544
  1.92821807 -0.33642544 -0.33642544 -0.33642544 -0.33642544 -0.33642544
 -0.33642544 -0.33642544 -0.33642544 -0.33642544  2.6449648  -0.33642544
 -0.33642544 -0.33642544  6.13581639 -0.33642544  4.27417925 -0.33642544
 -0.33642544  1.78042504 -0.33642544 -0.33642544  1.44838008 -0.33642544
 -0.33642544 -0.33642544 -0.33642544 -0.33642544 -0.33642544 -0.33642544
 -0.33642544  1.65144034 -0.33642544 -0.33642544 -0.33642544 -0.33642544
 -0.33642544 -0.33642544 -0.33642544 -0.33642544 -0.33642544 -0.33642544
 -0.33642544 -0.33642544 -0.33642544 -0.33642544 -0.33642544  1.8926127
 -0.33642544 -0.33642544 -0.33642544 -0.33642544 -0.33642544 -0.33642544
  0.28429294 -0.33642544 -0.33642544 -0.33642544 -0.33642544 -0.33642544
 -0.33642544 -0.33642544 -0.33642544 -0.33642544 -0.33642544 -0.33642544
 -0.33642544 -0.33642544 -0.33642544 -0.33642544 -0.33642544 -0.33642544
 -0.33642544 -0.33642544 -0.33642544 -0.33642544 -0.33642544 -0.33642544
 -0.33642544 -0.33642544 -0.33642544 -0.33642544  3.67380471 -0.33642544
 -0.33642544 -0.33642544 -0.33642544  2.24057369 -0.33642544 -0.33642544
 -0.33642544 -0.33642544 -0.33642544 -0.33642544  1.33138287 -0.33642544
 -0.33642544  1.99869708 -0.33642544  2.90450681 -0.33642544 -0.33642544
 -0.33642544 -0.33642544  2.44719944 -0.33642544 -0.33642544 -0.33642544
  2.90777828 -0.33642544  2.35071456 -0.33642544  1.33138287 -0.33642544
 -0.33642544 -0.33642544 -0.33642544 -0.33642544 -0.33642544  2.08753304
 -0.33642544 -0.33642544  2.51134353  5.15638836  3.00536718  2.91907698
 -0.33642544 -0.33642544 -0.33642544 -0.33642544 -0.33642544  0.33256351
 -0.33642544  1.74364572 -0.33642544 -0.33642544 -0.33642544 -0.33642544
 -0.33642544 -0.33642544 -0.33642544 -0.33642544 -0.33642544 -0.33642544
 -0.33642544 -0.33642544 -0.33642544 -0.33642544 -0.33642544 -0.33642544
 -0.33642544 -0.33642544 -0.33642544 -0.33642544 -0.33642544 -0.33642544
 -0.33642544  3.36781744 -0.33642544 -0.33642544 -0.33642544 -0.33642544
 -0.33642544 -0.33642544 -0.33642544 -0.33642544 -0.33642544 -0.33642544
  2.78996502 -0.33642544 -0.33642544 -0.33642544 -0.33642544 -0.33642544
 -0.33642544 -0.33642544 -0.33642544 -0.33642544 -0.33642544 -0.33642544
 -0.33642544 -0.33642544 -0.33642544 -0.33642544 -0.33642544  2.87534889
 -0.33642544 -0.33642544 -0.33642544 -0.33642544 -0.33642544 -0.33642544
 -0.33642544 -0.33642544 -0.33642544 -0.33642544 -0.33642544 -0.33642544
 -0.33642544 -0.33642544 -0.33642544 -0.33642544 -0.33642544 -0.33642544
 -0.33642544 -0.33642544 -0.33642544 -0.33642544 -0.33642544 -0.33642544
 -0.33642544 -0.33642544  0.77939113 -0.33642544  1.7609281  -0.33642544
 -0.33642544 -0.33642544 -0.33642544 -0.33642544 -0.33642544 -0.33642544
 -0.33642544 -0.33642544  1.28608383 -0.33642544 -0.33642544 -0.33642544
 -0.33642544 -0.33642544 -0.33642544 -0.33642544  3.53602951 -0.33642544
 -0.33642544 -0.33642544 -0.33642544 -0.33642544 -0.33642544 -0.33642544
 -0.33642544 -0.33642544 -0.33642544 -0.33642544 -0.33642544 -0.33642544
 -0.33642544 -0.33642544 -0.33642544 -0.33642544 -0.33642544 -0.33642544
 -0.33642544 -0.33642544 -0.33642544 -0.33642544]",[0.013497091690326202]
0,"[-0.28621476 -0.28621476 -0.28621476 -0.28621476 -0.28621476 -0.28621476
  1.83404433 -0.28621476 -0.28621476 -0.28621476 -0.28621476 -0.28621476
 -0.28621476 -0.28621476 -0.28621476 -0.28621476  3.02220075 -0.28621476
 -0.28621476 -0.28621476  8.05731821 -0.28621476 -0.28621476 -0.28621476
 -0.28621476 -0.28621476 -0.28621476 -0.28621476 -0.28621476 -0.28621476
 -0.28621476  1.17878781 -0.28621476 -0.28621476 -0.28621476 -0.28621476
 -0.28621476 -0.28621476  0.94297973 -0.28621476 -0.28621476 -0.28621476
  3.46575525 -0.28621476 -0.28621476 -0.28621476 -0.28621476 -0.28621476
 -0.28621476 -0.28621476 -0.28621476 -0.28621476 -0.28621476  1.51907041
 -0.28621476 -0.28621476 -0.28621476 -0.28621476 -0.28621476 -0.28621476
 -0.28621476 -0.28621476 -0.28621476 -0.28621476 -0.28621476 -0.28621476
 -0.28621476 -0.28621476 -0.28621476 -0.28621476 -0.28621476 -0.28621476
 -0.28621476 -0.28621476 -0.28621476 -0.28621476 -0.28621476 -0.28621476
 -0.28621476 -0.28621476 -0.28621476 -0.28621476  2.92299662 -0.28621476
 -0.28621476 -0.28621476  2.1666836  -0.28621476  3.76063021 -0.28621476
 -0.28621476 -0.28621476  2.2635861   1.72857675 -0.28621476 -0.28621476
 -0.28621476 -0.28621476 -0.28621476 -0.28621476 -0.28621476 -0.28621476
 -0.28621476 -0.28621476  5.65824244 -0.28621476 -0.28621476 -0.28621476
 -0.28621476 -0.28621476 -0.28621476 -0.28621476 -0.28621476 -0.28621476
  3.52628079 -0.28621476 -0.28621476  2.37599452 -0.28621476 -0.28621476
 -0.28621476 -0.28621476 -0.28621476 -0.28621476 -0.28621476  2.09057213
 -0.28621476 -0.28621476  2.35749574 -0.28621476 -0.28621476 -0.28621476
 -0.28621476 -0.28621476 -0.28621476 -0.28621476 -0.28621476  0.80503915
 -0.28621476 -0.28621476 -0.28621476 -0.28621476 -0.28621476 -0.28621476
 -0.28621476 -0.28621476 -0.28621476 -0.28621476 -0.28621476 -0.28621476
 -0.28621476 -0.28621476 -0.28621476 -0.28621476 -0.28621476 -0.28621476
 -0.28621476  1.06273356 -0.28621476 -0.28621476 -0.28621476 -0.28621476
 -0.28621476 -0.28621476 -0.28621476 -0.28621476 -0.28621476 -0.28621476
 -0.28621476 -0.28621476 -0.28621476 -0.28621476 -0.28621476 -0.28621476
 -0.28621476 -0.28621476 -0.28621476 -0.28621476 -0.28621476 -0.28621476
 -0.28621476 -0.28621476 -0.28621476 -0.28621476 -0.28621476 -0.28621476
 -0.28621476 -0.28621476 -0.28621476 -0.28621476  1.51907041  3.1410077
 -0.28621476 -0.28621476 -0.28621476 -0.28621476 -0.28621476 -0.28621476
 -0.28621476 -0.28621476 -0.28621476 -0.28621476 -0.28621476  2.92299662
 -0.28621476 -0.28621476 -0.28621476 -0.28621476 -0.28621476 -0.28621476
 -0.28621476 -0.28621476 -0.28621476 -0.28621476 -0.28621476 -0.28621476
 -0.28621476 -0.28621476  1.71834748 -0.28621476  1.51907041 -0.28621476
 -0.28621476 -0.28621476 -0.28621476 -0.28621476 -0.28621476 -0.28621476
 -0.28621476 -0.28621476  1.06273356 -0.28621476 -0.28621476 -0.28621476
 -0.28621476 -0.28621476 -0.28621476 -0.28621476  4.92447007 -0.28621476
 -0.28621476 -0.28621476 -0.28621476 -0.28621476 -0.28621476 -0.28621476
 -0.28621476 -0.28621476 -0.28621476 -0.28621476 -0.28621476 -0.28621476
 -0.28621476 -0.28621476 -0.28621476 -0.28621476 -0.28621476 -0.28621476
 -0.28621476 -0.28621476 -0.28621476 -0.28621476]",[0.03368469173251931]
0,"[-0.30331816 -0.30331816 -0.30331816 -0.30331816 -0.30331816 -0.30331816
 -0.30331816 -0.30331816 -0.30331816 -0.30331816 -0.30331816 -0.30331816
 -0.30331816 -0.30331816 -0.30331816 -0.30331816 -0.30331816 -0.30331816
 -0.30331816 -0.30331816  6.76780731 -0.30331816  5.62384709 -0.30331816
  0.82753543 -0.30331816 -0.30331816 -0.30331816 -0.30331816 -0.30331816
 -0.30331816 -0.30331816 -0.30331816 -0.30331816 -0.30331816 -0.30331816
 -0.30331816 -0.30331816  1.30179948 -0.30331816 -0.30331816 -0.30331816
  3.20089219 -0.30331816 -0.30331816 -0.30331816 -0.30331816 -0.30331816
 -0.30331816 -0.30331816 -0.30331816 -0.30331816  0.81581758  2.88907508
 -0.30331816 -0.30331816 -0.30331816 -0.30331816 -0.30331816 -0.30331816
 -0.30331816 -0.30331816  1.21226034 -0.30331816  1.83340653 -0.30331816
 -0.30331816 -0.30331816 -0.30331816  1.48087879 -0.30331816 -0.30331816
 -0.30331816 -0.30331816 -0.30331816 -0.30331816 -0.30331816 -0.30331816
 -0.30331816 -0.30331816 -0.30331816 -0.30331816 -0.30331816  3.2495414
 -0.30331816 -0.30331816 -0.30331816 -0.30331816  5.51711203 -0.30331816
 -0.30331816 -0.30331816 -0.30331816 -0.30331816 -0.30331816  3.37889532
 -0.30331816 -0.30331816 -0.30331816 -0.30331816 -0.30331816 -0.30331816
 -0.30331816 -0.30331816 -0.30331816 -0.30331816 -0.30331816 -0.30331816
 -0.30331816 -0.30331816 -0.30331816 -0.30331816 -0.30331816 -0.30331816
  2.15206405 -0.30331816  2.45983169 -0.30331816 -0.30331816 -0.30331816
 -0.30331816 -0.30331816 -0.30331816 -0.30331816 -0.30331816 -0.30331816
 -0.30331816 -0.30331816  1.96201332 -0.30331816 -0.30331816 -0.30331816
 -0.30331816 -0.30331816 -0.30331816 -0.30331816 -0.30331816  0.31782802
 -0.30331816 -0.30331816 -0.30331816 -0.30331816 -0.30331816 -0.30331816
 -0.30331816 -0.30331816 -0.30331816  0.16224953 -0.30331816 -0.30331816
 -0.30331816 -0.30331816 -0.30331816 -0.30331816 -0.30331816 -0.30331816
 -0.30331816 -0.30331816 -0.30331816 -0.30331816 -0.30331816  2.04570458
 -0.30331816 -0.30331816 -0.30331816 -0.30331816 -0.30331816 -0.30331816
 -0.30331816 -0.30331816 -0.30331816 -0.30331816 -0.30331816 -0.30331816
  2.21392733 -0.30331816 -0.30331816 -0.30331816 -0.30331816 -0.30331816
 -0.30331816 -0.30331816 -0.30331816 -0.30331816 -0.30331816 -0.30331816
 -0.30331816 -0.30331816 -0.30331816 -0.30331816  2.09174408  2.50057551
 -0.30331816 -0.30331816 -0.30331816 -0.30331816 -0.30331816 -0.30331816
 -0.30331816 -0.30331816 -0.30331816 -0.30331816 -0.30331816 -0.30331816
 -0.30331816 -0.30331816 -0.30331816 -0.30331816  2.45983169 -0.30331816
 -0.30331816 -0.30331816 -0.30331816 -0.30331816 -0.30331816 -0.30331816
 -0.30331816 -0.30331816  2.51799159 -0.30331816  1.28903642 -0.30331816
 -0.30331816 -0.30331816 -0.30331816 -0.30331816 -0.30331816 -0.30331816
 -0.30331816 -0.30331816  2.16715722 -0.30331816 -0.30331816 -0.30331816
 -0.30331816 -0.30331816 -0.30331816 -0.30331816  4.5822087  -0.30331816
 -0.30331816 -0.30331816 -0.30331816 -0.30331816 -0.30331816 -0.30331816
 -0.30331816 -0.30331816 -0.30331816 -0.30331816 -0.30331816 -0.30331816
 -0.30331816 -0.30331816 -0.30331816  2.62222716 -0.30331816 -0.30331816
 -0.30331816 -0.30331816 -0.30331816  1.02987258]",[0.05983098654280719]
0,"[-0.29737441 -0.29737441 -0.29737441 -0.29737441 -0.29737441 -0.29737441
  0.70971864 -0.29737441 -0.29737441 -0.29737441 -0.29737441 -0.29737441
 -0.29737441 -0.29737441 -0.29737441 -0.29737441  1.54412895 -0.29737441
 -0.29737441 -0.29737441  5.12155431 -0.29737441  2.36064275 -0.29737441
 -0.29737441 -0.29737441 -0.29737441 -0.29737441 -0.29737441 -0.29737441
 -0.29737441 -0.29737441 -0.29737441 -0.29737441 -0.29737441 -0.29737441
 -0.29737441 -0.29737441 -0.29737441 -0.29737441 -0.29737441 -0.29737441
  2.08082127 -0.29737441 -0.29737441 -0.29737441 -0.29737441 -0.29737441
 -0.29737441 -0.29737441 -0.29737441 -0.29737441 -0.29737441  0.96039217
 -0.29737441 -0.29737441 -0.29737441 -0.29737441 -0.29737441 -0.29737441
 -0.29737441 -0.29737441 -0.29737441 -0.29737441 -0.29737441 -0.29737441
 -0.29737441 -0.29737441 -0.29737441 -0.29737441 -0.29737441 -0.29737441
 -0.29737441 -0.29737441 -0.29737441 -0.29737441 -0.29737441 -0.29737441
 -0.29737441 -0.29737441 -0.29737441 -0.29737441 -0.29737441 -0.29737441
 -0.29737441 -0.29737441 -0.29737441 -0.29737441  2.83003353 -0.29737441
 -0.29737441 -0.29737441 -0.29737441  4.15721995 -0.29737441 -0.29737441
 -0.29737441 -0.29737441 -0.29737441 -0.29737441 -0.29737441 -0.29737441
  4.40046023 -0.29737441  3.46879531  4.97864528 -0.29737441 -0.29737441
 -0.29737441 -0.29737441  3.50924978  2.36064275 -0.29737441 -0.29737441
  3.14561848 -0.29737441  4.27634412 -0.29737441 -0.29737441 -0.29737441
 -0.29737441 -0.29737441 -0.29737441 -0.29737441 -0.29737441 -0.29737441
 -0.29737441 -0.29737441  2.52334343  3.54891498 -0.29737441  2.01840947
 -0.29737441 -0.29737441 -0.29737441 -0.29737441 -0.29737441 -0.29737441
 -0.29737441 -0.29737441 -0.29737441 -0.29737441 -0.29737441 -0.29737441
 -0.29737441 -0.29737441 -0.29737441 -0.29737441 -0.29737441 -0.29737441
 -0.29737441 -0.29737441 -0.29737441 -0.29737441 -0.29737441 -0.29737441
 -0.29737441 -0.29737441 -0.29737441 -0.29737441 -0.29737441 -0.29737441
 -0.29737441 -0.29737441 -0.29737441 -0.29737441 -0.29737441 -0.29737441
 -0.29737441 -0.29737441 -0.29737441 -0.29737441 -0.29737441 -0.29737441
 -0.29737441 -0.29737441 -0.29737441 -0.29737441 -0.29737441 -0.29737441
 -0.29737441 -0.29737441 -0.29737441 -0.29737441 -0.29737441 -0.29737441
 -0.29737441 -0.29737441 -0.29737441 -0.29737441 -0.29737441  2.52553416
 -0.29737441 -0.29737441 -0.29737441 -0.29737441 -0.29737441 -0.29737441
 -0.29737441 -0.29737441 -0.29737441 -0.29737441 -0.29737441 -0.29737441
 -0.29737441 -0.29737441 -0.29737441 -0.29737441 -0.29737441 -0.29737441
 -0.29737441 -0.29737441 -0.29737441 -0.29737441 -0.29737441 -0.29737441
 -0.29737441 -0.29737441  0.93464965 -0.29737441 -0.29737441 -0.29737441
 -0.29737441 -0.29737441 -0.29737441 -0.29737441 -0.29737441 -0.29737441
 -0.29737441 -0.29737441  1.31311279 -0.29737441 -0.29737441 -0.29737441
 -0.29737441 -0.29737441 -0.29737441 -0.29737441  5.19755598 -0.29737441
 -0.29737441 -0.29737441  2.65142706 -0.29737441 -0.29737441 -0.29737441
 -0.29737441 -0.29737441 -0.29737441 -0.29737441 -0.29737441  1.77969978
 -0.29737441 -0.29737441 -0.29737441  2.08082127 -0.29737441 -0.29737441
 -0.29737441 -0.29737441 -0.29737441 -0.29737441]",[0.015613839203277136]
0,"[-0.35409155 -0.35409155 -0.35409155 -0.35409155 -0.35409155  3.50892593
  2.35914703  3.43801265 -0.35409155  1.25249271 -0.35409155 -0.35409155
 -0.35409155 -0.35409155 -0.35409155 -0.35409155  3.06459622 -0.35409155
 -0.35409155 -0.35409155  5.41931809 -0.35409155  2.44444463 -0.35409155
 -0.35409155 -0.35409155 -0.35409155 -0.35409155 -0.35409155 -0.35409155
 -0.35409155 -0.35409155 -0.35409155 -0.35409155 -0.35409155 -0.35409155
 -0.35409155 -0.35409155 -0.35409155 -0.35409155 -0.35409155 -0.35409155
  1.36519504 -0.35409155 -0.35409155 -0.35409155 -0.35409155 -0.35409155
 -0.35409155 -0.35409155 -0.35409155 -0.35409155  0.12943199  1.18560626
 -0.35409155 -0.35409155 -0.35409155 -0.35409155 -0.35409155 -0.35409155
 -0.35409155 -0.35409155 -0.35409155 -0.35409155  1.0509471  -0.35409155
 -0.35409155 -0.35409155 -0.35409155 -0.35409155 -0.35409155 -0.35409155
 -0.35409155 -0.35409155 -0.35409155 -0.35409155 -0.35409155 -0.35409155
 -0.35409155 -0.35409155 -0.35409155  2.21853369 -0.35409155 -0.35409155
 -0.35409155 -0.35409155 -0.35409155 -0.35409155  4.32737201 -0.35409155
 -0.35409155 -0.35409155 -0.35409155  2.28313027 -0.35409155 -0.35409155
 -0.35409155 -0.35409155 -0.35409155 -0.35409155 -0.35409155 -0.35409155
 -0.35409155  2.49450077 -0.35409155  2.50630655 -0.35409155 -0.35409155
 -0.35409155 -0.35409155  1.9648445  -0.35409155 -0.35409155 -0.35409155
  3.18308634 -0.35409155  2.00255316 -0.35409155  0.2438407  -0.35409155
 -0.35409155 -0.35409155 -0.35409155 -0.35409155 -0.35409155 -0.35409155
 -0.35409155 -0.35409155  1.69419662 -0.35409155 -0.35409155 -0.35409155
 -0.35409155 -0.35409155 -0.35409155 -0.35409155 -0.35409155 -0.35409155
 -0.35409155 -0.35409155 -0.35409155 -0.35409155 -0.35409155  1.77676127
 -0.35409155 -0.35409155 -0.35409155 -0.35409155 -0.35409155 -0.35409155
 -0.35409155 -0.35409155 -0.35409155 -0.35409155 -0.35409155 -0.35409155
 -0.35409155 -0.35409155 -0.35409155 -0.35409155 -0.35409155 -0.35409155
 -0.35409155 -0.35409155 -0.35409155  3.62028333 -0.35409155 -0.35409155
 -0.35409155 -0.35409155 -0.35409155 -0.35409155 -0.35409155 -0.35409155
 -0.35409155 -0.35409155 -0.35409155 -0.35409155 -0.35409155 -0.35409155
 -0.35409155 -0.35409155 -0.35409155 -0.35409155  1.03311781 -0.35409155
 -0.35409155  1.25249271 -0.35409155 -0.35409155  1.82093866  2.87449718
  3.36760565 -0.35409155 -0.35409155 -0.35409155 -0.35409155  0.6727587
 -0.35409155 -0.35409155 -0.35409155 -0.35409155 -0.35409155 -0.35409155
 -0.35409155 -0.35409155 -0.35409155 -0.35409155 -0.35409155 -0.35409155
 -0.35409155 -0.35409155 -0.35409155 -0.35409155 -0.35409155 -0.35409155
 -0.35409155 -0.35409155 -0.35409155 -0.35409155 -0.35409155 -0.35409155
 -0.35409155 -0.35409155 -0.35409155 -0.35409155 -0.35409155 -0.35409155
 -0.35409155 -0.35409155  1.0509471  -0.35409155 -0.35409155 -0.35409155
 -0.35409155 -0.35409155 -0.35409155 -0.35409155  4.19485472 -0.35409155
 -0.35409155 -0.35409155  3.56831733 -0.35409155  2.9263906  -0.35409155
 -0.35409155 -0.35409155 -0.35409155 -0.35409155 -0.35409155 -0.35409155
 -0.35409155 -0.35409155 -0.35409155  2.38913786 -0.35409155 -0.35409155
 -0.35409155 -0.35409155 -0.35409155  1.69419662]",[0.02441918013816502]
0,"[-0.25965917 -0.25965917 -0.25965917 -0.25965917 -0.25965917 -0.25965917
  1.78250067 -0.25965917 -0.25965917 -0.25965917 -0.25965917 -0.25965917
 -0.25965917 -0.25965917 -0.25965917  3.41452873 -0.25965917 -0.25965917
 -0.25965917 -0.25965917  5.10898253 -0.25965917 -0.25965917 -0.25965917
 -0.25965917  1.83787501 -0.25965917 -0.25965917 -0.25965917 -0.25965917
 -0.25965917 -0.25965917 -0.25965917 -0.25965917 -0.25965917 -0.25965917
 -0.25965917 -0.25965917 -0.25965917 -0.25965917 -0.25965917 -0.25965917
 -0.25965917 -0.25965917 -0.25965917 -0.25965917 -0.25965917 -0.25965917
 -0.25965917 -0.25965917 -0.25965917 -0.25965917 -0.25965917  1.11809679
  3.12841495 -0.25965917 -0.25965917 -0.25965917 -0.25965917 -0.25965917
 -0.25965917 -0.25965917 -0.25965917 -0.25965917 -0.25965917 -0.25965917
 -0.25965917 -0.25965917  2.27161594 -0.25965917 -0.25965917 -0.25965917
 -0.25965917 -0.25965917 -0.25965917 -0.25965917 -0.25965917 -0.25965917
 -0.25965917 -0.25965917 -0.25965917  2.38688563 -0.25965917 -0.25965917
 -0.25965917 -0.25965917 -0.25965917 -0.25965917 -0.25965917 -0.25965917
 -0.25965917 -0.25965917 -0.25965917 -0.25965917 -0.25965917 -0.25965917
 -0.25965917 -0.25965917 -0.25965917 -0.25965917 -0.25965917 -0.25965917
 -0.25965917  4.52059369 -0.25965917  5.28861397 -0.25965917 -0.25965917
 -0.25965917 -0.25965917  2.92630936 -0.25965917 -0.25965917 -0.25965917
  3.8525193  -0.25965917  4.48563643 -0.25965917 -0.25965917 -0.25965917
 -0.25965917 -0.25965917 -0.25965917 -0.25965917 -0.25965917 -0.25965917
 -0.25965917 -0.25965917 -0.25965917 -0.25965917 -0.25965917 -0.25965917
 -0.25965917 -0.25965917 -0.25965917 -0.25965917 -0.25965917 -0.25965917
 -0.25965917 -0.25965917 -0.25965917 -0.25965917 -0.25965917 -0.25965917
 -0.25965917 -0.25965917 -0.25965917 -0.25965917 -0.25965917 -0.25965917
 -0.25965917 -0.25965917 -0.25965917 -0.25965917 -0.25965917 -0.25965917
 -0.25965917 -0.25965917 -0.25965917 -0.25965917 -0.25965917 -0.25965917
 -0.25965917 -0.25965917 -0.25965917 -0.25965917 -0.25965917 -0.25965917
 -0.25965917 -0.25965917 -0.25965917 -0.25965917 -0.25965917 -0.25965917
 -0.25965917 -0.25965917 -0.25965917 -0.25965917 -0.25965917 -0.25965917
 -0.25965917 -0.25965917 -0.25965917 -0.25965917 -0.25965917 -0.25965917
 -0.25965917  2.41274418 -0.25965917 -0.25965917  5.02972881  6.03943334
 -0.25965917 -0.25965917 -0.25965917 -0.25965917 -0.25965917 -0.25965917
 -0.25965917 -0.25965917 -0.25965917 -0.25965917 -0.25965917 -0.25965917
 -0.25965917 -0.25965917 -0.25965917 -0.25965917 -0.25965917 -0.25965917
 -0.25965917 -0.25965917 -0.25965917 -0.25965917 -0.25965917 -0.25965917
 -0.25965917 -0.25965917 -0.25965917  2.56944894 -0.25965917 -0.25965917
 -0.25965917 -0.25965917 -0.25965917 -0.25965917 -0.25965917 -0.25965917
 -0.25965917 -0.25965917 -0.25965917 -0.25965917 -0.25965917 -0.25965917
 -0.25965917 -0.25965917 -0.25965917 -0.25965917  3.2228728  -0.25965917
 -0.25965917 -0.25965917 -0.25965917 -0.25965917 -0.25965917 -0.25965917
 -0.25965917 -0.25965917  1.70037787 -0.25965917 -0.25965917 -0.25965917
 -0.25965917 -0.25965917 -0.25965917 -0.25965917 -0.25965917 -0.25965917
 -0.25965917 -0.25965917 -0.25965917 -0.25965917]",[-0.07709102465181966]
0,"[-0.33642059 -0.33642059 -0.33642059 -0.33642059 -0.33642059 -0.33642059
 -0.33642059 -0.33642059 -0.33642059 -0.33642059 -0.33642059 -0.33642059
 -0.33642059 -0.33642059 -0.33642059 -0.33642059  2.96795478 -0.33642059
 -0.33642059 -0.33642059  6.16600205 -0.33642059  3.13470873 -0.33642059
  1.26469691 -0.33642059 -0.33642059 -0.33642059  2.05635901 -0.33642059
 -0.33642059 -0.33642059 -0.33642059 -0.33642059 -0.33642059 -0.33642059
 -0.33642059 -0.33642059  0.57934062 -0.33642059 -0.33642059 -0.33642059
  2.28892961 -0.33642059 -0.33642059 -0.33642059 -0.33642059 -0.33642059
 -0.33642059 -0.33642059 -0.33642059 -0.33642059  1.16680715  2.40298766
 -0.33642059 -0.33642059 -0.33642059 -0.33642059 -0.33642059 -0.33642059
  1.16123507  0.73822985  1.02364185 -0.33642059  1.44143686 -0.33642059
 -0.33642059 -0.33642059  0.77533483 -0.33642059 -0.33642059 -0.33642059
 -0.33642059 -0.33642059 -0.33642059 -0.33642059 -0.33642059 -0.33642059
 -0.33642059 -0.33642059 -0.33642059 -0.33642059 -0.33642059 -0.33642059
 -0.33642059 -0.33642059 -0.33642059 -0.33642059  2.28892961 -0.33642059
 -0.33642059 -0.33642059 -0.33642059  2.40201313 -0.33642059 -0.33642059
 -0.33642059 -0.33642059 -0.33642059 -0.33642059 -0.33642059 -0.33642059
 -0.33642059 -0.33642059 -0.33642059 -0.33642059 -0.33642059 -0.33642059
 -0.33642059 -0.33642059  3.40421421 -0.33642059 -0.33642059 -0.33642059
  3.85265112 -0.33642059  2.58113778 -0.33642059 -0.33642059 -0.33642059
 -0.33642059 -0.33642059  2.5978316  -0.33642059 -0.33642059  3.10645129
 -0.33642059  3.6823016  -0.33642059 -0.33642059 -0.33642059 -0.33642059
 -0.33642059 -0.33642059 -0.33642059 -0.33642059 -0.33642059  0.47900622
 -0.33642059 -0.33642059 -0.33642059 -0.33642059 -0.33642059 -0.33642059
 -0.33642059 -0.33642059 -0.33642059 -0.33642059 -0.33642059 -0.33642059
 -0.33642059 -0.33642059 -0.33642059 -0.33642059 -0.33642059 -0.33642059
 -0.33642059 -0.33642059 -0.33642059 -0.33642059 -0.33642059 -0.33642059
 -0.33642059  1.58105119 -0.33642059 -0.33642059 -0.33642059 -0.33642059
 -0.33642059 -0.33642059 -0.33642059 -0.33642059 -0.33642059 -0.33642059
  0.46233741 -0.33642059 -0.33642059 -0.33642059 -0.33642059 -0.33642059
 -0.33642059 -0.33642059 -0.33642059 -0.33642059 -0.33642059 -0.33642059
 -0.33642059 -0.33642059 -0.33642059 -0.33642059  3.93972867  5.71470736
  2.22003165 -0.33642059 -0.33642059 -0.33642059 -0.33642059  1.4717929
 -0.33642059 -0.33642059 -0.33642059 -0.33642059 -0.33642059 -0.33642059
 -0.33642059 -0.33642059 -0.33642059 -0.33642059 -0.33642059 -0.33642059
 -0.33642059 -0.33642059 -0.33642059 -0.33642059 -0.33642059 -0.33642059
 -0.33642059 -0.33642059  1.44143686 -0.33642059  1.09253981 -0.33642059
 -0.33642059 -0.33642059 -0.33642059 -0.33642059 -0.33642059 -0.33642059
 -0.33642059 -0.33642059  1.35889761 -0.33642059 -0.33642059 -0.33642059
 -0.33642059 -0.33642059 -0.33642059 -0.33642059  3.57023948 -0.33642059
 -0.33642059 -0.33642059 -0.33642059 -0.33642059 -0.33642059 -0.33642059
 -0.33642059 -0.33642059 -0.33642059 -0.33642059  2.28892961 -0.33642059
 -0.33642059 -0.33642059 -0.33642059 -0.33642059 -0.33642059 -0.33642059
 -0.33642059 -0.33642059 -0.33642059 -0.33642059]",[0.10531371574774603]
0,"[-0.31244109 -0.31244109 -0.31244109 -0.31244109 -0.31244109 -0.31244109
  2.40274728 -0.31244109 -0.31244109 -0.31244109 -0.31244109 -0.31244109
 -0.31244109 -0.31244109 -0.31244109 -0.31244109  2.56368162 -0.31244109
 -0.31244109 -0.31244109  6.15544582 -0.31244109  4.31430186 -0.31244109
 -0.31244109  1.15195998 -0.31244109 -0.31244109 -0.31244109 -0.31244109
 -0.31244109 -0.31244109 -0.31244109 -0.31244109 -0.31244109 -0.31244109
 -0.31244109 -0.31244109 -0.31244109 -0.31244109 -0.31244109 -0.31244109
 -0.31244109 -0.31244109 -0.31244109 -0.31244109  2.92630143 -0.31244109
 -0.31244109 -0.31244109 -0.31244109 -0.31244109  1.29923829  1.23002816
 -0.31244109 -0.31244109 -0.31244109 -0.31244109 -0.31244109 -0.31244109
 -0.31244109 -0.31244109 -0.31244109 -0.31244109 -0.31244109 -0.31244109
 -0.31244109 -0.31244109 -0.31244109 -0.31244109 -0.31244109 -0.31244109
 -0.31244109 -0.31244109 -0.31244109 -0.31244109 -0.31244109 -0.31244109
 -0.31244109 -0.31244109 -0.31244109 -0.31244109  2.66485498 -0.31244109
 -0.31244109 -0.31244109  1.6772872  -0.31244109  3.21219347 -0.31244109
 -0.31244109 -0.31244109 -0.31244109 -0.31244109 -0.31244109 -0.31244109
 -0.31244109 -0.31244109 -0.31244109 -0.31244109 -0.31244109 -0.31244109
 -0.31244109 -0.31244109 -0.31244109 -0.31244109 -0.31244109 -0.31244109
 -0.31244109 -0.31244109 -0.31244109 -0.31244109 -0.31244109 -0.31244109
  3.05380323 -0.31244109 -0.31244109 -0.31244109  1.48234288 -0.31244109
 -0.31244109 -0.31244109 -0.31244109 -0.31244109 -0.31244109 -0.31244109
 -0.31244109 -0.31244109  2.29078893  3.68335732 -0.31244109 -0.31244109
 -0.31244109 -0.31244109 -0.31244109 -0.31244109 -0.31244109 -0.31244109
 -0.31244109  0.51196277 -0.31244109 -0.31244109 -0.31244109  2.41289207
 -0.31244109 -0.31244109 -0.31244109 -0.31244109 -0.31244109 -0.31244109
 -0.31244109 -0.31244109 -0.31244109 -0.31244109 -0.31244109 -0.31244109
 -0.31244109 -0.31244109 -0.31244109 -0.31244109 -0.31244109  1.15195998
 -0.31244109 -0.31244109 -0.31244109 -0.31244109 -0.31244109 -0.31244109
 -0.31244109 -0.31244109 -0.31244109 -0.31244109 -0.31244109 -0.31244109
  0.65136094 -0.31244109 -0.31244109 -0.31244109 -0.31244109 -0.31244109
 -0.31244109 -0.31244109 -0.31244109 -0.31244109 -0.31244109 -0.31244109
 -0.31244109  1.87602353 -0.31244109  1.7847041   2.08873536  3.72181334
  3.73934728 -0.31244109 -0.31244109 -0.31244109 -0.31244109 -0.31244109
 -0.31244109 -0.31244109 -0.31244109 -0.31244109 -0.31244109 -0.31244109
 -0.31244109 -0.31244109 -0.31244109 -0.31244109 -0.31244109 -0.31244109
 -0.31244109 -0.31244109 -0.31244109 -0.31244109 -0.31244109 -0.31244109
 -0.31244109 -0.31244109 -0.31244109 -0.31244109 -0.31244109 -0.31244109
 -0.31244109 -0.31244109 -0.31244109 -0.31244109 -0.31244109 -0.31244109
 -0.31244109 -0.31244109 -0.31244109 -0.31244109 -0.31244109 -0.31244109
 -0.31244109 -0.31244109 -0.31244109 -0.31244109  4.30101143 -0.31244109
 -0.31244109 -0.31244109  4.25172912 -0.31244109 -0.31244109 -0.31244109
 -0.31244109 -0.31244109 -0.31244109 -0.31244109 -0.31244109 -0.31244109
 -0.31244109 -0.31244109 -0.31244109  4.28873234 -0.31244109 -0.31244109
 -0.31244109 -0.31244109 -0.31244109  2.2226101 ]",[-0.03082368958938969]
0,"[-0.28385841 -0.28385841 -0.28385841  0.24997724 -0.28385841 -0.28385841
  2.04699257 -0.28385841 -0.28385841 -0.28385841 -0.28385841 -0.28385841
 -0.28385841 -0.28385841 -0.28385841 -0.28385841  3.29155769 -0.28385841
 -0.28385841 -0.28385841  4.71378245  4.04864227  4.01638746 -0.28385841
 -0.28385841  0.9416079  -0.28385841 -0.28385841  3.22482583 -0.28385841
 -0.28385841 -0.28385841 -0.28385841 -0.28385841 -0.28385841 -0.28385841
 -0.28385841 -0.28385841 -0.28385841 -0.28385841 -0.28385841 -0.28385841
  1.15880738 -0.28385841 -0.28385841 -0.28385841 -0.28385841 -0.28385841
 -0.28385841 -0.28385841 -0.28385841 -0.28385841 -0.28385841  2.699872
  1.92028083 -0.28385841 -0.28385841 -0.28385841 -0.28385841 -0.28385841
 -0.28385841 -0.28385841 -0.28385841 -0.28385841  2.04101202 -0.28385841
 -0.28385841 -0.28385841  1.29772903 -0.28385841 -0.28385841 -0.28385841
 -0.28385841 -0.28385841 -0.28385841 -0.28385841 -0.28385841 -0.28385841
 -0.28385841 -0.28385841 -0.28385841 -0.28385841 -0.28385841 -0.28385841
 -0.28385841 -0.28385841 -0.28385841 -0.28385841 -0.28385841 -0.28385841
 -0.28385841 -0.28385841 -0.28385841  3.15444285 -0.28385841 -0.28385841
 -0.28385841 -0.28385841 -0.28385841 -0.28385841 -0.28385841 -0.28385841
 -0.28385841 -0.28385841  4.03502996 -0.28385841  2.93602477 -0.28385841
 -0.28385841 -0.28385841 -0.28385841 -0.28385841 -0.28385841 -0.28385841
  4.93251265 -0.28385841 -0.28385841 -0.28385841 -0.28385841 -0.28385841
 -0.28385841 -0.28385841 -0.28385841  1.15880738 -0.28385841 -0.28385841
 -0.28385841 -0.28385841 -0.28385841 -0.28385841 -0.28385841 -0.28385841
 -0.28385841 -0.28385841 -0.28385841 -0.28385841 -0.28385841 -0.28385841
 -0.28385841 -0.28385841 -0.28385841 -0.28385841 -0.28385841 -0.28385841
 -0.28385841 -0.28385841 -0.28385841 -0.28385841 -0.28385841 -0.28385841
 -0.28385841 -0.28385841 -0.28385841 -0.28385841 -0.28385841 -0.28385841
 -0.28385841 -0.28385841 -0.28385841 -0.28385841 -0.28385841 -0.28385841
 -0.28385841 -0.28385841 -0.28385841 -0.28385841 -0.28385841 -0.28385841
 -0.28385841 -0.28385841 -0.28385841 -0.28385841 -0.28385841 -0.28385841
 -0.28385841 -0.28385841 -0.28385841 -0.28385841 -0.28385841 -0.28385841
 -0.28385841 -0.28385841 -0.28385841 -0.28385841 -0.28385841 -0.28385841
 -0.28385841 -0.28385841 -0.28385841 -0.28385841  3.85316619  5.29867352
 -0.28385841 -0.28385841 -0.28385841 -0.28385841 -0.28385841 -0.28385841
 -0.28385841 -0.28385841 -0.28385841 -0.28385841 -0.28385841 -0.28385841
 -0.28385841 -0.28385841 -0.28385841 -0.28385841 -0.28385841 -0.28385841
 -0.28385841 -0.28385841 -0.28385841 -0.28385841 -0.28385841 -0.28385841
 -0.28385841 -0.28385841 -0.28385841 -0.28385841 -0.28385841 -0.28385841
 -0.28385841 -0.28385841 -0.28385841 -0.28385841 -0.28385841 -0.28385841
 -0.28385841 -0.28385841  3.91618247 -0.28385841 -0.28385841 -0.28385841
 -0.28385841 -0.28385841 -0.28385841 -0.28385841  4.09628114 -0.28385841
 -0.28385841 -0.28385841 -0.28385841 -0.28385841 -0.28385841 -0.28385841
 -0.28385841 -0.28385841 -0.28385841 -0.28385841 -0.28385841 -0.28385841
 -0.28385841 -0.28385841 -0.28385841  2.80956365 -0.28385841 -0.28385841
 -0.28385841 -0.28385841 -0.28385841 -0.28385841]",[-0.06525135269671667]
0,"[-0.40754076 -0.40754076 -0.40754076 -0.40754076 -0.40754076 -0.40754076
  1.0631694  -0.40754076 -0.40754076  1.02847381 -0.40754076 -0.40754076
 -0.40754076 -0.40754076 -0.40754076 -0.40754076  2.67047733 -0.40754076
 -0.40754076 -0.40754076  5.61193416 -0.40754076 -0.40754076 -0.40754076
  2.18530513  0.88571706 -0.40754076 -0.40754076 -0.40754076 -0.40754076
 -0.40754076 -0.40754076 -0.40754076 -0.40754076 -0.40754076 -0.40754076
 -0.40754076  1.49959449  1.33102891 -0.40754076  3.13406534 -0.40754076
 -0.40754076 -0.40754076 -0.40754076  2.59357428 -0.40754076 -0.40754076
  1.39916436 -0.40754076 -0.40754076 -0.40754076  0.08664269  3.78906382
 -0.40754076 -0.40754076 -0.40754076 -0.40754076  0.49044855 -0.40754076
 -0.40754076  1.05299305 -0.40754076 -0.40754076 -0.40754076 -0.40754076
 -0.40754076 -0.40754076 -0.40754076 -0.40754076 -0.40754076 -0.40754076
 -0.40754076 -0.40754076 -0.40754076 -0.40754076 -0.40754076 -0.40754076
 -0.40754076 -0.40754076 -0.40754076 -0.40754076 -0.40754076 -0.40754076
 -0.40754076 -0.40754076 -0.40754076 -0.40754076  2.2984308  -0.40754076
 -0.40754076 -0.40754076  1.41906811  1.41290251 -0.40754076 -0.40754076
 -0.40754076 -0.40754076 -0.40754076 -0.40754076  0.77748926 -0.40754076
 -0.40754076 -0.40754076 -0.40754076 -0.40754076 -0.40754076 -0.40754076
 -0.40754076 -0.40754076  1.8095785  -0.40754076 -0.40754076 -0.40754076
  2.55552728 -0.40754076  2.10248156 -0.40754076 -0.40754076 -0.40754076
 -0.40754076 -0.40754076 -0.40754076  1.40854426 -0.40754076 -0.40754076
 -0.40754076 -0.40754076 -0.40754076 -0.40754076 -0.40754076 -0.40754076
 -0.40754076 -0.40754076 -0.40754076 -0.40754076  1.32680216 -0.40754076
 -0.40754076  1.83426613 -0.40754076 -0.40754076 -0.40754076 -0.40754076
  1.59530156 -0.40754076 -0.40754076  2.37905624 -0.40754076 -0.40754076
 -0.40754076  1.44451295 -0.40754076 -0.40754076 -0.40754076 -0.40754076
 -0.40754076 -0.40754076 -0.40754076 -0.40754076 -0.40754076  2.15621496
 -0.40754076 -0.40754076 -0.40754076  1.76345379 -0.40754076 -0.40754076
 -0.40754076 -0.40754076 -0.40754076 -0.40754076 -0.40754076 -0.40754076
  2.59516148 -0.40754076  0.13295029 -0.40754076 -0.40754076 -0.40754076
 -0.40754076 -0.40754076 -0.40754076 -0.40754076 -0.40754076 -0.40754076
 -0.40754076  2.64760153  2.77592886 -0.40754076  2.00517632  2.69736205
 -0.40754076  0.88571706 -0.40754076 -0.40754076 -0.40754076 -0.40754076
 -0.40754076 -0.40754076 -0.40754076 -0.40754076 -0.40754076  2.42516999
 -0.40754076 -0.40754076 -0.40754076 -0.40754076 -0.40754076 -0.40754076
 -0.40754076 -0.40754076 -0.40754076 -0.40754076 -0.40754076 -0.40754076
 -0.40754076 -0.40754076 -0.40754076 -0.40754076 -0.40754076 -0.40754076
 -0.40754076  1.75127878 -0.40754076 -0.40754076 -0.40754076 -0.40754076
 -0.40754076 -0.40754076  1.02847381 -0.40754076 -0.40754076  2.26147591
 -0.40754076 -0.40754076 -0.40754076 -0.40754076  3.79142315 -0.40754076
 -0.40754076 -0.40754076  2.17897489 -0.40754076 -0.40754076 -0.40754076
 -0.40754076 -0.40754076  1.44451295 -0.40754076 -0.40754076 -0.40754076
 -0.40754076 -0.40754076 -0.40754076 -0.40754076 -0.40754076 -0.40754076
 -0.40754076 -0.40754076 -0.40754076  4.70985617]",[0.04378628269744389]
0,"[-0.40686343 -0.40686343 -0.40686343  0.67061428 -0.40686343 -0.40686343
  0.50149027 -0.40686343 -0.40686343 -0.40686343 -0.40686343 -0.40686343
 -0.40686343 -0.40686343 -0.40686343 -0.40686343 -0.40686343 -0.40686343
 -0.40686343 -0.40686343  3.97541233  3.12838296  2.95117446 -0.40686343
  2.63273686 -0.40686343 -0.40686343 -0.40686343  3.51054218 -0.40686343
 -0.40686343 -0.40686343 -0.40686343 -0.40686343 -0.40686343 -0.40686343
 -0.40686343 -0.40686343 -0.40686343 -0.40686343 -0.40686343 -0.40686343
 -0.40686343 -0.40686343 -0.40686343 -0.40686343 -0.40686343 -0.40686343
 -0.40686343 -0.40686343 -0.40686343 -0.40686343 -0.40686343  4.32777775
  0.64125012  1.91868873  1.74489338 -0.40686343 -0.40686343 -0.40686343
 -0.06382967 -0.40686343 -0.40686343 -0.40686343  3.82039939 -0.40686343
 -0.40686343 -0.40686343 -0.40686343 -0.40686343 -0.40686343 -0.40686343
 -0.40686343 -0.40686343 -0.40686343 -0.40686343 -0.40686343 -0.40686343
 -0.40686343 -0.40686343 -0.40686343 -0.40686343 -0.40686343 -0.40686343
 -0.40686343 -0.40686343 -0.40686343 -0.40686343 -0.40686343 -0.40686343
 -0.40686343 -0.40686343 -0.40686343 -0.40686343 -0.40686343 -0.40686343
 -0.40686343 -0.40686343 -0.40686343 -0.40686343  2.78832452 -0.40686343
 -0.40686343  2.22249441 -0.40686343 -0.40686343 -0.40686343 -0.40686343
 -0.40686343 -0.40686343 -0.40686343 -0.40686343 -0.40686343 -0.40686343
  1.93460403 -0.40686343 -0.40686343 -0.40686343 -0.40686343 -0.40686343
 -0.40686343 -0.40686343 -0.40686343 -0.40686343 -0.40686343 -0.40686343
 -0.40686343 -0.40686343  1.09907954 -0.40686343 -0.40686343 -0.40686343
  1.23120695 -0.40686343 -0.40686343 -0.40686343 -0.40686343  2.41189972
 -0.40686343  0.99408397 -0.40686343 -0.40686343 -0.40686343 -0.40686343
 -0.40686343 -0.40686343 -0.40686343  1.38921849 -0.40686343 -0.40686343
  1.81011659  2.85585353 -0.40686343 -0.40686343 -0.40686343 -0.40686343
 -0.40686343 -0.40686343  1.68936366 -0.40686343  0.64782977  2.67237623
 -0.40686343 -0.40686343 -0.40686343 -0.40686343 -0.40686343 -0.40686343
 -0.40686343 -0.40686343  0.53810801 -0.40686343 -0.40686343 -0.40686343
  2.29306162  1.79462766 -0.06806608 -0.40686343 -0.40686343 -0.40686343
 -0.40686343 -0.40686343 -0.40686343  2.41526572  2.49305628 -0.40686343
 -0.40686343 -0.40686343 -0.40686343 -0.40686343  2.01902415  2.67151003
  1.51329789 -0.40686343 -0.40686343 -0.40686343 -0.40686343 -0.40686343
 -0.40686343 -0.40686343  2.16815212 -0.40686343 -0.40686343 -0.40686343
 -0.40686343 -0.40686343 -0.40686343 -0.40686343 -0.40686343 -0.40686343
 -0.40686343 -0.40686343 -0.40686343 -0.40686343 -0.40686343 -0.40686343
 -0.40686343 -0.40686343  1.04542563  1.23120695 -0.40686343 -0.40686343
 -0.40686343 -0.40686343 -0.40686343  2.09856045 -0.40686343 -0.40686343
 -0.40686343 -0.40686343  2.90589101 -0.40686343  3.43875357 -0.40686343
 -0.40686343 -0.40686343 -0.40686343 -0.40686343  2.31789663 -0.40686343
 -0.40686343 -0.40686343 -0.40686343 -0.40686343 -0.40686343 -0.40686343
 -0.40686343 -0.40686343 -0.40686343 -0.40686343  2.62510818 -0.40686343
 -0.40686343 -0.40686343  1.68936366 -0.40686343 -0.40686343 -0.40686343
 -0.40686343 -0.40686343 -0.40686343 -0.40686343]",[0.014607173864112644]
0,"[-0.31676553 -0.31676553 -0.31676553 -0.31676553 -0.31676553 -0.31676553
  1.70898825 -0.31676553 -0.31676553 -0.31676553 -0.31676553 -0.31676553
 -0.31676553 -0.31676553 -0.31676553 -0.31676553  3.05402481 -0.31676553
 -0.31676553 -0.31676553  5.12392114 -0.31676553  4.79288568 -0.31676553
  3.65697878 -0.31676553 -0.31676553 -0.31676553  4.49005327 -0.31676553
 -0.31676553 -0.31676553 -0.31676553 -0.31676553 -0.31676553 -0.31676553
 -0.31676553 -0.31676553 -0.31676553 -0.31676553 -0.31676553 -0.31676553
  2.21269096 -0.31676553 -0.31676553 -0.31676553 -0.31676553 -0.31676553
 -0.31676553 -0.31676553 -0.31676553 -0.31676553 -0.31676553  2.98010932
 -0.31676553 -0.31676553 -0.31676553 -0.31676553 -0.31676553 -0.31676553
 -0.31676553 -0.31676553 -0.31676553 -0.31676553 -0.31676553 -0.31676553
 -0.31676553 -0.31676553 -0.31676553 -0.31676553 -0.31676553 -0.31676553
 -0.31676553 -0.31676553 -0.31676553 -0.31676553 -0.31676553 -0.31676553
 -0.31676553 -0.31676553 -0.31676553 -0.31676553  2.02225498 -0.31676553
 -0.31676553 -0.31676553 -0.31676553 -0.31676553 -0.31676553 -0.31676553
 -0.31676553 -0.31676553 -0.31676553 -0.31676553 -0.31676553 -0.31676553
 -0.31676553 -0.31676553 -0.31676553 -0.31676553 -0.31676553 -0.31676553
 -0.31676553  3.11556898 -0.31676553 -0.31676553 -0.31676553  1.75697558
 -0.31676553 -0.31676553 -0.31676553 -0.31676553 -0.31676553 -0.31676553
  2.39040266 -0.31676553  3.44138345 -0.31676553  0.98786884 -0.31676553
 -0.31676553 -0.31676553 -0.31676553 -0.31676553 -0.31676553 -0.31676553
 -0.31676553 -0.31676553  3.90039346 -0.31676553 -0.31676553  3.60369145
 -0.31676553 -0.31676553 -0.31676553 -0.31676553 -0.31676553  0.18435261
 -0.31676553 -0.31676553 -0.31676553 -0.31676553 -0.31676553  0.60272138
 -0.31676553 -0.31676553 -0.31676553  3.09676256 -0.31676553 -0.31676553
 -0.31676553  3.06993998 -0.31676553 -0.31676553 -0.31676553 -0.31676553
 -0.31676553 -0.31676553 -0.31676553 -0.31676553 -0.31676553  2.77421421
 -0.31676553  2.67646249 -0.31676553 -0.31676553 -0.31676553 -0.31676553
 -0.31676553 -0.31676553 -0.31676553 -0.31676553 -0.31676553 -0.31676553
 -0.31676553 -0.31676553 -0.31676553 -0.31676553 -0.31676553 -0.31676553
 -0.31676553 -0.31676553 -0.31676553 -0.31676553 -0.31676553 -0.31676553
 -0.31676553  2.94983151 -0.31676553 -0.31676553 -0.31676553  2.03895039
 -0.31676553 -0.31676553 -0.31676553 -0.31676553 -0.31676553 -0.31676553
 -0.31676553 -0.31676553 -0.31676553 -0.31676553 -0.31676553  3.1854189
 -0.31676553 -0.31676553 -0.31676553 -0.31676553  1.75697558 -0.31676553
 -0.31676553 -0.31676553 -0.31676553 -0.31676553 -0.31676553 -0.31676553
 -0.31676553 -0.31676553 -0.31676553 -0.31676553 -0.31676553 -0.31676553
 -0.31676553 -0.31676553 -0.31676553 -0.31676553 -0.31676553 -0.31676553
 -0.31676553 -0.31676553 -0.31676553 -0.31676553 -0.31676553 -0.31676553
 -0.31676553 -0.31676553 -0.31676553 -0.31676553  0.15536363 -0.31676553
 -0.31676553 -0.31676553 -0.31676553 -0.31676553 -0.31676553 -0.31676553
 -0.31676553 -0.31676553 -0.31676553 -0.31676553 -0.31676553 -0.31676553
 -0.31676553 -0.31676553 -0.31676553 -0.31676553 -0.31676553 -0.31676553
 -0.31676553 -0.31676553 -0.31676553  2.39394842]",[-0.011701613184439796]
0,"[-0.4053567  -0.4053567  -0.4053567  -0.4053567  -0.4053567  -0.4053567
 -0.4053567  -0.4053567  -0.4053567  -0.4053567  -0.4053567  -0.4053567
 -0.4053567  -0.4053567  -0.4053567  -0.4053567   2.31426022 -0.4053567
 -0.4053567  -0.4053567   4.73117324 -0.4053567   4.19592748 -0.4053567
  1.16280251 -0.4053567  -0.4053567  -0.4053567   3.30735433 -0.4053567
 -0.4053567  -0.4053567  -0.4053567  -0.4053567  -0.4053567  -0.4053567
 -0.4053567   2.33185135  1.67199144 -0.4053567  -0.4053567  -0.4053567
  2.75077368 -0.4053567  -0.4053567   2.80257781 -0.4053567   1.03250015
  1.01111069 -0.4053567  -0.4053567  -0.4053567  -0.4053567   4.11348505
 -0.4053567  -0.4053567  -0.4053567  -0.4053567   0.40294163  1.83510985
 -0.4053567  -0.4053567  -0.4053567  -0.4053567   1.14416443 -0.4053567
 -0.4053567  -0.4053567  -0.4053567  -0.4053567  -0.4053567  -0.4053567
 -0.4053567  -0.4053567  -0.4053567  -0.4053567  -0.4053567  -0.4053567
 -0.4053567  -0.4053567  -0.4053567  -0.4053567   1.26171428 -0.4053567
 -0.4053567  -0.4053567  -0.4053567  -0.4053567   2.51050071 -0.4053567
 -0.4053567  -0.4053567  -0.4053567  -0.4053567  -0.4053567  -0.4053567
 -0.4053567  -0.4053567  -0.4053567  -0.4053567   3.18439018 -0.4053567
 -0.4053567   3.33401621 -0.4053567  -0.4053567  -0.4053567  -0.4053567
 -0.4053567  -0.4053567  -0.4053567  -0.4053567  -0.4053567  -0.4053567
  2.25953792 -0.4053567  -0.4053567  -0.4053567   0.14471977 -0.4053567
 -0.4053567  -0.4053567  -0.4053567  -0.4053567  -0.4053567  -0.4053567
 -0.4053567  -0.4053567   1.69705063  1.14416443 -0.4053567  -0.4053567
 -0.4053567  -0.4053567  -0.4053567  -0.4053567  -0.4053567   0.94718186
 -0.4053567   1.37138247 -0.4053567  -0.4053567  -0.4053567  -0.4053567
 -0.4053567  -0.4053567  -0.4053567   0.2728851  -0.4053567  -0.4053567
  1.68628606  2.07142138 -0.4053567  -0.4053567   0.6911968  -0.4053567
 -0.4053567  -0.4053567  -0.4053567  -0.4053567   0.28257528 -0.4053567
 -0.4053567   1.39744216 -0.4053567  -0.4053567  -0.4053567  -0.4053567
 -0.4053567  -0.4053567   0.52761067 -0.4053567  -0.4053567  -0.4053567
  1.86032498  2.09072659  0.35544902 -0.4053567  -0.4053567  -0.4053567
 -0.4053567  -0.4053567  -0.4053567  -0.4053567   2.15873441  2.66459042
  2.25730488  2.79763919 -0.4053567  -0.4053567  -0.4053567   3.55340928
 -0.4053567  -0.4053567  -0.4053567  -0.4053567  -0.4053567  -0.4053567
 -0.4053567  -0.4053567  -0.4053567  -0.4053567  -0.4053567   1.72798225
 -0.4053567  -0.4053567  -0.4053567   1.78449507 -0.4053567  -0.4053567
 -0.4053567  -0.4053567  -0.4053567  -0.4053567  -0.4053567  -0.4053567
 -0.4053567  -0.4053567  -0.4053567  -0.4053567  -0.4053567  -0.4053567
 -0.4053567  -0.4053567  -0.4053567  -0.4053567  -0.4053567  -0.4053567
 -0.4053567  -0.4053567   1.78449507 -0.4053567  -0.4053567  -0.4053567
  1.92281832 -0.4053567  -0.4053567  -0.4053567   3.41233534 -0.4053567
 -0.4053567  -0.4053567  -0.4053567  -0.4053567  -0.4053567  -0.4053567
 -0.4053567  -0.4053567  -0.4053567  -0.4053567  -0.4053567  -0.4053567
 -0.4053567  -0.4053567  -0.4053567  -0.4053567  -0.4053567  -0.4053567
 -0.4053567  -0.4053567  -0.4053567  -0.4053567 ]",[-0.029608892987329327]
0,"[-0.56350868  0.90417621 -0.56350868 -0.56350868 -0.56350868 -0.56350868
  1.4674602  -0.56350868 -0.56350868  0.79634152 -0.56350868 -0.56350868
 -0.56350868 -0.56350868 -0.56350868 -0.56350868  2.1142863  -0.56350868
 -0.56350868 -0.56350868  4.22947678  1.82100456  3.07423986 -0.56350868
  2.10745579 -0.56350868 -0.56350868 -0.56350868  1.04683053 -0.56350868
 -0.56350868 -0.56350868 -0.56350868 -0.56350868 -0.56350868  0.71743031
 -0.56350868  1.141953    1.54654315 -0.56350868  1.71552561 -0.56350868
  4.06114064 -0.56350868 -0.56350868  1.49139487 -0.56350868  0.57204736
 -0.56350868 -0.56350868  0.79634152 -0.56350868  0.23346853  2.09980826
 -0.56350868 -0.56350868 -0.56350868 -0.56350868 -0.56350868 -0.56350868
  1.12368109  1.24629495  1.2190939   1.04683053 -0.56350868 -0.56350868
 -0.56350868 -0.56350868 -0.56350868 -0.56350868 -0.56350868 -0.56350868
 -0.56350868 -0.56350868 -0.56350868 -0.56350868 -0.56350868 -0.56350868
 -0.56350868 -0.56350868 -0.56350868 -0.56350868  1.18233694 -0.56350868
 -0.56350868 -0.56350868 -0.56350868 -0.56350868  2.29756757 -0.56350868
 -0.56350868 -0.56350868 -0.56350868  1.26501795 -0.56350868 -0.56350868
 -0.56350868 -0.56350868 -0.56350868 -0.56350868  1.90939353 -0.56350868
 -0.56350868 -0.56350868  1.91134385  1.77392546 -0.56350868 -0.56350868
 -0.56350868 -0.56350868  0.84293321 -0.56350868 -0.56350868 -0.56350868
  2.04600443 -0.56350868  2.92622798  0.61263155  0.84982841  0.30908372
 -0.56350868 -0.56350868 -0.56350868  0.99556806 -0.56350868  0.84293321
 -0.56350868 -0.56350868  1.88106662  2.10630621  1.04683053  1.36535131
  1.54233813 -0.56350868 -0.56350868 -0.56350868  0.32001339  1.28690748
 -0.56350868  1.51765805 -0.56350868 -0.56350868 -0.56350868  0.75948526
 -0.56350868 -0.56350868 -0.56350868  1.13167596 -0.56350868 -0.56350868
  1.55024504 -0.56350868 -0.56350868 -0.56350868 -0.56350868 -0.56350868
 -0.56350868 -0.56350868 -0.56350868 -0.56350868  0.87469836  1.40905641
 -0.56350868  1.54233813 -0.56350868  0.95744145 -0.56350868 -0.56350868
 -0.56350868 -0.56350868  0.27072741 -0.56350868 -0.56350868 -0.56350868
  1.53302095 -0.56350868  0.94697499 -0.56350868 -0.56350868 -0.56350868
 -0.56350868 -0.56350868 -0.56350868 -0.56350868 -0.56350868  1.25282203
 -0.56350868  1.62842652  1.46333148 -0.56350868  1.62713043  2.9037171
  1.56561514  0.31298809 -0.56350868 -0.56350868  0.68342196  0.54561462
 -0.56350868 -0.56350868 -0.56350868 -0.56350868 -0.56350868  1.40068055
 -0.56350868 -0.56350868 -0.56350868 -0.56350868 -0.56350868 -0.56350868
  0.84293321 -0.56350868 -0.56350868 -0.56350868 -0.56350868 -0.56350868
 -0.56350868 -0.56350868  1.45353281 -0.56350868 -0.56350868 -0.56350868
 -0.56350868 -0.56350868 -0.56350868 -0.56350868 -0.56350868 -0.56350868
 -0.56350868  1.2839827   2.35410026 -0.56350868 -0.56350868 -0.56350868
 -0.56350868 -0.56350868 -0.56350868 -0.56350868  3.18203189 -0.56350868
 -0.56350868 -0.56350868 -0.56350868 -0.56350868 -0.56350868 -0.56350868
 -0.56350868 -0.56350868 -0.56350868 -0.56350868 -0.56350868 -0.56350868
 -0.56350868 -0.56350868 -0.56350868  1.71552561  1.08513556 -0.56350868
 -0.56350868 -0.56350868 -0.56350868  2.8223935 ]",[0.24840422202146006]
0,"[-0.36772337 -0.36772337 -0.36772337 -0.36772337 -0.36772337 -0.36772337
  1.35621908 -0.36772337 -0.36772337 -0.36772337 -0.36772337 -0.36772337
 -0.36772337 -0.36772337 -0.36772337 -0.36772337  2.14569981 -0.36772337
 -0.36772337 -0.36772337  4.97273468  1.97754461  3.79074502 -0.36772337
  1.50062866 -0.36772337 -0.36772337 -0.36772337  3.06460553 -0.36772337
 -0.36772337  0.37212631 -0.36772337 -0.36772337 -0.36772337  0.33443851
 -0.36772337  1.56891323  0.78356022 -0.36772337 -0.36772337 -0.36772337
  2.42119872 -0.36772337 -0.36772337 -0.36772337 -0.36772337 -0.36772337
 -0.36772337 -0.36772337 -0.36772337 -0.36772337 -0.36772337  0.12129067
 -0.36772337 -0.36772337 -0.36772337  2.37632451 -0.36772337 -0.36772337
 -0.36772337  0.67078694 -0.36772337 -0.36772337 -0.36772337 -0.36772337
 -0.36772337 -0.36772337 -0.36772337 -0.36772337 -0.36772337  2.51321521
 -0.36772337 -0.36772337 -0.36772337 -0.36772337 -0.36772337 -0.36772337
 -0.36772337 -0.36772337 -0.36772337 -0.36772337 -0.36772337 -0.36772337
 -0.36772337 -0.36772337 -0.36772337 -0.36772337 -0.36772337 -0.36772337
 -0.36772337 -0.36772337 -0.36772337 -0.36772337 -0.36772337 -0.36772337
 -0.36772337 -0.36772337 -0.36772337 -0.36772337  2.33749366 -0.36772337
 -0.36772337 -0.36772337 -0.36772337 -0.36772337 -0.36772337 -0.36772337
 -0.36772337 -0.36772337  3.20044525 -0.36772337 -0.36772337 -0.36772337
  2.73414943 -0.36772337  1.68705701 -0.36772337  0.76607977 -0.36772337
 -0.36772337 -0.36772337 -0.36772337  2.95636274 -0.36772337 -0.36772337
 -0.36772337 -0.36772337  3.26323069 -0.36772337 -0.36772337 -0.36772337
  4.589348   -0.36772337 -0.36772337 -0.36772337 -0.36772337  1.15380067
 -0.36772337  1.64135685 -0.36772337 -0.36772337 -0.36772337  0.6485467
 -0.36772337 -0.36772337 -0.36772337 -0.36772337 -0.36772337 -0.36772337
 -0.36772337  1.85459807 -0.36772337  1.11197598 -0.36772337 -0.36772337
 -0.36772337 -0.36772337 -0.36772337 -0.36772337 -0.36772337  2.25410517
 -0.36772337 -0.36772337 -0.36772337 -0.36772337 -0.36772337 -0.36772337
 -0.36772337 -0.36772337 -0.36772337 -0.36772337 -0.36772337 -0.36772337
 -0.36772337 -0.36772337 -0.36772337 -0.36772337 -0.36772337 -0.36772337
 -0.36772337 -0.36772337 -0.36772337 -0.36772337 -0.36772337 -0.36772337
 -0.36772337  3.61015858 -0.36772337 -0.36772337  2.28089087  3.80032404
 -0.36772337 -0.36772337 -0.36772337 -0.36772337 -0.36772337 -0.36772337
 -0.36772337 -0.36772337 -0.36772337 -0.36772337 -0.36772337 -0.36772337
  1.73064765 -0.36772337 -0.36772337 -0.36772337  1.46495689 -0.36772337
 -0.36772337 -0.36772337 -0.36772337 -0.36772337 -0.36772337 -0.36772337
 -0.36772337 -0.36772337 -0.36772337 -0.36772337 -0.36772337 -0.36772337
 -0.36772337 -0.36772337 -0.36772337  2.30994232 -0.36772337 -0.36772337
 -0.36772337 -0.36772337 -0.36772337 -0.36772337 -0.36772337 -0.36772337
 -0.36772337 -0.36772337 -0.36772337 -0.36772337  3.64905723 -0.36772337
 -0.36772337 -0.36772337 -0.36772337 -0.36772337 -0.36772337 -0.36772337
 -0.36772337 -0.36772337 -0.36772337 -0.36772337 -0.36772337 -0.36772337
 -0.36772337 -0.36772337 -0.36772337  3.35547496 -0.36772337 -0.36772337
 -0.36772337 -0.36772337 -0.36772337 -0.36772337]",[-0.034079073937761384]
0,"[-0.37221446 -0.37221446 -0.37221446 -0.37221446 -0.37221446 -0.37221446
 -0.37221446 -0.37221446 -0.37221446 -0.37221446 -0.37221446 -0.37221446
 -0.37221446 -0.37221446 -0.37221446 -0.37221446 -0.37221446 -0.37221446
 -0.37221446 -0.37221446  5.15671624  4.80456168  4.96003613 -0.37221446
  1.94140955 -0.37221446 -0.37221446 -0.37221446  2.1965988  -0.37221446
 -0.37221446 -0.37221446 -0.37221446 -0.37221446 -0.37221446  0.20448265
 -0.37221446 -0.37221446  2.26657063 -0.37221446 -0.37221446 -0.37221446
  3.50827245 -0.37221446 -0.37221446 -0.37221446 -0.37221446 -0.37221446
 -0.37221446 -0.37221446 -0.37221446 -0.37221446  0.01359684  2.41674551
 -0.37221446 -0.37221446 -0.37221446 -0.37221446 -0.37221446 -0.37221446
 -0.37221446  1.89737573 -0.37221446 -0.37221446  1.64759123 -0.37221446
 -0.37221446 -0.37221446 -0.37221446 -0.37221446 -0.37221446 -0.37221446
 -0.37221446 -0.37221446 -0.37221446 -0.37221446 -0.37221446 -0.37221446
 -0.37221446 -0.37221446 -0.37221446 -0.37221446 -0.37221446 -0.37221446
 -0.37221446 -0.37221446 -0.37221446 -0.37221446  1.86832872 -0.37221446
 -0.37221446 -0.37221446 -0.37221446 -0.37221446 -0.37221446 -0.37221446
 -0.37221446 -0.37221446 -0.37221446  1.81627136 -0.37221446 -0.37221446
 -0.37221446  1.8846527  -0.37221446  2.0004275  -0.37221446 -0.37221446
  2.07377134 -0.37221446 -0.37221446 -0.37221446 -0.37221446 -0.37221446
  2.14866834  2.24914799 -0.37221446 -0.37221446 -0.37221446 -0.15254676
 -0.37221446 -0.37221446 -0.37221446 -0.37221446 -0.37221446 -0.37221446
 -0.37221446 -0.37221446  1.72773467 -0.37221446 -0.37221446 -0.37221446
 -0.37221446 -0.37221446 -0.37221446  1.22618555 -0.37221446  0.71776659
 -0.37221446  4.06729503 -0.37221446 -0.37221446 -0.37221446 -0.37221446
 -0.37221446 -0.37221446 -0.37221446  1.65185808 -0.37221446 -0.37221446
  3.24784692 -0.37221446 -0.37221446 -0.37221446 -0.37221446 -0.37221446
 -0.37221446 -0.37221446 -0.37221446 -0.37221446 -0.37221446 -0.37221446
 -0.37221446  1.64759123 -0.37221446 -0.37221446  2.56087338 -0.37221446
 -0.37221446  0.4165359  -0.37221446 -0.37221446 -0.37221446 -0.37221446
  1.85674034 -0.37221446  0.50008949 -0.37221446 -0.37221446 -0.37221446
 -0.37221446 -0.37221446 -0.37221446 -0.37221446 -0.37221446 -0.37221446
 -0.37221446 -0.37221446  2.10711113 -0.37221446  1.65735653  1.63996112
 -0.37221446 -0.37221446 -0.37221446 -0.37221446 -0.37221446 -0.37221446
 -0.37221446 -0.37221446 -0.37221446 -0.37221446  2.88994636  2.42044391
 -0.37221446 -0.37221446 -0.37221446 -0.37221446  1.91593105 -0.37221446
 -0.37221446 -0.37221446 -0.37221446 -0.37221446 -0.37221446 -0.37221446
 -0.37221446 -0.37221446 -0.37221446 -0.37221446  1.07646358 -0.37221446
 -0.37221446 -0.37221446 -0.37221446 -0.37221446 -0.37221446 -0.37221446
 -0.37221446 -0.37221446 -0.37221446 -0.37221446 -0.37221446 -0.37221446
 -0.37221446 -0.37221446 -0.37221446 -0.37221446  3.58223801 -0.37221446
 -0.37221446 -0.37221446 -0.37221446 -0.37221446 -0.37221446 -0.37221446
 -0.37221446 -0.37221446 -0.37221446 -0.37221446 -0.37221446 -0.37221446
 -0.37221446 -0.37221446 -0.37221446 -0.37221446 -0.37221446 -0.37221446
 -0.37221446 -0.37221446 -0.37221446  0.8189636 ]",[0.04155125830226647]
0,"[-0.30888379 -0.30888379 -0.30888379 -0.30888379 -0.30888379 -0.30888379
  1.23567803 -0.30888379 -0.30888379 -0.30888379 -0.30888379 -0.30888379
 -0.30888379 -0.30888379 -0.30888379 -0.30888379  2.45249069 -0.30888379
 -0.30888379 -0.30888379  5.91308086  2.59227037  4.81531862 -0.30888379
  1.55189488 -0.30888379  5.04695481 -0.30888379  4.19617709 -0.30888379
 -0.30888379 -0.30888379 -0.30888379 -0.30888379 -0.30888379 -0.30888379
 -0.30888379 -0.30888379  2.09608883 -0.30888379 -0.30888379 -0.30888379
  2.24612506 -0.30888379 -0.30888379 -0.30888379 -0.30888379 -0.30888379
  5.26307114 -0.30888379 -0.30888379 -0.30888379  1.52554535  0.47633117
 -0.30888379 -0.30888379 -0.30888379 -0.30888379 -0.30888379 -0.30888379
 -0.30888379  1.70491109 -0.30888379 -0.30888379 -0.30888379 -0.30888379
 -0.30888379 -0.30888379 -0.30888379 -0.30888379 -0.30888379 -0.30888379
 -0.30888379 -0.30888379 -0.30888379 -0.30888379 -0.30888379 -0.30888379
 -0.30888379 -0.30888379 -0.30888379  2.18018874  1.41557288 -0.30888379
 -0.30888379 -0.30888379 -0.30888379 -0.30888379  2.49415747 -0.30888379
 -0.30888379 -0.30888379 -0.30888379 -0.30888379 -0.30888379 -0.30888379
 -0.30888379 -0.30888379 -0.30888379 -0.30888379 -0.30888379 -0.30888379
 -0.30888379 -0.30888379 -0.30888379 -0.30888379 -0.30888379 -0.30888379
 -0.30888379 -0.30888379 -0.30888379 -0.30888379 -0.30888379 -0.30888379
  2.64594809 -0.30888379 -0.30888379 -0.30888379 -0.30888379 -0.30888379
 -0.30888379 -0.30888379 -0.30888379 -0.30888379 -0.30888379 -0.30888379
 -0.30888379 -0.30888379  1.72086743 -0.30888379 -0.30888379 -0.30888379
 -0.30888379 -0.30888379 -0.30888379 -0.30888379 -0.30888379 -0.30888379
 -0.30888379  0.19369615 -0.30888379 -0.30888379 -0.30888379 -0.30888379
 -0.30888379 -0.30888379 -0.30888379 -0.30888379 -0.30888379 -0.30888379
 -0.30888379 -0.30888379 -0.30888379 -0.30888379 -0.30888379 -0.30888379
 -0.30888379 -0.30888379 -0.30888379 -0.30888379  0.40069727  2.76137696
 -0.30888379 -0.30888379 -0.30888379 -0.30888379 -0.30888379 -0.30888379
 -0.30888379 -0.30888379 -0.30888379 -0.30888379 -0.30888379 -0.30888379
  1.21915132 -0.30888379  0.44107632 -0.30888379  0.40069727 -0.30888379
 -0.30888379 -0.30888379 -0.30888379 -0.30888379  0.7697008  -0.30888379
 -0.30888379 -0.30888379  1.63617074 -0.30888379  5.2804873   1.90954456
 -0.30888379 -0.30888379 -0.30888379 -0.30888379 -0.30888379 -0.30888379
 -0.30888379 -0.30888379 -0.30888379 -0.30888379 -0.30888379  1.7945312
 -0.30888379 -0.30888379 -0.30888379 -0.30888379 -0.30888379 -0.30888379
 -0.30888379 -0.30888379 -0.30888379 -0.30888379 -0.30888379 -0.30888379
 -0.30888379 -0.30888379 -0.30888379 -0.30888379 -0.30888379 -0.30888379
 -0.30888379 -0.30888379 -0.30888379 -0.30888379 -0.30888379 -0.30888379
 -0.30888379 -0.30888379 -0.30888379 -0.30888379 -0.30888379 -0.30888379
 -0.30888379 -0.30888379 -0.30888379 -0.30888379  2.97235364 -0.30888379
 -0.30888379 -0.30888379 -0.30888379 -0.30888379 -0.30888379 -0.30888379
 -0.30888379 -0.30888379 -0.30888379 -0.30888379 -0.30888379 -0.30888379
 -0.30888379 -0.30888379 -0.30888379 -0.30888379 -0.30888379 -0.30888379
 -0.30888379 -0.30888379 -0.30888379 -0.30888379]",[-0.10987756723703601]
0,"[-0.33308275 -0.33308275 -0.33308275 -0.33308275 -0.33308275 -0.33308275
  1.50990567 -0.33308275 -0.33308275 -0.33308275 -0.33308275 -0.33308275
 -0.33308275 -0.33308275 -0.33308275 -0.33308275 -0.33308275 -0.33308275
 -0.33308275 -0.33308275  5.78466548 -0.33308275  4.9812237  -0.33308275
  2.36459225  0.5993479  -0.33308275 -0.33308275 -0.33308275 -0.33308275
 -0.33308275 -0.33308275 -0.33308275 -0.33308275 -0.33308275  0.50354437
 -0.33308275 -0.33308275  1.78717084 -0.33308275 -0.33308275 -0.33308275
  2.60163117 -0.33308275 -0.33308275 -0.33308275 -0.33308275 -0.33308275
 -0.33308275 -0.33308275 -0.33308275 -0.33308275 -0.33308275  0.46353803
 -0.33308275 -0.33308275 -0.33308275  3.65698237 -0.33308275 -0.33308275
 -0.33308275  2.02834456 -0.33308275  2.28098522 -0.33308275 -0.33308275
 -0.33308275 -0.33308275 -0.33308275 -0.33308275 -0.33308275 -0.33308275
 -0.33308275 -0.33308275 -0.33308275 -0.33308275 -0.33308275 -0.33308275
 -0.33308275 -0.33308275  2.66166544 -0.33308275 -0.33308275 -0.33308275
 -0.33308275 -0.33308275 -0.33308275  2.92393724 -0.33308275 -0.33308275
 -0.33308275 -0.33308275 -0.33308275 -0.33308275 -0.33308275 -0.33308275
 -0.33308275 -0.33308275 -0.33308275 -0.33308275 -0.33308275 -0.33308275
 -0.33308275 -0.33308275 -0.33308275 -0.33308275 -0.33308275  1.60290188
 -0.33308275 -0.33308275  1.85055904 -0.33308275  2.16713005 -0.33308275
  3.57319147 -0.33308275 -0.33308275 -0.33308275 -0.33308275 -0.33308275
 -0.33308275 -0.33308275 -0.33308275 -0.33308275 -0.33308275 -0.33308275
 -0.33308275 -0.33308275 -0.33308275 -0.33308275 -0.33308275  1.73871174
  2.37751731 -0.33308275 -0.33308275 -0.33308275 -0.33308275  0.93136741
 -0.33308275  3.06362509 -0.33308275 -0.33308275 -0.33308275 -0.33308275
 -0.33308275 -0.33308275 -0.33308275  1.40351912 -0.33308275 -0.33308275
 -0.33308275  3.28893643 -0.33308275 -0.33308275 -0.33308275 -0.33308275
 -0.33308275 -0.33308275 -0.33308275 -0.33308275 -0.33308275  2.25437502
 -0.33308275 -0.33308275 -0.33308275 -0.33308275 -0.33308275 -0.33308275
 -0.33308275 -0.33308275 -0.33308275 -0.33308275 -0.33308275 -0.33308275
 -0.33308275 -0.33308275 -0.33308275 -0.33308275 -0.33308275 -0.33308275
 -0.33308275  1.60290188 -0.33308275 -0.33308275 -0.33308275 -0.33308275
 -0.33308275  2.58569321 -0.33308275 -0.33308275  4.20460584  5.00344572
 -0.33308275 -0.33308275 -0.33308275 -0.33308275 -0.33308275 -0.33308275
 -0.33308275 -0.33308275 -0.33308275 -0.33308275 -0.33308275  1.60290188
 -0.33308275 -0.33308275 -0.33308275 -0.33308275 -0.33308275 -0.33308275
 -0.33308275 -0.33308275 -0.33308275 -0.33308275 -0.33308275 -0.33308275
 -0.33308275 -0.33308275 -0.33308275 -0.33308275 -0.33308275 -0.33308275
 -0.33308275 -0.33308275 -0.33308275 -0.33308275 -0.33308275 -0.33308275
 -0.33308275 -0.33308275  0.80628109 -0.33308275 -0.33308275 -0.33308275
 -0.33308275 -0.33308275 -0.33308275 -0.33308275  2.4038338  -0.33308275
 -0.33308275 -0.33308275 -0.33308275 -0.33308275 -0.33308275 -0.33308275
 -0.33308275 -0.33308275 -0.33308275 -0.33308275 -0.33308275 -0.33308275
 -0.33308275 -0.33308275 -0.33308275 -0.33308275 -0.33308275 -0.33308275
 -0.33308275 -0.33308275 -0.33308275 -0.33308275]",[2.0952663853993223]
0,"[-4.53477509e-01 -4.53477509e-01 -4.53477509e-01 -4.53477509e-01
 -4.53477509e-01 -4.53477509e-01  9.85995115e-01 -4.53477509e-01
 -4.53477509e-01 -4.53477509e-01 -4.53477509e-01 -4.53477509e-01
 -4.53477509e-01 -4.53477509e-01 -4.53477509e-01 -4.53477509e-01
  2.02620692e+00 -4.53477509e-01 -4.53477509e-01 -4.53477509e-01
  4.40180243e+00 -4.53477509e-01  3.11893403e+00 -4.53477509e-01
  1.08694130e+00 -4.53477509e-01 -4.53477509e-01 -4.53477509e-01
  9.03235078e-01 -4.53477509e-01 -4.53477509e-01 -4.53477509e-01
 -4.53477509e-01 -4.53477509e-01 -4.53477509e-01  7.13783393e-01
 -4.53477509e-01  1.10012640e+00  1.75551194e+00 -4.53477509e-01
 -4.53477509e-01 -4.53477509e-01  1.47640166e+00 -4.53477509e-01
 -4.53477509e-01 -4.53477509e-01 -4.53477509e-01 -4.53477509e-01
 -4.53477509e-01 -4.53477509e-01 -4.53477509e-01 -4.53477509e-01
  5.25658727e-01 -4.53477509e-01 -4.53477509e-01 -4.53477509e-01
 -4.53477509e-01 -4.53477509e-01 -4.53477509e-01 -4.53477509e-01
 -1.33019114e-01  1.88706214e+00 -4.53477509e-01  1.78234333e+00
 -4.53477509e-01 -4.53477509e-01 -4.53477509e-01 -4.53477509e-01
  1.42777204e+00 -4.53477509e-01 -4.53477509e-01 -4.53477509e-01
 -4.53477509e-01 -4.53477509e-01 -4.53477509e-01 -4.53477509e-01
 -4.53477509e-01 -4.53477509e-01 -4.53477509e-01 -4.53477509e-01
 -4.53477509e-01 -4.53477509e-01  1.07678997e+00 -4.53477509e-01
 -4.53477509e-01 -4.53477509e-01 -4.53477509e-01 -4.53477509e-01
  1.82454748e+00 -4.53477509e-01 -4.53477509e-01 -4.53477509e-01
 -4.53477509e-01 -4.53477509e-01 -4.53477509e-01 -4.53477509e-01
 -4.53477509e-01 -4.53477509e-01  1.34031624e+00 -4.53477509e-01
  1.07678997e+00 -4.53477509e-01 -4.53477509e-01 -4.53477509e-01
 -4.53477509e-01 -4.53477509e-01 -4.53477509e-01 -4.53477509e-01
 -4.53477509e-01  1.37842698e+00  2.07469210e+00  1.07678997e+00
 -4.53477509e-01 -4.53477509e-01  3.96003741e+00  3.63481110e+00
 -4.53477509e-01  1.81091876e+00  1.54093142e+00  1.21954369e-03
 -4.53477509e-01 -4.53477509e-01  1.50479496e+00  2.61804976e+00
 -4.53477509e-01  2.18889035e+00 -4.53477509e-01  1.51387112e+00
  3.76021701e+00  2.47487432e+00  1.96204355e+00  3.18571189e+00
  3.79540027e+00 -4.53477509e-01 -4.53477509e-01 -4.53477509e-01
 -4.53477509e-01  2.95850320e-02 -4.53477509e-01  5.18528589e-01
 -4.53477509e-01 -4.53477509e-01 -4.53477509e-01  1.21664231e+00
 -4.53477509e-01 -4.53477509e-01 -4.53477509e-01 -4.53477509e-01
 -4.53477509e-01 -4.53477509e-01 -4.53477509e-01 -4.53477509e-01
 -4.53477509e-01 -4.53477509e-01 -4.53477509e-01 -4.53477509e-01
 -4.53477509e-01  1.61402744e+00 -4.53477509e-01 -4.53477509e-01
  5.61327687e-01 -4.53477509e-01 -4.53477509e-01  2.93016338e+00
 -4.53477509e-01 -4.53477509e-01 -4.53477509e-01 -4.53477509e-01
 -4.53477509e-01 -4.53477509e-01 -4.53477509e-01 -4.53477509e-01
 -4.53477509e-01 -4.53477509e-01  5.47944576e-01 -4.53477509e-01
 -4.53477509e-01 -4.53477509e-01  4.54206177e-01 -4.53477509e-01
 -4.53477509e-01 -4.53477509e-01 -4.53477509e-01 -4.53477509e-01
 -4.53477509e-01 -4.53477509e-01 -4.53477509e-01  1.29863877e+00
  1.62466336e+00 -4.53477509e-01  1.22945982e+00  3.65798958e+00
  1.50479496e+00 -4.53477509e-01 -4.53477509e-01 -4.53477509e-01
 -4.53477509e-01 -4.53477509e-01 -4.53477509e-01 -4.53477509e-01
 -4.53477509e-01 -4.53477509e-01 -4.53477509e-01 -4.53477509e-01
 -4.53477509e-01 -4.53477509e-01 -4.53477509e-01 -4.53477509e-01
 -4.53477509e-01 -4.53477509e-01 -4.53477509e-01  1.98133765e+00
 -4.53477509e-01 -4.53477509e-01 -4.53477509e-01  1.07678997e+00
 -4.53477509e-01 -4.53477509e-01 -4.53477509e-01 -4.53477509e-01
  1.17334380e+00 -4.53477509e-01 -4.53477509e-01 -4.53477509e-01
 -4.53477509e-01 -4.53477509e-01 -4.53477509e-01 -4.53477509e-01
 -4.53477509e-01 -4.53477509e-01 -4.53477509e-01 -4.53477509e-01
 -4.53477509e-01 -4.53477509e-01 -4.53477509e-01  1.44607540e+00
 -4.53477509e-01 -4.53477509e-01  2.61395935e+00 -4.53477509e-01
 -4.53477509e-01 -4.53477509e-01 -4.53477509e-01 -4.53477509e-01
 -4.53477509e-01 -4.53477509e-01 -4.53477509e-01 -4.53477509e-01
 -4.53477509e-01 -4.53477509e-01  1.53148702e+00 -4.53477509e-01
 -4.53477509e-01 -4.53477509e-01 -4.53477509e-01 -4.53477509e-01
 -4.53477509e-01 -4.53477509e-01 -4.53477509e-01 -4.53477509e-01
 -4.53477509e-01 -4.53477509e-01]",[0.13366343907686823]
0,"[-0.28020989 -0.28020989 -0.28020989 -0.28020989 -0.28020989 -0.28020989
  1.13862717 -0.28020989 -0.28020989 -0.28020989 -0.28020989 -0.28020989
 -0.28020989 -0.28020989 -0.28020989 -0.28020989  2.78278005 -0.28020989
 -0.28020989 -0.28020989  6.26986348 -0.28020989 -0.28020989 -0.28020989
 -0.28020989  0.81234995 -0.28020989 -0.28020989 -0.28020989 -0.28020989
 -0.28020989 -0.28020989 -0.28020989 -0.28020989  1.50644894  1.44217683
 -0.28020989 -0.28020989  2.74595958 -0.28020989 -0.28020989 -0.28020989
 -0.28020989 -0.28020989 -0.28020989 -0.28020989 -0.28020989 -0.28020989
 -0.28020989 -0.28020989 -0.28020989 -0.28020989 -0.28020989  1.05482043
 -0.28020989 -0.28020989 -0.28020989 -0.28020989 -0.28020989 -0.28020989
 -0.28020989  1.98824736 -0.28020989  3.15849151 -0.28020989 -0.28020989
 -0.28020989 -0.28020989 -0.28020989 -0.28020989 -0.28020989 -0.28020989
 -0.28020989 -0.28020989 -0.28020989 -0.28020989 -0.28020989 -0.28020989
 -0.28020989 -0.28020989 -0.28020989 -0.28020989 -0.28020989 -0.28020989
 -0.28020989 -0.28020989 -0.28020989 -0.28020989 -0.28020989 -0.28020989
 -0.28020989 -0.28020989 -0.28020989  2.00883139 -0.28020989 -0.28020989
 -0.28020989 -0.28020989 -0.28020989 -0.28020989 -0.28020989 -0.28020989
 -0.28020989 -0.28020989  2.48675262 -0.28020989 -0.28020989  2.27843545
 -0.28020989 -0.28020989 -0.28020989 -0.28020989 -0.28020989 -0.28020989
  4.60615047 -0.28020989 -0.28020989 -0.28020989 -0.28020989 -0.28020989
 -0.28020989 -0.28020989 -0.28020989  4.26007607 -0.28020989 -0.28020989
 -0.28020989 -0.28020989  4.50268669 -0.28020989 -0.28020989 -0.28020989
 -0.28020989 -0.28020989 -0.28020989 -0.28020989 -0.28020989 -0.28020989
 -0.28020989 -0.28020989 -0.28020989 -0.28020989 -0.28020989  3.25706231
 -0.28020989 -0.28020989 -0.28020989 -0.28020989 -0.28020989 -0.28020989
 -0.28020989 -0.28020989 -0.28020989 -0.28020989 -0.28020989 -0.28020989
 -0.28020989  2.21578557 -0.28020989 -0.28020989 -0.28020989 -0.28020989
 -0.28020989 -0.28020989 -0.28020989 -0.28020989 -0.28020989 -0.28020989
 -0.28020989 -0.28020989 -0.28020989 -0.28020989 -0.28020989 -0.28020989
 -0.28020989 -0.28020989 -0.28020989 -0.28020989 -0.28020989 -0.28020989
 -0.28020989 -0.28020989 -0.28020989 -0.28020989 -0.28020989 -0.28020989
 -0.28020989 -0.28020989 -0.28020989 -0.28020989  2.49877054  5.64833892
 -0.28020989 -0.28020989 -0.28020989 -0.28020989 -0.28020989 -0.28020989
 -0.28020989 -0.28020989 -0.28020989 -0.28020989 -0.28020989 -0.28020989
 -0.28020989 -0.28020989 -0.28020989 -0.28020989 -0.28020989 -0.28020989
 -0.28020989 -0.28020989 -0.28020989 -0.28020989 -0.28020989  1.98824736
 -0.28020989 -0.28020989 -0.28020989 -0.28020989 -0.28020989 -0.28020989
 -0.28020989 -0.28020989 -0.28020989 -0.28020989 -0.28020989 -0.28020989
 -0.28020989 -0.28020989 -0.28020989 -0.28020989 -0.28020989 -0.28020989
 -0.28020989 -0.28020989 -0.28020989 -0.28020989  4.25416594 -0.28020989
 -0.28020989 -0.28020989 -0.28020989 -0.28020989 -0.28020989 -0.28020989
 -0.28020989 -0.28020989 -0.28020989 -0.28020989 -0.28020989 -0.28020989
 -0.28020989 -0.28020989 -0.28020989  4.06509428 -0.28020989 -0.28020989
 -0.28020989 -0.28020989 -0.28020989 -0.28020989]",[-0.193626045505304]
0,"[-0.42669588  2.37497089  2.25482797  0.70965627 -0.42669588 -0.42669588
  1.82561625 -0.42669588 -0.42669588 -0.42669588 -0.42669588 -0.42669588
 -0.42669588 -0.42669588 -0.42669588 -0.42669588 -0.42669588 -0.42669588
 -0.42669588 -0.42669588  5.687869    1.88307021 -0.42669588 -0.42669588
 -0.42669588  0.78359335 -0.42669588 -0.42669588 -0.42669588 -0.42669588
 -0.42669588 -0.42669588 -0.42669588 -0.42669588  1.33872895  2.19583214
 -0.42669588  2.88083027  2.30240886 -0.42669588 -0.42669588 -0.42669588
 -0.42669588 -0.42669588 -0.42669588  1.95447041 -0.42669588  1.33872895
 -0.42669588 -0.42669588 -0.42669588 -0.42669588 -0.42669588 -0.42669588
 -0.42669588 -0.42669588 -0.42669588 -0.42669588  0.30477236 -0.42669588
 -0.42669588  2.83715582 -0.42669588  2.95252925 -0.42669588  1.70379427
 -0.42669588 -0.42669588 -0.42669588 -0.42669588 -0.42669588 -0.42669588
 -0.42669588 -0.42669588 -0.42669588 -0.42669588 -0.42669588 -0.42669588
 -0.42669588 -0.42669588 -0.42669588 -0.42669588 -0.42669588 -0.42669588
 -0.42669588 -0.42669588 -0.42669588 -0.42669588  3.49515025 -0.42669588
 -0.42669588 -0.42669588 -0.42669588 -0.42669588  2.01754826 -0.42669588
 -0.42669588 -0.42669588 -0.42669588 -0.42669588 -0.42669588 -0.42669588
 -0.42669588 -0.42669588  1.80081294 -0.42669588 -0.42669588 -0.42669588
 -0.42669588 -0.42669588 -0.42669588 -0.42669588 -0.42669588 -0.42669588
  2.54403325  2.37497089 -0.42669588 -0.42669588 -0.42669588  0.33314836
 -0.42669588 -0.42669588 -0.42669588  0.87262223 -0.42669588 -0.42669588
 -0.42669588 -0.42669588 -0.42669588 -0.42669588  3.48333603 -0.42669588
 -0.42669588 -0.42669588 -0.42669588 -0.42669588  0.60286463  0.41136136
 -0.42669588  0.05409623 -0.42669588 -0.42669588 -0.42669588 -0.42669588
 -0.42669588 -0.42669588 -0.42669588  0.52418584 -0.42669588 -0.42669588
 -0.42669588 -0.42669588 -0.42669588 -0.42669588 -0.42669588 -0.42669588
 -0.42669588  2.00245375 -0.42669588 -0.42669588  1.03157502 -0.42669588
 -0.42669588  2.56006937 -0.42669588 -0.42669588 -0.42669588 -0.42669588
 -0.42669588 -0.42669588  0.01271294 -0.42669588 -0.42669588 -0.42669588
  1.68719703 -0.42669588 -0.42669588  1.22300217  1.12934595 -0.42669588
 -0.42669588 -0.42669588 -0.42669588 -0.42669588 -0.42669588 -0.42669588
 -0.42669588 -0.42669588  2.54528379 -0.42669588 -0.42669588  2.08628418
  2.4049154  -0.42669588 -0.42669588 -0.42669588  2.14907376  1.68211707
 -0.42669588  2.07404289 -0.42669588 -0.42669588 -0.42669588  3.27173247
 -0.42669588 -0.42669588 -0.42669588 -0.42669588 -0.42669588 -0.42669588
 -0.42669588 -0.42669588 -0.42669588 -0.42669588 -0.42669588  1.95447041
 -0.42669588 -0.42669588  2.34868748 -0.42669588 -0.42669588 -0.42669588
 -0.42669588 -0.42669588 -0.42669588 -0.42669588 -0.42669588 -0.42669588
 -0.42669588 -0.42669588 -0.42669588 -0.42669588 -0.42669588 -0.42669588
 -0.42669588  1.22300217 -0.42669588 -0.42669588  3.35727362 -0.42669588
 -0.42669588 -0.42669588 -0.42669588 -0.42669588 -0.42669588 -0.42669588
 -0.42669588 -0.42669588 -0.42669588 -0.42669588 -0.42669588 -0.42669588
 -0.42669588 -0.42669588 -0.42669588 -0.42669588 -0.42669588 -0.42669588
 -0.42669588 -0.42669588  1.01604794  1.28394923]",[-0.030135697770477254]
0,"[-0.60489396  2.64654789  2.21140277 -0.60489396 -0.60489396 -0.60489396
  0.81198971 -0.60489396 -0.60489396  0.7313071  -0.60489396 -0.60489396
 -0.60489396 -0.60489396 -0.60489396 -0.60489396  1.82174399 -0.60489396
 -0.60489396  0.66286617  3.93286456  1.39578219  2.67856445 -0.60489396
  1.88021534  0.7894915  -0.60489396 -0.60489396 -0.60489396 -0.60489396
 -0.60489396 -0.60489396  0.3931552  -0.60489396  1.40699653  2.19530758
 -0.60489396  2.25668391  2.09397753 -0.60489396 -0.60489396 -0.60489396
 -0.60489396 -0.60489396 -0.60489396  1.74635895 -0.60489396  1.53991665
 -0.60489396 -0.60489396 -0.60489396 -0.60489396  0.05844171  0.53044176
 -0.60489396 -0.60489396 -0.60489396 -0.60489396  0.32815268 -0.60489396
 -0.0504078   2.46846208 -0.60489396  2.62153277 -0.60489396  1.56032031
 -0.60489396 -0.60489396  0.55234871 -0.60489396  1.87833875 -0.60489396
  0.92502135 -0.60489396 -0.60489396 -0.60489396 -0.60489396 -0.60489396
 -0.60489396 -0.60489396 -0.60489396 -0.60489396  1.22763449 -0.60489396
 -0.60489396 -0.60489396 -0.60489396 -0.60489396  2.49674056 -0.60489396
 -0.60489396 -0.60489396 -0.60489396 -0.60489396  1.58905001 -0.60489396
 -0.60489396 -0.60489396  1.20969995 -0.60489396  2.87800521 -0.60489396
 -0.60489396 -0.60489396  1.08024059 -0.60489396 -0.60489396 -0.60489396
 -0.60489396 -0.60489396 -0.60489396 -0.60489396 -0.60489396 -0.60489396
  2.47057551  2.1558713  -0.60489396 -0.60489396  0.82997607  0.80319399
  0.32815268  1.54511874 -0.60489396 -0.60489396 -0.60489396 -0.60489396
 -0.60489396 -0.60489396 -0.60489396  0.84009656  1.53728929 -0.60489396
 -0.60489396 -0.60489396 -0.60489396  0.63708782  1.02010831  0.69109769
 -0.60489396  0.55234871 -0.60489396 -0.60489396 -0.60489396  1.1050331
 -0.60489396 -0.60489396 -0.60489396  0.76274632 -0.60489396  1.13580887
 -0.60489396 -0.60489396 -0.60489396 -0.60489396 -0.60489396 -0.60489396
 -0.60489396  1.87668928 -0.60489396 -0.60489396  1.02901283 -0.60489396
 -0.60489396  1.0886815  -0.60489396  0.84009656 -0.60489396 -0.60489396
 -0.60489396  0.2554367   0.52157781 -0.60489396 -0.60489396 -0.60489396
  1.08220481 -0.60489396  1.10170592  1.41789671  1.14674991 -0.60489396
 -0.60489396  1.02534541 -0.60489396 -0.60489396 -0.60489396 -0.60489396
 -0.60489396 -0.60489396  2.11148987 -0.60489396  1.11452407  1.18190497
 -0.60489396 -0.60489396  1.16235872 -0.60489396  2.80565731  2.61045696
 -0.60489396  2.44123416 -0.60489396 -0.60489396 -0.60489396  1.60265666
 -0.60489396 -0.60489396  0.7313071  -0.60489396 -0.60489396 -0.60489396
  1.1050331  -0.60489396  0.63708782 -0.60489396 -0.60489396  2.22379149
 -0.60489396 -0.60489396  0.57976221 -0.60489396 -0.60489396 -0.60489396
 -0.60489396  1.1050331  -0.60489396 -0.60489396 -0.60489396  1.3723347
 -0.60489396 -0.60489396  0.51250722 -0.60489396 -0.60489396 -0.60489396
 -0.60489396  1.34738316 -0.60489396 -0.60489396  1.6789121  -0.60489396
 -0.60489396 -0.60489396 -0.60489396 -0.60489396 -0.60489396 -0.60489396
 -0.60489396 -0.60489396 -0.60489396 -0.60489396 -0.60489396 -0.60489396
 -0.60489396 -0.60489396  0.81561612 -0.60489396 -0.60489396 -0.60489396
 -0.60489396 -0.60489396  0.57976221  1.41789671]",[0.037482911659222795]
0,"[-0.44221674  2.31636596  1.59763866 -0.44221674 -0.44221674 -0.44221674
  1.42034878 -0.44221674 -0.44221674 -0.44221674 -0.44221674 -0.44221674
 -0.44221674 -0.44221674 -0.44221674 -0.44221674  3.19165809 -0.44221674
 -0.44221674 -0.44221674  5.08765996  2.00386249  4.07479705 -0.44221674
  1.01611975 -0.44221674 -0.44221674 -0.44221674  3.55315944 -0.44221674
 -0.44221674  0.57771096 -0.44221674 -0.44221674  0.38949848  1.65167508
 -0.44221674 -0.44221674  1.76552348 -0.44221674 -0.44221674 -0.44221674
  2.03092531 -0.44221674 -0.44221674 -0.44221674 -0.44221674  1.17611134
 -0.44221674 -0.44221674 -0.44221674 -0.44221674  0.20128599  0.3048668
 -0.44221674 -0.44221674 -0.44221674 -0.44221674 -0.44221674 -0.44221674
 -0.10840784  2.20386704 -0.44221674  2.39465979 -0.44221674 -0.44221674
 -0.44221674 -0.44221674 -0.44221674 -0.44221674 -0.44221674 -0.44221674
 -0.44221674 -0.44221674 -0.44221674 -0.44221674 -0.44221674 -0.44221674
 -0.44221674 -0.44221674 -0.44221674 -0.44221674  1.85494366 -0.44221674
 -0.44221674 -0.44221674 -0.44221674 -0.44221674  2.68665888 -0.44221674
 -0.44221674 -0.44221674 -0.44221674 -0.44221674 -0.44221674 -0.44221674
 -0.44221674 -0.44221674  1.59763866 -0.44221674 -0.44221674 -0.44221674
 -0.44221674  1.98765879 -0.44221674  2.04205747 -0.44221674 -0.44221674
 -0.44221674 -0.44221674 -0.44221674 -0.44221674 -0.44221674 -0.44221674
  2.87964269 -0.44221674  3.1595135  -0.44221674 -0.44221674  0.17032858
 -0.44221674  0.84478873 -0.44221674 -0.44221674 -0.44221674 -0.44221674
 -0.44221674 -0.44221674 -0.44221674  1.31786617 -0.44221674 -0.44221674
 -0.44221674 -0.44221674 -0.44221674  1.7151443   0.67086011  0.2757153
 -0.44221674 -0.44221674 -0.44221674 -0.44221674 -0.44221674 -0.44221674
 -0.44221674 -0.44221674 -0.44221674  0.46678434 -0.44221674 -0.44221674
  1.09899706 -0.44221674 -0.44221674 -0.44221674 -0.44221674 -0.44221674
 -0.44221674  1.51983342 -0.44221674 -0.44221674  0.21556986 -0.44221674
 -0.44221674 -0.44221674 -0.44221674 -0.44221674 -0.44221674 -0.44221674
 -0.44221674 -0.44221674 -0.44221674 -0.44221674 -0.44221674 -0.44221674
 -0.44221674 -0.44221674  0.45181564 -0.44221674  0.73634726 -0.44221674
 -0.44221674 -0.44221674 -0.44221674 -0.44221674 -0.44221674 -0.44221674
 -0.44221674  0.67086011  1.85494366 -0.44221674  3.47142044  2.33383948
  1.56806247 -0.44221674  0.72753885 -0.44221674  2.76242749  2.47567506
 -0.44221674  2.11329816 -0.44221674 -0.44221674 -0.44221674 -0.44221674
 -0.44221674 -0.44221674 -0.44221674 -0.44221674 -0.44221674 -0.44221674
 -0.44221674 -0.44221674 -0.44221674 -0.44221674 -0.44221674  1.85494366
 -0.44221674 -0.44221674 -0.44221674 -0.44221674 -0.44221674 -0.44221674
 -0.44221674  1.04728508 -0.44221674 -0.44221674 -0.44221674  0.7484048
 -0.44221674 -0.44221674  0.97101739 -0.44221674 -0.44221674 -0.44221674
 -0.44221674 -0.44221674 -0.44221674 -0.44221674  4.17426136 -0.44221674
 -0.44221674 -0.44221674 -0.44221674 -0.44221674 -0.44221674 -0.44221674
 -0.44221674 -0.44221674 -0.44221674 -0.44221674 -0.44221674 -0.44221674
 -0.44221674 -0.44221674 -0.44221674  0.97101739 -0.44221674 -0.44221674
 -0.44221674 -0.44221674 -0.44221674  1.25237903]",[0.08548743984608775]
0,"[-0.67600754  2.45079101  1.95931791 -0.67600754 -0.67600754 -0.67600754
  0.83549517  1.45382105 -0.67600754  0.59326704 -0.67600754 -0.67600754
 -0.67600754 -0.67600754 -0.67600754 -0.67600754 -0.67600754 -0.67600754
 -0.67600754 -0.67600754  3.38474216  1.45645495  2.68013209 -0.67600754
  1.54982728  1.66257562 -0.67600754  0.55226225  0.62292721 -0.67600754
  0.76189559 -0.67600754 -0.67600754 -0.67600754  1.45183253  2.02314423
 -0.67600754  1.43619956  1.90621734 -0.67600754 -0.67600754 -0.67600754
 -0.67600754 -0.67600754 -0.67600754  2.06083034 -0.67600754  1.46166399
  0.64363031 -0.67600754  0.92653249 -0.67600754  1.06111915 -0.14991074
 -0.67600754 -0.67600754 -0.67600754 -0.67600754  0.5251339  -0.67600754
 -0.67600754  2.26837913 -0.67600754  2.43073335 -0.67600754  1.49138721
 -0.67600754 -0.67600754 -0.67600754 -0.67600754  1.78324865 -0.67600754
  1.02924096 -0.67600754 -0.67600754 -0.67600754  0.5251339  -0.67600754
 -0.67600754 -0.67600754 -0.67600754 -0.67600754 -0.67600754 -0.67600754
 -0.67600754 -0.67600754 -0.67600754 -0.67600754  2.4489515  -0.67600754
 -0.67600754 -0.67600754  1.31012271  0.73744989  1.6492236  -0.67600754
 -0.67600754 -0.67600754  1.68169406 -0.67600754 -0.67600754 -0.67600754
 -0.67600754  1.71392742 -0.67600754 -0.67600754 -0.67600754 -0.67600754
 -0.67600754 -0.67600754  0.69926803 -0.67600754 -0.67600754 -0.67600754
  1.38755446  1.97035871 -0.67600754  0.25531351  0.8678374   0.77727502
  0.38890675  1.54418484 -0.67600754 -0.67600754  0.38890675 -0.67600754
 -0.67600754 -0.67600754 -0.67600754  0.94962869 -0.67600754 -0.67600754
 -0.67600754  0.76189559  0.5251339   1.43758703  1.01698727  0.97605654
 -0.67600754  1.9080684  -0.67600754 -0.67600754 -0.67600754  0.38890675
 -0.67600754 -0.67600754 -0.67600754  1.80840769 -0.67600754  0.79817475
  1.79540558 -0.67600754 -0.67600754 -0.67600754  0.41192693 -0.67600754
 -0.67600754  1.87637192 -0.67600754 -0.67600754  1.13500191  1.50705943
  0.5251339   0.88874971 -0.67600754 -0.67600754 -0.67600754 -0.67600754
 -0.67600754  0.30719286  0.74223983 -0.67600754  0.16272924 -0.67600754
  0.89281815 -0.67600754  1.08994635  1.36387068  1.16417374 -0.67600754
 -0.67600754  1.15185626 -0.67600754 -0.67600754  0.49131236  0.91438612
 -0.67600754  1.36387068  2.06980487 -0.67600754 -0.67600754  0.84753872
  1.05497171  0.55226225  0.9757668  -0.67600754  2.58070288  2.4831432
 -0.67600754  2.2308128  -0.67600754 -0.67600754 -0.67600754  1.14232486
 -0.67600754 -0.67600754  0.69926803 -0.67600754 -0.67600754  0.81499436
  1.17898461 -0.67600754 -0.67600754 -0.67600754 -0.67600754  1.97575112
 -0.67600754 -0.67600754 -0.67600754 -0.67600754 -0.67600754 -0.67600754
 -0.67600754  1.04554309 -0.67600754 -0.67600754 -0.67600754  1.40813267
 -0.67600754 -0.67600754 -0.67600754 -0.67600754 -0.67600754 -0.67600754
 -0.67600754  1.16113479 -0.67600754 -0.67600754  1.92558746 -0.67600754
 -0.67600754 -0.67600754 -0.67600754 -0.67600754 -0.67600754 -0.67600754
 -0.67600754 -0.67600754 -0.67600754 -0.67600754 -0.67600754 -0.67600754
 -0.67600754 -0.67600754 -0.67600754 -0.67600754 -0.67600754 -0.67600754
 -0.67600754 -0.67600754  0.44043805  1.32022781]",[0.10705996520411887]
0,"[-0.73327503  0.60511711  0.60511711  0.05285038 -0.73327503 -0.73327503
  0.5205904  -0.73327503 -0.73327503 -0.73327503 -0.73327503 -0.73327503
 -0.73327503 -0.73327503 -0.73327503  0.7483069   1.70238002 -0.73327503
 -0.73327503 -0.73327503  3.51877629  0.85050902  2.09804687 -0.73327503
  1.2519222   0.60511711 -0.73327503 -0.73327503  1.68742329 -0.73327503
 -0.73327503 -0.73327503 -0.73327503 -0.73327503  1.52987714  1.78830815
 -0.73327503  1.52818429  2.38849444 -0.73327503 -0.73327503 -0.73327503
  2.63736804 -0.73327503 -0.73327503  1.38910952 -0.73327503  1.16590923
 -0.73327503 -0.73327503 -0.73327503 -0.73327503  0.89640286  1.81151479
  0.13093984 -0.73327503 -0.73327503 -0.73327503  0.36398788 -0.73327503
  0.28333981  2.00882568 -0.73327503  2.57893875 -0.73327503 -0.73327503
 -0.73327503  0.7483069   1.49361089 -0.73327503  0.68377692 -0.73327503
 -0.73327503 -0.73327503 -0.73327503  0.50435316  0.60511711 -0.73327503
 -0.73327503 -0.73327503 -0.73327503 -0.73327503  0.93004021 -0.73327503
  0.80301864 -0.73327503 -0.73327503 -0.73327503  2.14632939  1.11980927
 -0.73327503 -0.73327503 -0.73327503  1.70238002  1.99534078 -0.73327503
 -0.73327503 -0.73327503  1.24347646 -0.73327503  1.34453209 -0.73327503
 -0.73327503 -0.73327503  1.56061674  1.1501133  -0.73327503 -0.73327503
 -0.73327503 -0.73327503  1.05028571  1.14029237 -0.73327503 -0.73327503
  2.15991161  2.25332439 -0.73327503  0.22633651  0.87099212  0.54676116
 -0.73327503  0.36398788 -0.73327503 -0.73327503 -0.73327503 -0.73327503
 -0.73327503 -0.73327503  0.88242416  1.37554609 -0.73327503  1.05028571
 -0.73327503  1.3114224  -0.73327503  0.22633651  0.67536567  0.26105107
 -0.73327503  0.7483069  -0.73327503 -0.73327503 -0.73327503  1.30607504
 -0.73327503 -0.73327503 -0.73327503  0.4992626  -0.73327503  0.68377692
  1.7542705   0.68377692 -0.73327503 -0.73327503 -0.73327503 -0.73327503
 -0.73327503  1.87526071 -0.73327503 -0.73327503  0.72544053  1.38910952
  1.31756234  1.08285011 -0.73327503 -0.73327503  1.32359943 -0.73327503
 -0.73327503  0.69678936  0.58632215  0.47404914 -0.73327503 -0.73327503
  1.21350528 -0.73327503  0.7050669   1.19556457  1.00735646 -0.73327503
  0.97994546  1.18692134 -0.73327503 -0.73327503  0.75665     1.66102749
 -0.73327503 -0.73327503  2.0026925  -0.73327503  2.15374325  1.81908223
 -0.73327503 -0.73327503  0.08080281  0.55824524  0.26598145  0.13093984
 -0.73327503 -0.73327503 -0.73327503 -0.73327503 -0.73327503  1.19556457
 -0.73327503  0.60511711  0.55824524 -0.73327503 -0.73327503 -0.73327503
  0.9951547  -0.73327503 -0.73327503 -0.73327503 -0.73327503  1.89907091
 -0.73327503 -0.73327503  0.7483069   0.36398788  1.24719585 -0.73327503
 -0.73327503  1.27047902 -0.73327503 -0.73327503 -0.73327503 -0.73327503
 -0.73327503 -0.73327503  1.9928565  -0.73327503 -0.73327503 -0.73327503
 -0.73327503  1.09809152 -0.73327503  0.50435316  1.97696188 -0.73327503
 -0.73327503 -0.73327503 -0.73327503 -0.73327503 -0.73327503 -0.73327503
 -0.73327503  1.90508383 -0.73327503 -0.73327503 -0.73327503 -0.73327503
 -0.73327503 -0.73327503 -0.73327503  0.89246396 -0.73327503 -0.73327503
 -0.73327503 -0.73327503  0.22633651  1.07498068]",[0.09810348864731722]
0,"[-0.36065986 -0.36065986 -0.36065986  0.58264484 -0.36065986 -0.36065986
  0.70186667 -0.36065986 -0.36065986 -0.36065986 -0.36065986 -0.36065986
  1.81028314 -0.36065986 -0.36065986 -0.36065986 -0.36065986 -0.36065986
 -0.36065986 -0.36065986  5.09367888  2.39175311  4.51533401 -0.36065986
 -0.36065986 -0.36065986 -0.36065986 -0.36065986  3.85925167 -0.36065986
  2.80727792 -0.36065986 -0.36065986 -0.36065986 -0.36065986  0.36089776
 -0.36065986  2.34930367  1.5450506  -0.36065986 -0.36065986 -0.36065986
  4.27566947 -0.36065986 -0.36065986 -0.36065986 -0.36065986 -0.36065986
 -0.36065986 -0.36065986 -0.36065986 -0.36065986 -0.36065986  0.64602277
 -0.36065986 -0.36065986 -0.36065986 -0.36065986 -0.36065986 -0.36065986
 -0.36065986  1.33790835 -0.36065986 -0.36065986 -0.36065986 -0.36065986
 -0.36065986 -0.36065986 -0.36065986 -0.36065986 -0.36065986 -0.36065986
 -0.36065986 -0.36065986 -0.36065986 -0.36065986 -0.36065986 -0.36065986
 -0.36065986 -0.36065986 -0.36065986 -0.36065986 -0.36065986 -0.36065986
 -0.36065986 -0.36065986 -0.36065986 -0.36065986  4.25293563 -0.36065986
 -0.36065986 -0.36065986 -0.36065986  1.83170507 -0.36065986 -0.36065986
 -0.36065986 -0.36065986 -0.36065986 -0.36065986  2.20349718 -0.36065986
 -0.36065986  4.00079564  3.95050138  3.09214862 -0.36065986 -0.36065986
 -0.36065986 -0.36065986 -0.36065986  1.76123898 -0.36065986 -0.36065986
  1.8330121  -0.36065986 -0.36065986 -0.36065986 -0.36065986 -0.36065986
 -0.36065986 -0.36065986 -0.36065986 -0.36065986 -0.36065986  1.32501993
 -0.36065986 -0.36065986 -0.36065986 -0.36065986 -0.36065986 -0.36065986
 -0.36065986 -0.36065986 -0.36065986  3.55219125 -0.36065986 -0.36065986
 -0.36065986 -0.36065986 -0.36065986 -0.36065986 -0.36065986 -0.36065986
 -0.36065986 -0.36065986 -0.36065986 -0.36065986 -0.36065986 -0.36065986
  2.50715623 -0.36065986 -0.36065986 -0.36065986  0.76730504 -0.36065986
 -0.36065986 -0.36065986 -0.36065986 -0.36065986 -0.36065986  1.62763386
 -0.36065986  2.43482049 -0.36065986  0.94356005 -0.36065986 -0.36065986
 -0.36065986 -0.36065986 -0.36065986 -0.36065986 -0.36065986 -0.36065986
  0.93211429 -0.36065986  0.70428145 -0.36065986 -0.36065986 -0.36065986
 -0.36065986 -0.36065986 -0.36065986 -0.36065986 -0.36065986 -0.36065986
 -0.36065986 -0.36065986  1.25468051 -0.36065986  1.41583781  1.26621045
 -0.36065986 -0.36065986 -0.36065986 -0.36065986 -0.36065986 -0.36065986
 -0.36065986 -0.36065986 -0.36065986 -0.36065986 -0.36065986  2.81283824
 -0.36065986 -0.36065986 -0.36065986 -0.36065986  1.76123898 -0.36065986
 -0.36065986 -0.36065986 -0.36065986 -0.36065986 -0.36065986 -0.36065986
 -0.36065986 -0.36065986 -0.36065986 -0.36065986 -0.36065986 -0.36065986
 -0.36065986 -0.36065986 -0.36065986 -0.36065986 -0.36065986 -0.36065986
 -0.36065986 -0.36065986  0.59748512 -0.36065986 -0.36065986 -0.36065986
 -0.36065986 -0.36065986 -0.36065986 -0.36065986  1.68265709 -0.36065986
 -0.36065986 -0.36065986 -0.36065986 -0.36065986 -0.36065986 -0.36065986
 -0.36065986 -0.36065986 -0.36065986 -0.36065986 -0.36065986 -0.36065986
 -0.36065986 -0.36065986 -0.36065986 -0.36065986 -0.36065986 -0.36065986
 -0.36065986 -0.36065986 -0.36065986 -0.36065986]",[-0.09537543574463497]
0,"[-0.51756766 -0.51756766 -0.51756766 -0.51756766 -0.51756766 -0.51756766
  1.41109294 -0.51756766 -0.51756766  0.49732109 -0.51756766 -0.51756766
 -0.51756766 -0.51756766 -0.51756766 -0.51756766  2.12192264 -0.51756766
 -0.51756766 -0.51756766  4.25969991  2.25973158  3.37169094 -0.51756766
  1.38152954  0.24077927 -0.51756766  0.90025071 -0.51756766 -0.51756766
 -0.51756766 -0.51756766 -0.51756766 -0.51756766  1.1667987   1.3958224
 -0.51756766  3.05800069  2.71541453  1.22232468 -0.51756766 -0.51756766
  3.87008417 -0.51756766 -0.51756766  1.68265192 -0.51756766  3.29857747
  2.64075124 -0.51756766  0.60934996 -0.51756766  0.53414791  2.12522279
 -0.51756766 -0.51756766 -0.51756766 -0.51756766 -0.51756766 -0.51756766
 -0.51756766  1.75942806 -0.51756766  2.29600981 -0.51756766 -0.51756766
 -0.51756766 -0.51756766  0.28838462 -0.51756766 -0.51756766 -0.51756766
 -0.51756766 -0.51756766 -0.51756766 -0.51756766 -0.51756766 -0.51756766
 -0.51756766 -0.51756766 -0.51756766 -0.51756766  1.28657528 -0.51756766
 -0.51756766 -0.51756766 -0.51756766 -0.51756766  2.55627802 -0.51756766
 -0.51756766 -0.51756766 -0.51756766  2.10248161  1.91175079 -0.51756766
 -0.51756766 -0.51756766  0.93583817 -0.51756766  1.37258991 -0.51756766
 -0.51756766 -0.51756766  2.15764367 -0.51756766 -0.51756766 -0.51756766
 -0.51756766 -0.51756766 -0.51756766 -0.51756766 -0.51756766 -0.51756766
  2.15764367  2.09631555 -0.51756766 -0.51756766 -0.03799339 -0.26727768
 -0.51756766 -0.51756766 -0.51756766 -0.51756766 -0.51756766 -0.51756766
 -0.51756766 -0.51756766 -0.51756766  1.55645284 -0.51756766 -0.51756766
 -0.51756766  1.14654404 -0.51756766  2.02282913  0.42331189  0.07374525
 -0.51756766  1.46185918 -0.51756766 -0.51756766 -0.51756766 -0.51756766
 -0.51756766 -0.51756766 -0.51756766  0.25584284 -0.51756766 -0.51756766
  1.76072635 -0.51756766 -0.51756766 -0.51756766 -0.51756766 -0.51756766
 -0.51756766  1.66474058 -0.51756766 -0.51756766  0.91841837  2.12192264
  1.18612815  1.30599344 -0.51756766  2.3200186  -0.51756766 -0.51756766
  2.32260408  1.25164095 -0.10244003 -0.51756766 -0.51756766 -0.51756766
  1.61449098 -0.51756766  0.45551989  0.6559069   0.60934996 -0.51756766
  0.93583817 -0.51756766 -0.51756766 -0.51756766 -0.51756766 -0.51756766
 -0.51756766 -0.51756766  1.59170139 -0.51756766 -0.51756766  1.86881792
  1.45619321 -0.51756766  0.43844278 -0.51756766 -0.51756766  0.41238892
 -0.51756766 -0.51756766 -0.51756766 -0.51756766 -0.51756766  0.93583817
 -0.51756766 -0.51756766 -0.51756766 -0.51756766 -0.51756766 -0.51756766
 -0.51756766 -0.51756766 -0.51756766 -0.51756766 -0.51756766  1.05417008
 -0.51756766 -0.51756766 -0.51756766 -0.51756766 -0.51756766 -0.51756766
 -0.51756766  0.62147805 -0.51756766 -0.51756766 -0.51756766 -0.51756766
 -0.51756766 -0.51756766  1.26622322 -0.51756766 -0.51756766 -0.51756766
 -0.51756766 -0.51756766 -0.51756766 -0.51756766  2.83859613 -0.51756766
 -0.51756766 -0.51756766 -0.51756766 -0.51756766 -0.51756766 -0.51756766
 -0.51756766 -0.51756766 -0.51756766 -0.51756766 -0.51756766 -0.51756766
 -0.51756766 -0.51756766 -0.51756766 -0.51756766 -0.51756766 -0.51756766
 -0.51756766 -0.51756766 -0.51756766  0.58399858]",[-0.023918426885270683]
0,"[-0.48831911 -0.48831911 -0.48831911 -0.48831911 -0.48831911 -0.48831911
  0.95043627 -0.48831911 -0.48831911 -0.48831911 -0.48831911 -0.48831911
 -0.48831911 -0.48831911 -0.48831911 -0.48831911  2.46384974 -0.48831911
 -0.48831911 -0.48831911  4.74513257 -0.48831911  2.77790096 -0.48831911
  1.79162897  0.81418263 -0.48831911 -0.48831911  2.27347629 -0.48831911
 -0.48831911 -0.48831911 -0.48831911 -0.48831911 -0.48831911 -0.48831911
 -0.48831911  1.9962612   1.79783756 -0.48831911 -0.48831911 -0.48831911
  3.25460744 -0.48831911 -0.48831911  2.03556882 -0.48831911 -0.48831911
 -0.48831911 -0.48831911 -0.48831911 -0.48831911  1.89749174  2.26517275
  0.79673556 -0.48831911 -0.48831911 -0.48831911 -0.48831911 -0.48831911
  0.15801919  1.45769564  0.89257859 -0.48831911 -0.48831911 -0.48831911
 -0.48831911 -0.48831911  1.84377451 -0.48831911 -0.48831911 -0.48831911
 -0.48831911 -0.48831911 -0.48831911  1.06922731 -0.48831911 -0.48831911
 -0.48831911 -0.48831911 -0.48831911 -0.48831911  1.84377451 -0.48831911
 -0.48831911 -0.48831911  1.19603803 -0.48831911  3.26396934 -0.48831911
 -0.48831911 -0.48831911 -0.48831911  2.58946603 -0.48831911 -0.48831911
 -0.48831911 -0.48831911 -0.48831911 -0.48831911  1.99562905 -0.48831911
 -0.48831911 -0.48831911 -0.48831911  1.29503085 -0.48831911 -0.48831911
 -0.48831911 -0.48831911  1.50486203 -0.48831911  1.68689761 -0.48831911
  3.11035915 -0.48831911 -0.48831911 -0.48831911  0.44580733 -0.48831911
 -0.48831911 -0.48831911 -0.48831911 -0.48831911 -0.48831911 -0.48831911
 -0.48831911 -0.48831911  1.19603803  1.71122344 -0.48831911 -0.48831911
 -0.48831911 -0.48831911 -0.48831911 -0.48831911 -0.48831911  0.03553606
 -0.48831911  0.3243655  -0.48831911 -0.48831911 -0.48831911  1.64777269
 -0.48831911 -0.48831911 -0.48831911  0.30762677 -0.48831911 -0.48831911
  2.46833389  1.19603803 -0.48831911 -0.48831911 -0.48831911 -0.48831911
 -0.48831911  0.83508808 -0.48831911 -0.48831911 -0.48831911  1.47596259
 -0.48831911  1.64777269 -0.48831911 -0.48831911  1.69922359 -0.48831911
 -0.48831911 -0.48831911 -0.12050719 -0.48831911 -0.48831911 -0.48831911
  1.24442147 -0.48831911 -0.0951616  -0.48831911  0.17676434 -0.48831911
 -0.48831911 -0.48831911 -0.48831911 -0.48831911  0.7040206   2.27689172
 -0.48831911 -0.48831911 -0.48831911 -0.48831911  3.24323323  2.73366332
  1.19603803 -0.48831911 -0.48831911  1.19603803 -0.48831911  0.67505962
 -0.48831911 -0.48831911 -0.48831911 -0.48831911 -0.48831911  1.68689761
 -0.48831911 -0.48831911 -0.48831911 -0.48831911 -0.48831911 -0.48831911
 -0.48831911 -0.48831911 -0.48831911 -0.48831911 -0.48831911  0.98944895
 -0.48831911 -0.48831911 -0.48831911 -0.48831911  1.86324394 -0.48831911
 -0.48831911  1.53857502 -0.48831911 -0.48831911 -0.48831911 -0.48831911
 -0.48831911 -0.48831911  2.90575543 -0.48831911 -0.48831911 -0.48831911
 -0.48831911 -0.48831911 -0.48831911 -0.48831911  2.9825224  -0.48831911
 -0.48831911 -0.48831911 -0.48831911 -0.48831911 -0.48831911 -0.48831911
 -0.48831911  2.15683567 -0.48831911 -0.48831911 -0.48831911 -0.48831911
 -0.48831911 -0.48831911 -0.48831911  1.55766204 -0.48831911 -0.48831911
 -0.48831911 -0.48831911 -0.48831911  0.48234624]",[0.079269756275058]
0,"[-0.40184648 -0.40184648 -0.40184648 -0.40184648 -0.40184648 -0.40184648
  0.66724514 -0.40184648  1.82719475 -0.40184648 -0.40184648 -0.40184648
 -0.40184648 -0.40184648 -0.40184648 -0.40184648 -0.40184648 -0.40184648
 -0.40184648 -0.40184648  5.03747273  2.18085459  4.19621358 -0.40184648
 -0.40184648  0.73308783 -0.40184648 -0.40184648  3.27222416 -0.40184648
 -0.40184648  2.09630826 -0.40184648 -0.40184648 -0.40184648 -0.40184648
 -0.40184648  2.52773345  1.30570941 -0.40184648  1.972854   -0.40184648
  4.43720585 -0.40184648 -0.40184648 -0.40184648 -0.40184648 -0.40184648
 -0.40184648 -0.40184648 -0.40184648 -0.40184648 -0.40184648  0.58236229
 -0.40184648 -0.40184648 -0.40184648 -0.40184648 -0.40184648 -0.40184648
 -0.40184648  1.08219664 -0.40184648 -0.40184648 -0.40184648 -0.40184648
 -0.40184648 -0.40184648 -0.40184648 -0.40184648 -0.40184648 -0.40184648
 -0.40184648 -0.40184648 -0.40184648 -0.40184648  1.54384809 -0.40184648
 -0.40184648 -0.40184648 -0.40184648 -0.40184648 -0.40184648 -0.40184648
 -0.40184648 -0.40184648 -0.40184648 -0.40184648  4.11673546 -0.40184648
 -0.40184648 -0.40184648 -0.40184648  0.86479884  1.73316304 -0.40184648
 -0.40184648 -0.40184648  1.0391393   2.06726207  1.926802   -0.40184648
 -0.40184648  3.64651349  3.62710096  2.79125987 -0.40184648 -0.40184648
  1.61569854 -0.40184648 -0.40184648  1.61569854 -0.40184648 -0.40184648
  1.6119805  -0.40184648 -0.40184648 -0.40184648 -0.40184648 -0.40184648
 -0.40184648 -0.40184648 -0.40184648 -0.40184648 -0.40184648  1.45910378
 -0.40184648 -0.40184648  1.26018333 -0.40184648 -0.40184648 -0.40184648
 -0.40184648 -0.40184648 -0.40184648  3.25514291 -0.40184648  0.47931281
 -0.40184648 -0.40184648 -0.40184648 -0.40184648 -0.40184648 -0.40184648
 -0.40184648 -0.40184648 -0.40184648 -0.00673308 -0.40184648 -0.40184648
  2.13863008 -0.40184648 -0.40184648 -0.40184648 -0.40184648 -0.40184648
 -0.40184648  0.91043188 -0.40184648 -0.40184648 -0.40184648  1.43531463
 -0.40184648  2.543639   -0.40184648 -0.40184648 -0.40184648 -0.40184648
 -0.40184648 -0.40184648 -0.40184648 -0.40184648 -0.40184648 -0.40184648
  1.50660967 -0.40184648  0.93526992 -0.40184648 -0.40184648 -0.40184648
 -0.40184648 -0.40184648 -0.40184648 -0.40184648 -0.40184648 -0.40184648
 -0.40184648 -0.40184648 -0.40184648 -0.40184648  1.87578141  1.08848649
 -0.40184648 -0.40184648 -0.40184648 -0.40184648 -0.40184648  0.81215526
 -0.40184648 -0.40184648 -0.40184648 -0.40184648 -0.40184648  2.8866425
 -0.40184648 -0.40184648 -0.40184648 -0.40184648  1.67806551 -0.40184648
 -0.40184648 -0.40184648 -0.40184648 -0.40184648 -0.40184648  1.0391393
 -0.40184648 -0.40184648 -0.40184648 -0.40184648 -0.40184648 -0.40184648
 -0.40184648 -0.40184648 -0.40184648 -0.40184648 -0.40184648 -0.40184648
 -0.40184648 -0.40184648 -0.40184648 -0.40184648 -0.40184648 -0.40184648
 -0.40184648 -0.40184648 -0.40184648 -0.40184648  1.78484754 -0.40184648
 -0.40184648 -0.40184648 -0.40184648 -0.40184648 -0.40184648 -0.40184648
 -0.40184648 -0.40184648 -0.40184648 -0.40184648 -0.40184648 -0.40184648
 -0.40184648 -0.40184648 -0.40184648 -0.40184648 -0.40184648 -0.40184648
 -0.40184648 -0.40184648 -0.40184648 -0.40184648]",[-0.08897665197745824]
0,"[-0.48684576 -0.48684576 -0.48684576 -0.48684576 -0.48684576 -0.48684576
  1.01658964 -0.48684576 -0.48684576  0.59339502 -0.48684576 -0.48684576
 -0.48684576 -0.48684576 -0.48684576 -0.48684576  2.14039046 -0.48684576
 -0.48684576 -0.48684576  4.43519333  2.58142308  3.5273929  -0.48684576
  1.30296512  0.59339502 -0.48684576  0.59339502 -0.48684576 -0.48684576
 -0.48684576 -0.48684576 -0.48684576 -0.48684576 -0.48684576 -0.48684576
 -0.48684576  2.90204214  2.59907648 -0.48684576 -0.48684576 -0.48684576
  3.80208155 -0.48684576 -0.48684576  1.77341572 -0.48684576  3.18046025
  2.51944427 -0.48684576 -0.48684576 -0.48684576  0.32033363  2.26081453
 -0.48684576 -0.48684576 -0.48684576 -0.48684576  0.26323257 -0.48684576
 -0.48684576  2.10179234 -0.48684576 -0.48684576 -0.48684576 -0.48684576
 -0.48684576 -0.48684576 -0.48684576 -0.48684576 -0.48684576 -0.48684576
  1.18610137 -0.48684576 -0.48684576  0.88469759 -0.48684576 -0.48684576
 -0.48684576 -0.48684576 -0.48684576 -0.48684576  1.18610137 -0.48684576
 -0.48684576 -0.48684576 -0.48684576 -0.48684576  2.65174088 -0.48684576
 -0.48684576 -0.48684576  1.17012468  2.48318155  1.49283336 -0.48684576
 -0.48684576 -0.48684576 -0.48684576 -0.48684576  1.86490052 -0.48684576
 -0.48684576 -0.48684576  2.63662941 -0.48684576 -0.48684576 -0.48684576
 -0.48684576 -0.48684576 -0.48684576 -0.48684576 -0.48684576 -0.48684576
  2.08251512  1.7094082  -0.48684576 -0.48684576  0.25677837 -0.14642101
 -0.48684576 -0.48684576 -0.48684576 -0.48684576 -0.48684576 -0.48684576
 -0.48684576 -0.48684576 -0.48684576  2.27295262 -0.48684576 -0.48684576
 -0.48684576 -0.48684576 -0.48684576  1.93815513  0.47463866  0.3037083
 -0.48684576  1.62599406 -0.48684576 -0.48684576 -0.48684576 -0.48684576
 -0.48684576 -0.48684576 -0.48684576  0.65952014 -0.48684576 -0.48684576
  1.9241417  -0.48684576 -0.48684576 -0.48684576 -0.48684576 -0.48684576
 -0.48684576  1.7425478  -0.48684576 -0.48684576  1.25001792  2.17837604
 -0.48684576  1.85505323 -0.48684576  1.97458533 -0.48684576 -0.48684576
  2.54705679  1.43347191  0.21509122 -0.48684576 -0.48684576 -0.48684576
  1.5675636  -0.48684576  0.30719873  1.46412968  0.65695028 -0.48684576
 -0.48684576 -0.48684576 -0.48684576 -0.48684576  0.26323257 -0.48684576
 -0.48684576 -0.48684576  1.77341572 -0.48684576 -0.48684576  1.84341689
  1.77341572 -0.48684576 -0.48684576 -0.48684576 -0.48684576 -0.48684576
 -0.48684576 -0.48684576 -0.48684576 -0.48684576 -0.48684576  0.88469759
 -0.48684576 -0.48684576 -0.48684576 -0.48684576 -0.48684576 -0.48684576
 -0.48684576 -0.48684576 -0.48684576 -0.48684576 -0.48684576 -0.48684576
 -0.48684576 -0.48684576 -0.48684576 -0.48684576  0.4772442  -0.48684576
 -0.48684576 -0.48684576 -0.48684576 -0.48684576 -0.48684576 -0.48684576
 -0.48684576 -0.48684576  1.10615854 -0.48684576 -0.48684576 -0.48684576
 -0.48684576  1.82945001 -0.48684576 -0.48684576  2.7861969  -0.48684576
 -0.48684576 -0.48684576 -0.48684576 -0.48684576 -0.48684576 -0.48684576
 -0.48684576 -0.48684576 -0.48684576 -0.48684576 -0.48684576 -0.48684576
 -0.48684576 -0.48684576 -0.48684576 -0.48684576 -0.48684576 -0.48684576
 -0.48684576 -0.48684576 -0.48684576  0.7621927 ]",[-0.1916115931110316]
0,"[-0.06189845 -0.06189845 -0.06189845 -0.06189845 -0.06189845 -0.06189845
 -0.06189845 -0.06189845 -0.06189845 -0.06189845 -0.06189845 -0.06189845
 -0.06189845 -0.06189845 -0.06189845 -0.06189845 -0.06189845 -0.06189845
 -0.06189845 -0.06189845 -0.06189845 -0.06189845 -0.06189845 -0.06189845
 -0.06189845 -0.06189845 -0.06189845 -0.06189845 -0.06189845 -0.06189845
 -0.06189845 -0.06189845 -0.06189845 -0.06189845 -0.06189845 -0.06189845
 -0.06189845 -0.06189845 -0.06189845 -0.06189845 -0.06189845 -0.06189845
 -0.06189845 -0.06189845 -0.06189845 -0.06189845 -0.06189845 -0.06189845
 -0.06189845 -0.06189845 -0.06189845 -0.06189845 -0.06189845 -0.06189845
 -0.06189845 -0.06189845 -0.06189845 -0.06189845 -0.06189845 -0.06189845
 -0.06189845 16.15549442 -0.06189845 -0.06189845 -0.06189845 -0.06189845
 -0.06189845 -0.06189845 -0.06189845 -0.06189845 -0.06189845 -0.06189845
 -0.06189845 -0.06189845 -0.06189845 -0.06189845 -0.06189845 -0.06189845
 -0.06189845 -0.06189845 -0.06189845 -0.06189845 -0.06189845 -0.06189845
 -0.06189845 -0.06189845 -0.06189845 -0.06189845 -0.06189845 -0.06189845
 -0.06189845 -0.06189845 -0.06189845 -0.06189845 -0.06189845 -0.06189845
 -0.06189845 -0.06189845 -0.06189845 -0.06189845 -0.06189845 -0.06189845
 -0.06189845 -0.06189845 -0.06189845 -0.06189845 -0.06189845 -0.06189845
 -0.06189845 -0.06189845 -0.06189845 -0.06189845 -0.06189845 -0.06189845
 -0.06189845 -0.06189845 -0.06189845 -0.06189845 -0.06189845 -0.06189845
 -0.06189845 -0.06189845 -0.06189845 -0.06189845 -0.06189845 -0.06189845
 -0.06189845 -0.06189845 -0.06189845 -0.06189845 -0.06189845 -0.06189845
 -0.06189845 -0.06189845 -0.06189845 -0.06189845 -0.06189845 -0.06189845
 -0.06189845 -0.06189845 -0.06189845 -0.06189845 -0.06189845 -0.06189845
 -0.06189845 -0.06189845 -0.06189845 -0.06189845 -0.06189845 -0.06189845
 -0.06189845 -0.06189845 -0.06189845 -0.06189845 -0.06189845 -0.06189845
 -0.06189845 -0.06189845 -0.06189845 -0.06189845 -0.06189845 -0.06189845
 -0.06189845 -0.06189845 -0.06189845 -0.06189845 -0.06189845 -0.06189845
 -0.06189845 -0.06189845 -0.06189845 -0.06189845 -0.06189845 -0.06189845
 -0.06189845 -0.06189845 -0.06189845 -0.06189845 -0.06189845 -0.06189845
 -0.06189845 -0.06189845 -0.06189845 -0.06189845 -0.06189845 -0.06189845
 -0.06189845 -0.06189845 -0.06189845 -0.06189845 -0.06189845 -0.06189845
 -0.06189845 -0.06189845 -0.06189845 -0.06189845 -0.06189845 -0.06189845
 -0.06189845 -0.06189845 -0.06189845 -0.06189845 -0.06189845 -0.06189845
 -0.06189845 -0.06189845 -0.06189845 -0.06189845 -0.06189845 -0.06189845
 -0.06189845 -0.06189845 -0.06189845 -0.06189845 -0.06189845 -0.06189845
 -0.06189845 -0.06189845 -0.06189845 -0.06189845 -0.06189845 -0.06189845
 -0.06189845 -0.06189845 -0.06189845 -0.06189845 -0.06189845 -0.06189845
 -0.06189845 -0.06189845 -0.06189845 -0.06189845 -0.06189845 -0.06189845
 -0.06189845 -0.06189845 -0.06189845 -0.06189845 -0.06189845 -0.06189845
 -0.06189845 -0.06189845 -0.06189845 -0.06189845 -0.06189845 -0.06189845
 -0.06189845 -0.06189845 -0.06189845 -0.06189845 -0.06189845 -0.06189845
 -0.06189845 -0.06189845 -0.06189845 -0.06189845 -0.06189845 -0.06189845
 -0.06189845 -0.06189845 -0.06189845 -0.06189845]",[-0.3107979433736531]
0,"[-0.32049064  1.61564093 -0.32049064 -0.32049064 -0.32049064 -0.32049064
 -0.32049064 -0.32049064 -0.32049064 -0.32049064 -0.32049064 -0.32049064
 -0.32049064 -0.32049064 -0.32049064 -0.32049064 -0.32049064 -0.32049064
 -0.32049064 -0.32049064  6.44840926 -0.32049064  3.14055685 -0.32049064
 -0.32049064 -0.32049064 -0.32049064 -0.32049064  1.44270759 -0.32049064
 -0.32049064 -0.32049064 -0.32049064 -0.32049064 -0.32049064 -0.32049064
 -0.32049064  1.70933051  2.12637583 -0.32049064 -0.32049064 -0.32049064
 -0.32049064 -0.32049064 -0.32049064 -0.32049064 -0.32049064 -0.32049064
 -0.32049064 -0.32049064 -0.32049064 -0.32049064 -0.32049064  0.96086545
 -0.32049064 -0.32049064 -0.32049064 -0.32049064 -0.32049064 -0.32049064
 -0.32049064  2.27257581 -0.32049064 -0.32049064 -0.32049064 -0.32049064
 -0.32049064 -0.32049064 -0.32049064 -0.32049064 -0.32049064 -0.32049064
 -0.32049064 -0.32049064 -0.32049064 -0.32049064  2.87019496 -0.32049064
 -0.32049064 -0.32049064 -0.32049064 -0.32049064 -0.32049064 -0.32049064
 -0.32049064 -0.32049064 -0.32049064 -0.32049064  2.39031516 -0.32049064
 -0.32049064 -0.32049064  1.89196766 -0.32049064  2.87019496 -0.32049064
 -0.32049064 -0.32049064  2.11429302 -0.32049064 -0.32049064 -0.32049064
 -0.32049064 -0.32049064 -0.32049064 -0.32049064 -0.32049064 -0.32049064
 -0.32049064 -0.32049064 -0.32049064 -0.32049064 -0.32049064 -0.32049064
  2.62140386 -0.32049064 -0.32049064 -0.32049064 -0.32049064 -0.32049064
 -0.32049064  1.20442528 -0.32049064 -0.32049064 -0.32049064 -0.32049064
 -0.32049064  4.89799367  2.7293412   5.30635045 -0.32049064 -0.32049064
 -0.32049064 -0.32049064 -0.32049064 -0.32049064  0.41057169 -0.32049064
 -0.32049064 -0.32049064 -0.32049064 -0.32049064 -0.32049064 -0.32049064
 -0.32049064 -0.32049064 -0.32049064 -0.32049064 -0.32049064 -0.32049064
 -0.32049064 -0.32049064 -0.32049064 -0.32049064 -0.32049064 -0.32049064
 -0.32049064  1.80984513 -0.32049064 -0.32049064 -0.32049064 -0.32049064
 -0.32049064 -0.32049064 -0.32049064 -0.32049064 -0.32049064 -0.32049064
 -0.32049064 -0.32049064 -0.32049064 -0.32049064 -0.32049064 -0.32049064
  0.85847173 -0.32049064 -0.32049064 -0.32049064  0.61201078 -0.32049064
 -0.32049064 -0.32049064 -0.32049064 -0.32049064 -0.32049064 -0.32049064
 -0.32049064 -0.32049064 -0.32049064 -0.32049064  2.43079769  2.33265945
 -0.32049064 -0.32049064 -0.32049064 -0.32049064  3.01963662  2.17991193
 -0.32049064 -0.32049064 -0.32049064 -0.32049064 -0.32049064 -0.32049064
 -0.32049064 -0.32049064 -0.32049064 -0.32049064 -0.32049064 -0.32049064
 -0.32049064 -0.32049064 -0.32049064 -0.32049064 -0.32049064 -0.32049064
 -0.32049064 -0.32049064 -0.32049064 -0.32049064 -0.32049064 -0.32049064
 -0.32049064 -0.32049064 -0.32049064 -0.32049064 -0.32049064 -0.32049064
 -0.32049064 -0.32049064  1.20442528 -0.32049064 -0.32049064 -0.32049064
 -0.32049064  1.86331689 -0.32049064 -0.32049064  5.54807218 -0.32049064
 -0.32049064 -0.32049064 -0.32049064 -0.32049064 -0.32049064 -0.32049064
 -0.32049064 -0.32049064 -0.32049064 -0.32049064 -0.32049064 -0.32049064
 -0.32049064 -0.32049064 -0.32049064 -0.32049064 -0.32049064 -0.32049064
 -0.32049064  1.61564093 -0.32049064  1.53503454]",[-0.07850135856654922]
0,"[-0.3919664   1.94903604 -0.3919664   0.23692378 -0.3919664  -0.3919664
 -0.3919664  -0.3919664  -0.3919664  -0.3919664  -0.3919664  -0.3919664
 -0.3919664  -0.3919664  -0.3919664  -0.3919664  -0.3919664  -0.3919664
 -0.3919664  -0.3919664   5.48972192  2.81081953 -0.3919664  -0.3919664
 -0.3919664  -0.3919664  -0.3919664  -0.3919664  -0.3919664  -0.3919664
 -0.3919664   1.75646034 -0.3919664  -0.3919664   1.39733333  0.76844315
 -0.3919664  -0.3919664   2.66645805 -0.3919664  -0.3919664  -0.3919664
  2.6086914  -0.3919664  -0.3919664   1.94903604 -0.3919664   0.72665984
 -0.3919664  -0.3919664  -0.3919664  -0.3919664   0.54425672 -0.3919664
 -0.3919664  -0.3919664  -0.3919664  -0.3919664  -0.3919664  -0.3919664
 -0.3919664   2.46297336 -0.3919664   2.62020515 -0.3919664  -0.3919664
 -0.3919664  -0.3919664  -0.3919664  -0.3919664  -0.3919664  -0.3919664
 -0.3919664  -0.3919664  -0.3919664  -0.3919664  -0.3919664  -0.3919664
 -0.3919664  -0.3919664  -0.3919664  -0.3919664  -0.3919664  -0.3919664
 -0.3919664  -0.3919664  -0.3919664  -0.3919664   2.91999916 -0.3919664
 -0.3919664  -0.3919664  -0.3919664   2.86490805 -0.3919664  -0.3919664
 -0.3919664  -0.3919664  -0.3919664  -0.3919664  -0.3919664  -0.3919664
 -0.3919664  -0.3919664   2.19443981  3.6836375  -0.3919664  -0.3919664
 -0.3919664  -0.3919664  -0.3919664  -0.3919664  -0.3919664  -0.3919664
  2.84549091 -0.3919664   4.03891232 -0.3919664  -0.3919664  -0.175228
 -0.3919664  -0.3919664  -0.3919664  -0.3919664  -0.3919664   1.67997961
 -0.3919664  -0.3919664  -0.3919664  -0.3919664  -0.3919664  -0.3919664
 -0.3919664  -0.3919664  -0.3919664   1.94903604  0.33320452  1.22002709
 -0.3919664   1.81869882 -0.3919664  -0.3919664  -0.3919664  -0.3919664
 -0.3919664  -0.3919664  -0.3919664   0.57177466 -0.3919664   1.36095012
 -0.3919664  -0.3919664  -0.3919664  -0.3919664  -0.3919664  -0.3919664
 -0.3919664   1.98641003 -0.3919664  -0.3919664  -0.3919664  -0.3919664
 -0.3919664  -0.3919664  -0.3919664  -0.3919664   2.14259137 -0.3919664
 -0.3919664  -0.3919664  -0.3919664  -0.3919664  -0.3919664  -0.3919664
  1.14374483 -0.3919664   0.46870526 -0.3919664   0.50992144 -0.3919664
  1.28004151  1.64747394 -0.3919664  -0.3919664  -0.3919664  -0.3919664
 -0.3919664  -0.3919664   1.94903604 -0.3919664  -0.3919664   1.33730015
 -0.3919664  -0.3919664   1.58684048 -0.3919664   3.65323201  3.0519702
 -0.3919664  -0.3919664  -0.3919664  -0.3919664  -0.3919664   2.49250658
 -0.3919664  -0.3919664  -0.3919664  -0.3919664  -0.3919664  -0.3919664
 -0.3919664  -0.3919664  -0.3919664  -0.3919664  -0.3919664  -0.3919664
 -0.3919664  -0.3919664  -0.3919664  -0.3919664  -0.3919664  -0.3919664
 -0.3919664  -0.3919664  -0.3919664  -0.3919664  -0.3919664  -0.3919664
 -0.3919664  -0.3919664  -0.3919664  -0.3919664  -0.3919664  -0.3919664
 -0.3919664   1.28004151 -0.3919664  -0.3919664   4.70108839 -0.3919664
 -0.3919664  -0.3919664  -0.3919664  -0.3919664  -0.3919664  -0.3919664
 -0.3919664  -0.3919664  -0.3919664  -0.3919664  -0.3919664  -0.3919664
 -0.3919664  -0.3919664  -0.3919664  -0.3919664  -0.3919664  -0.3919664
 -0.3919664  -0.3919664  -0.3919664   0.92492317]",[-0.047966999690504]
0,"[-0.22484836 -0.22484836 -0.22484836  0.89781027 -0.22484836 -0.22484836
  1.85545778 -0.22484836 -0.22484836 -0.22484836 -0.22484836 -0.22484836
 -0.22484836 -0.22484836 -0.22484836 -0.22484836  3.99085636 -0.22484836
 -0.22484836 -0.22484836  7.64974324 -0.22484836  3.5286625  -0.22484836
 -0.22484836  1.89639213 -0.22484836 -0.22484836 -0.22484836 -0.22484836
 -0.22484836 -0.22484836 -0.22484836 -0.22484836 -0.22484836 -0.22484836
 -0.22484836 -0.22484836 -0.22484836 -0.22484836 -0.22484836 -0.22484836
  2.42221066 -0.22484836 -0.22484836 -0.22484836 -0.22484836 -0.22484836
 -0.22484836 -0.22484836 -0.22484836 -0.22484836 -0.22484836 -0.22484836
 -0.22484836 -0.22484836 -0.22484836 -0.22484836 -0.22484836 -0.22484836
 -0.22484836 -0.22484836 -0.22484836 -0.22484836 -0.22484836 -0.22484836
 -0.22484836 -0.22484836 -0.22484836 -0.22484836 -0.22484836 -0.22484836
 -0.22484836 -0.22484836 -0.22484836 -0.22484836 -0.22484836 -0.22484836
 -0.22484836 -0.22484836 -0.22484836 -0.22484836  3.02122526 -0.22484836
 -0.22484836 -0.22484836 -0.22484836 -0.22484836 -0.22484836 -0.22484836
 -0.22484836 -0.22484836 -0.22484836 -0.22484836 -0.22484836 -0.22484836
 -0.22484836 -0.22484836 -0.22484836 -0.22484836 -0.22484836 -0.22484836
 -0.22484836 -0.22484836 -0.22484836 -0.22484836 -0.22484836 -0.22484836
 -0.22484836 -0.22484836 -0.22484836 -0.22484836 -0.22484836 -0.22484836
  4.55115378 -0.22484836  7.38590387 -0.22484836 -0.22484836 -0.22484836
 -0.22484836 -0.22484836 -0.22484836  1.39818845 -0.22484836 -0.22484836
 -0.22484836 -0.22484836 -0.22484836 -0.22484836 -0.22484836 -0.22484836
 -0.22484836 -0.22484836 -0.22484836 -0.22484836 -0.22484836 -0.22484836
 -0.22484836 -0.22484836 -0.22484836 -0.22484836 -0.22484836 -0.22484836
 -0.22484836 -0.22484836 -0.22484836 -0.22484836 -0.22484836 -0.22484836
 -0.22484836 -0.22484836 -0.22484836 -0.22484836 -0.22484836 -0.22484836
 -0.22484836 -0.22484836 -0.22484836 -0.22484836 -0.22484836 -0.22484836
 -0.22484836 -0.22484836 -0.22484836 -0.22484836 -0.22484836 -0.22484836
 -0.22484836 -0.22484836 -0.22484836 -0.22484836 -0.22484836 -0.22484836
 -0.22484836 -0.22484836 -0.22484836 -0.22484836 -0.22484836 -0.22484836
 -0.22484836 -0.22484836 -0.22484836 -0.22484836 -0.22484836 -0.22484836
 -0.22484836  2.02406694 -0.22484836 -0.22484836 -0.22484836  5.0575588
 -0.22484836 -0.22484836 -0.22484836 -0.22484836 -0.22484836 -0.22484836
 -0.22484836 -0.22484836 -0.22484836 -0.22484836 -0.22484836 -0.22484836
 -0.22484836 -0.22484836 -0.22484836 -0.22484836 -0.22484836 -0.22484836
 -0.22484836 -0.22484836 -0.22484836 -0.22484836 -0.22484836 -0.22484836
 -0.22484836 -0.22484836  2.38719577 -0.22484836 -0.22484836  2.92389047
 -0.22484836 -0.22484836 -0.22484836 -0.22484836 -0.22484836 -0.22484836
 -0.22484836 -0.22484836 -0.22484836 -0.22484836 -0.22484836 -0.22484836
 -0.22484836 -0.22484836 -0.22484836 -0.22484836  4.32238063 -0.22484836
 -0.22484836 -0.22484836 -0.22484836 -0.22484836 -0.22484836 -0.22484836
 -0.22484836 -0.22484836 -0.22484836 -0.22484836 -0.22484836 -0.22484836
 -0.22484836 -0.22484836 -0.22484836 -0.22484836 -0.22484836 -0.22484836
 -0.22484836 -0.22484836 -0.22484836 -0.22484836]",[-0.04433969663888729]
0,"[-0.30059923 -0.30059923 -0.30059923 -0.30059923 -0.30059923 -0.30059923
  1.42707774 -0.30059923 -0.30059923 -0.30059923 -0.30059923 -0.30059923
 -0.30059923 -0.30059923 -0.30059923 -0.30059923  3.06412726 -0.30059923
 -0.30059923 -0.30059923  6.14283494 -0.30059923  4.01258004 -0.30059923
 -0.30059923  0.59894605 -0.30059923 -0.30059923  3.63483301 -0.30059923
 -0.30059923 -0.30059923 -0.30059923 -0.30059923 -0.30059923 -0.30059923
 -0.30059923 -0.30059923 -0.30059923 -0.30059923 -0.30059923 -0.30059923
  4.0152861  -0.30059923 -0.30059923 -0.30059923 -0.30059923 -0.30059923
 -0.30059923 -0.30059923 -0.30059923 -0.30059923 -0.30059923 -0.30059923
 -0.30059923 -0.30059923 -0.30059923 -0.30059923 -0.30059923 -0.30059923
 -0.30059923 -0.30059923 -0.30059923 -0.30059923 -0.30059923 -0.30059923
 -0.30059923 -0.30059923  1.52388668 -0.30059923 -0.30059923 -0.30059923
 -0.30059923 -0.30059923 -0.30059923 -0.30059923 -0.30059923 -0.30059923
 -0.30059923 -0.30059923 -0.30059923 -0.30059923 -0.30059923 -0.30059923
 -0.30059923 -0.30059923 -0.30059923 -0.30059923  3.54293869 -0.30059923
 -0.30059923 -0.30059923 -0.30059923  1.66240818 -0.30059923 -0.30059923
 -0.30059923 -0.30059923 -0.30059923 -0.30059923 -0.30059923 -0.30059923
 -0.30059923  3.14359969 -0.30059923 -0.30059923 -0.30059923  1.56710625
 -0.30059923 -0.30059923  1.56710625 -0.30059923 -0.30059923 -0.30059923
  4.16472007 -0.30059923  4.01798029 -0.30059923 -0.30059923 -0.30059923
 -0.30059923 -0.30059923 -0.30059923 -0.30059923 -0.30059923 -0.30059923
 -0.30059923 -0.30059923  2.19560296  2.18680131 -0.30059923  3.98484185
 -0.30059923 -0.30059923 -0.30059923 -0.30059923 -0.30059923 -0.30059923
 -0.30059923 -0.30059923 -0.30059923 -0.30059923 -0.30059923 -0.30059923
 -0.30059923 -0.30059923 -0.30059923 -0.30059923 -0.30059923 -0.30059923
 -0.30059923  1.65748469 -0.30059923 -0.30059923 -0.30059923 -0.30059923
 -0.30059923 -0.30059923 -0.30059923 -0.30059923 -0.30059923 -0.30059923
 -0.30059923  3.22709836 -0.30059923 -0.30059923 -0.30059923 -0.30059923
 -0.30059923 -0.30059923 -0.30059923 -0.30059923 -0.30059923 -0.30059923
 -0.30059923 -0.30059923 -0.30059923 -0.30059923 -0.30059923 -0.30059923
 -0.30059923 -0.30059923 -0.30059923 -0.30059923 -0.30059923 -0.30059923
 -0.30059923 -0.30059923 -0.30059923 -0.30059923 -0.30059923  3.64479207
 -0.30059923 -0.30059923 -0.30059923 -0.30059923 -0.30059923 -0.30059923
 -0.30059923 -0.30059923 -0.30059923 -0.30059923 -0.30059923  2.53061193
 -0.30059923 -0.30059923 -0.30059923 -0.30059923 -0.30059923 -0.30059923
 -0.30059923 -0.30059923 -0.30059923 -0.30059923 -0.30059923 -0.30059923
  1.97754424 -0.30059923 -0.30059923 -0.30059923  2.19560296 -0.30059923
 -0.30059923 -0.30059923 -0.30059923 -0.30059923 -0.30059923 -0.30059923
 -0.30059923 -0.30059923 -0.30059923 -0.30059923 -0.30059923 -0.30059923
 -0.30059923 -0.30059923 -0.30059923 -0.30059923  3.55620641 -0.30059923
 -0.30059923 -0.30059923 -0.30059923 -0.30059923 -0.30059923 -0.30059923
 -0.30059923 -0.30059923 -0.30059923 -0.30059923 -0.30059923 -0.30059923
 -0.30059923 -0.30059923 -0.30059923 -0.30059923 -0.30059923 -0.30059923
 -0.30059923 -0.30059923 -0.30059923 -0.30059923]",[-2.2937894487683277]
0,"[-0.3335682  -0.3335682  -0.3335682  -0.3335682  -0.3335682  -0.3335682
 -0.3335682   3.01514781 -0.3335682  -0.3335682  -0.3335682  -0.3335682
 -0.3335682  -0.3335682  -0.3335682  -0.3335682  -0.3335682  -0.3335682
 -0.3335682  -0.3335682   5.23878902  2.39678118 -0.3335682  -0.3335682
 -0.3335682  -0.3335682  -0.3335682  -0.3335682  -0.3335682  -0.3335682
 -0.3335682  -0.3335682  -0.3335682  -0.3335682  -0.3335682  -0.3335682
 -0.3335682  -0.3335682   0.48146152 -0.3335682  -0.3335682  -0.3335682
 -0.3335682  -0.3335682  -0.3335682  -0.3335682  -0.3335682  -0.3335682
 -0.3335682  -0.3335682  -0.3335682  -0.3335682   1.55294877 -0.3335682
 -0.3335682  -0.3335682  -0.3335682  -0.3335682  -0.3335682  -0.3335682
 -0.3335682  -0.3335682  -0.3335682  -0.3335682  -0.3335682  -0.3335682
 -0.3335682  -0.3335682  -0.3335682  -0.3335682  -0.3335682  -0.3335682
 -0.3335682  -0.3335682  -0.3335682  -0.3335682  -0.3335682  -0.3335682
 -0.3335682  -0.3335682  -0.3335682  -0.3335682  -0.3335682  -0.3335682
 -0.3335682  -0.3335682  -0.3335682  -0.3335682   3.27374279 -0.3335682
 -0.3335682  -0.3335682  -0.3335682   2.44428087 -0.3335682  -0.3335682
 -0.3335682  -0.3335682  -0.3335682  -0.3335682  -0.3335682  -0.3335682
 -0.3335682  -0.3335682  -0.3335682   2.68901707 -0.3335682   2.68901707
 -0.3335682  -0.3335682   1.51921634 -0.3335682  -0.3335682  -0.3335682
  2.8138628  -0.3335682   3.55338176 -0.3335682  -0.3335682   0.0741471
 -0.3335682  -0.3335682  -0.3335682  -0.3335682  -0.3335682   3.63113881
 -0.3335682  -0.3335682  -0.3335682   3.79998755  2.47124567 -0.3335682
 -0.3335682  -0.3335682  -0.3335682  -0.3335682  -0.3335682   1.91434592
 -0.3335682  -0.3335682  -0.3335682  -0.3335682  -0.3335682   1.46704595
 -0.3335682  -0.3335682  -0.3335682  -0.3335682  -0.3335682  -0.3335682
 -0.3335682  -0.3335682   1.42431572 -0.3335682  -0.3335682  -0.3335682
 -0.3335682  -0.3335682  -0.3335682  -0.3335682  -0.3335682  -0.3335682
 -0.3335682   3.19663732 -0.3335682  -0.3335682  -0.3335682  -0.3335682
 -0.3335682  -0.3335682  -0.3335682  -0.3335682  -0.3335682  -0.3335682
 -0.3335682  -0.3335682  -0.3335682  -0.3335682  -0.3335682  -0.3335682
 -0.3335682  -0.3335682  -0.3335682  -0.3335682  -0.3335682  -0.3335682
 -0.3335682   3.11650133 -0.3335682  -0.3335682   1.63377897  4.03135002
 -0.3335682  -0.3335682   1.61049558  3.58303875 -0.3335682   3.04374659
 -0.3335682  -0.3335682  -0.3335682  -0.3335682  -0.3335682  -0.3335682
 -0.3335682  -0.3335682  -0.3335682  -0.3335682  -0.3335682  -0.3335682
 -0.3335682  -0.3335682   1.38857131 -0.3335682  -0.3335682  -0.3335682
 -0.3335682  -0.3335682  -0.3335682  -0.3335682  -0.3335682  -0.3335682
 -0.3335682  -0.3335682  -0.3335682  -0.3335682  -0.3335682  -0.3335682
 -0.3335682  -0.3335682  -0.3335682  -0.3335682  -0.3335682  -0.3335682
 -0.3335682  -0.3335682  -0.3335682  -0.3335682   3.98531321 -0.3335682
  2.74566449 -0.3335682  -0.3335682  -0.3335682  -0.3335682  -0.3335682
 -0.3335682  -0.3335682  -0.3335682  -0.3335682  -0.3335682  -0.3335682
 -0.3335682  -0.3335682  -0.3335682   2.60285142 -0.3335682  -0.3335682
 -0.3335682  -0.3335682  -0.3335682  -0.3335682 ]",[-0.004831419601568798]
0,"[-0.18180399 -0.18180399 -0.18180399  1.43701207 -0.18180399 -0.18180399
 -0.18180399 -0.18180399 -0.18180399 -0.18180399 -0.18180399 -0.18180399
 -0.18180399 -0.18180399 -0.18180399 -0.18180399  4.84562025 -0.18180399
 -0.18180399 -0.18180399 10.28281208 -0.18180399  5.21079463 -0.18180399
 -0.18180399 -0.18180399 -0.18180399 -0.18180399 -0.18180399 -0.18180399
 -0.18180399 -0.18180399 -0.18180399 -0.18180399 -0.18180399 -0.18180399
 -0.18180399 -0.18180399 -0.18180399 -0.18180399 -0.18180399 -0.18180399
 -0.18180399 -0.18180399 -0.18180399 -0.18180399 -0.18180399 -0.18180399
 -0.18180399 -0.18180399 -0.18180399 -0.18180399 -0.18180399 -0.18180399
 -0.18180399 -0.18180399 -0.18180399 -0.18180399 -0.18180399 -0.18180399
  0.67413461 -0.18180399 -0.18180399 -0.18180399 -0.18180399 -0.18180399
 -0.18180399 -0.18180399 -0.18180399 -0.18180399 -0.18180399 -0.18180399
 -0.18180399 -0.18180399 -0.18180399 -0.18180399 -0.18180399 -0.18180399
 -0.18180399 -0.18180399 -0.18180399 -0.18180399 -0.18180399 -0.18180399
 -0.18180399 -0.18180399 -0.18180399 -0.18180399  4.77359181 -0.18180399
 -0.18180399 -0.18180399 -0.18180399  3.30572248 -0.18180399 -0.18180399
 -0.18180399 -0.18180399 -0.18180399 -0.18180399 -0.18180399 -0.18180399
 -0.18180399 -0.18180399 -0.18180399 -0.18180399 -0.18180399 -0.18180399
 -0.18180399 -0.18180399 -0.18180399 -0.18180399 -0.18180399 -0.18180399
  5.38640671 -0.18180399 -0.18180399 -0.18180399 -0.18180399 -0.18180399
 -0.18180399 -0.18180399 -0.18180399 -0.18180399 -0.18180399 -0.18180399
 -0.18180399 -0.18180399 -0.18180399 -0.18180399 -0.18180399 -0.18180399
 -0.18180399 -0.18180399 -0.18180399 -0.18180399 -0.18180399 -0.18180399
 -0.18180399 -0.18180399 -0.18180399 -0.18180399 -0.18180399  3.61318413
 -0.18180399 -0.18180399 -0.18180399 -0.18180399 -0.18180399 -0.18180399
 -0.18180399 -0.18180399 -0.18180399 -0.18180399 -0.18180399 -0.18180399
 -0.18180399 -0.18180399 -0.18180399 -0.18180399 -0.18180399 -0.18180399
 -0.18180399 -0.18180399 -0.18180399 -0.18180399 -0.18180399 -0.18180399
 -0.18180399 -0.18180399 -0.18180399 -0.18180399 -0.18180399 -0.18180399
 -0.18180399 -0.18180399 -0.18180399 -0.18180399 -0.18180399 -0.18180399
 -0.18180399 -0.18180399 -0.18180399 -0.18180399 -0.18180399 -0.18180399
 -0.18180399 -0.18180399 -0.18180399 -0.18180399 -0.18180399  2.60135913
 -0.18180399 -0.18180399 -0.18180399 -0.18180399 -0.18180399 -0.18180399
 -0.18180399 -0.18180399 -0.18180399 -0.18180399 -0.18180399 -0.18180399
 -0.18180399 -0.18180399 -0.18180399 -0.18180399 -0.18180399 -0.18180399
 -0.18180399 -0.18180399 -0.18180399 -0.18180399 -0.18180399 -0.18180399
 -0.18180399 -0.18180399 -0.18180399 -0.18180399 -0.18180399 -0.18180399
 -0.18180399 -0.18180399 -0.18180399 -0.18180399 -0.18180399 -0.18180399
 -0.18180399 -0.18180399 -0.18180399 -0.18180399 -0.18180399 -0.18180399
 -0.18180399 -0.18180399 -0.18180399 -0.18180399  3.50216319 -0.18180399
 -0.18180399 -0.18180399 -0.18180399 -0.18180399 -0.18180399 -0.18180399
 -0.18180399 -0.18180399 -0.18180399 -0.18180399 -0.18180399 -0.18180399
 -0.18180399 -0.18180399 -0.18180399 -0.18180399 -0.18180399 -0.18180399
 -0.18180399 -0.18180399 -0.18180399 -0.18180399]",[-0.08991316152344403]
0,"[-0.21945985 -0.21945985 -0.21945985 -0.21945985 -0.21945985 -0.21945985
  2.24981926 -0.21945985 -0.21945985 -0.21945985 -0.21945985 -0.21945985
 -0.21945985 -0.21945985 -0.21945985 -0.21945985 -0.21945985 -0.21945985
 -0.21945985 -0.21945985  7.19434868 -0.21945985 -0.21945985 -0.21945985
 -0.21945985 -0.21945985 -0.21945985 -0.21945985  1.68421659 -0.21945985
 -0.21945985 -0.21945985 -0.21945985 -0.21945985 -0.21945985 -0.21945985
 -0.21945985 -0.21945985 -0.21945985 -0.21945985 -0.21945985 -0.21945985
 -0.21945985 -0.21945985 -0.21945985 -0.21945985 -0.21945985 -0.21945985
  3.21868656 -0.21945985 -0.21945985 -0.21945985  0.33082605 -0.21945985
  2.02981332 -0.21945985 -0.21945985 -0.21945985 -0.21945985 -0.21945985
  0.53266119 -0.21945985 -0.21945985 -0.21945985 -0.21945985 -0.21945985
 -0.21945985 -0.21945985 -0.21945985 -0.21945985 -0.21945985 -0.21945985
 -0.21945985 -0.21945985 -0.21945985 -0.21945985 -0.21945985 -0.21945985
 -0.21945985 -0.21945985 -0.21945985 -0.21945985 -0.21945985 -0.21945985
 -0.21945985 -0.21945985 -0.21945985 -0.21945985  2.62547698 -0.21945985
 -0.21945985 -0.21945985 -0.21945985 -0.21945985 -0.21945985 -0.21945985
 -0.21945985 -0.21945985 -0.21945985 -0.21945985 -0.21945985 -0.21945985
 -0.21945985 -0.21945985 -0.21945985 -0.21945985 -0.21945985 -0.21945985
 -0.21945985 -0.21945985 -0.21945985 -0.21945985 -0.21945985 -0.21945985
  4.63240192 -0.21945985 -0.21945985 -0.21945985 -0.21945985 -0.21945985
 -0.21945985 -0.21945985 -0.21945985 -0.21945985 -0.21945985 -0.21945985
 -0.21945985 -0.21945985 -0.21945985 -0.21945985 -0.21945985  4.0479454
 -0.21945985 -0.21945985 -0.21945985 -0.21945985 -0.21945985 -0.21945985
 -0.21945985 -0.21945985 -0.21945985 -0.21945985 -0.21945985 -0.21945985
 -0.21945985 -0.21945985 -0.21945985 -0.21945985 -0.21945985 -0.21945985
 -0.21945985 -0.21945985 -0.21945985 -0.21945985 -0.21945985 -0.21945985
 -0.21945985 -0.21945985 -0.21945985 -0.21945985 -0.21945985 -0.21945985
 -0.21945985  3.76373222 -0.21945985 -0.21945985 -0.21945985 -0.21945985
 -0.21945985 -0.21945985 -0.21945985 -0.21945985 -0.21945985 -0.21945985
  0.73023733 -0.21945985 -0.21945985 -0.21945985 -0.21945985 -0.21945985
 -0.21945985 -0.21945985 -0.21945985 -0.21945985 -0.21945985 -0.21945985
 -0.21945985 -0.21945985 -0.21945985 -0.21945985 -0.21945985  8.11296567
 -0.21945985 -0.21945985 -0.21945985 -0.21945985 -0.21945985 -0.21945985
 -0.21945985 -0.21945985 -0.21945985 -0.21945985 -0.21945985 -0.21945985
 -0.21945985 -0.21945985 -0.21945985 -0.21945985 -0.21945985 -0.21945985
 -0.21945985 -0.21945985 -0.21945985 -0.21945985 -0.21945985 -0.21945985
 -0.21945985 -0.21945985  1.68421659 -0.21945985 -0.21945985 -0.21945985
 -0.21945985 -0.21945985 -0.21945985  2.50676452 -0.21945985 -0.21945985
 -0.21945985 -0.21945985 -0.21945985 -0.21945985 -0.21945985 -0.21945985
 -0.21945985 -0.21945985 -0.21945985 -0.21945985  5.91678732 -0.21945985
 -0.21945985 -0.21945985 -0.21945985 -0.21945985 -0.21945985 -0.21945985
 -0.21945985 -0.21945985 -0.21945985 -0.21945985 -0.21945985 -0.21945985
 -0.21945985 -0.21945985 -0.21945985  2.50676452 -0.21945985 -0.21945985
 -0.21945985 -0.21945985 -0.21945985 -0.21945985]",[-0.08913969974768857]
0,"[-0.36023146 -0.36023146 -0.36023146 -0.36023146 -0.36023146 -0.36023146
  0.67052445 -0.36023146 -0.36023146 -0.36023146 -0.36023146 -0.36023146
 -0.36023146  2.08147826  2.27869283 -0.36023146  2.71071512 -0.36023146
 -0.36023146  1.49857171  5.89222598  2.34351851  4.79136983 -0.36023146
 -0.36023146 -0.36023146 -0.36023146 -0.36023146 -0.36023146 -0.36023146
 -0.36023146 -0.36023146 -0.36023146 -0.36023146 -0.36023146 -0.36023146
 -0.36023146 -0.36023146 -0.36023146 -0.36023146 -0.36023146 -0.36023146
 -0.36023146 -0.36023146 -0.36023146 -0.36023146 -0.36023146 -0.36023146
 -0.36023146 -0.36023146 -0.36023146 -0.36023146  0.45391946  0.60964058
 -0.36023146 -0.36023146 -0.36023146 -0.36023146 -0.36023146 -0.36023146
 -0.36023146 -0.36023146 -0.36023146 -0.36023146 -0.36023146 -0.36023146
 -0.36023146 -0.36023146  1.59014746 -0.36023146 -0.36023146 -0.36023146
 -0.36023146 -0.36023146 -0.36023146 -0.36023146 -0.36023146  2.39031185
 -0.36023146 -0.36023146 -0.36023146 -0.36023146  1.86496768 -0.36023146
 -0.36023146 -0.36023146  1.28775603 -0.36023146  2.66209216 -0.36023146
 -0.36023146 -0.36023146  1.81172618 -0.36023146 -0.36023146 -0.36023146
 -0.36023146 -0.36023146  4.77949132 -0.36023146  2.81218805 -0.36023146
 -0.36023146 -0.36023146 -0.36023146 -0.36023146 -0.36023146  1.86496768
 -0.36023146 -0.36023146  3.07558425 -0.36023146 -0.36023146 -0.36023146
  3.55102329 -0.36023146 -0.36023146 -0.36023146  0.91119998 -0.04012829
 -0.36023146 -0.36023146 -0.36023146 -0.36023146 -0.36023146  1.28775603
 -0.36023146 -0.36023146  2.06639941  1.28775603 -0.36023146 -0.36023146
 -0.36023146 -0.36023146 -0.36023146 -0.36023146 -0.36023146  0.09164111
 -0.36023146 -0.36023146 -0.36023146 -0.36023146 -0.36023146  1.38828396
 -0.36023146 -0.36023146 -0.36023146 -0.36023146 -0.36023146 -0.36023146
 -0.36023146 -0.36023146 -0.36023146 -0.36023146 -0.36023146 -0.36023146
 -0.36023146 -0.36023146 -0.36023146 -0.36023146 -0.36023146 -0.36023146
 -0.36023146 -0.36023146 -0.36023146 -0.36023146  1.43699449 -0.36023146
 -0.36023146  1.67411489 -0.36023146 -0.36023146 -0.36023146 -0.36023146
 -0.36023146 -0.36023146 -0.36023146 -0.36023146 -0.36023146 -0.36023146
 -0.36023146 -0.36023146 -0.36023146 -0.36023146 -0.36023146 -0.36023146
 -0.36023146 -0.36023146 -0.36023146 -0.36023146  3.80248878  2.81100048
 -0.36023146 -0.36023146 -0.36023146 -0.36023146 -0.36023146 -0.36023146
 -0.36023146 -0.36023146 -0.36023146 -0.36023146 -0.36023146 -0.36023146
 -0.36023146 -0.36023146 -0.36023146 -0.36023146 -0.36023146 -0.36023146
 -0.36023146 -0.36023146 -0.36023146 -0.36023146 -0.36023146 -0.36023146
 -0.36023146 -0.36023146  2.67217245 -0.36023146  1.7121964  -0.36023146
 -0.36023146 -0.36023146 -0.36023146 -0.36023146 -0.36023146 -0.36023146
 -0.36023146 -0.36023146  0.60964058 -0.36023146 -0.36023146 -0.36023146
  3.16293854 -0.36023146 -0.36023146 -0.36023146  2.25977182 -0.36023146
 -0.36023146 -0.36023146 -0.36023146 -0.36023146 -0.36023146 -0.36023146
 -0.36023146 -0.36023146 -0.36023146 -0.36023146 -0.36023146 -0.36023146
 -0.36023146 -0.36023146 -0.36023146  2.53670737 -0.36023146 -0.36023146
 -0.36023146 -0.36023146 -0.36023146 -0.36023146]",[-0.04060263059107483]
0,"[-0.25265965 -0.25265965 -0.25265965 -0.25265965 -0.25265965 -0.25265965
  0.59409951 -0.25265965 -0.25265965 -0.25265965 -0.25265965 -0.25265965
 -0.25265965 -0.25265965 -0.25265965 -0.25265965 -0.25265965 -0.25265965
 -0.25265965 -0.25265965  5.28159613 -0.25265965 -0.25265965 -0.25265965
 -0.25265965 -0.25265965 -0.25265965 -0.25265965 -0.25265965 -0.25265965
 -0.25265965 -0.25265965 -0.25265965 -0.25265965 -0.25265965 -0.25265965
 -0.25265965 -0.25265965 -0.25265965 -0.25265965 -0.25265965 -0.25265965
 -0.25265965 -0.25265965 -0.25265965 -0.25265965 -0.25265965 -0.25265965
 -0.25265965 -0.25265965 -0.25265965 -0.25265965 -0.25265965 -0.25265965
 -0.25265965 -0.25265965 -0.25265965 -0.25265965 -0.25265965 -0.25265965
  0.45809116 -0.25265965 -0.25265965 -0.25265965 -0.25265965 -0.25265965
 -0.25265965 -0.25265965 -0.25265965 -0.25265965 -0.25265965 -0.25265965
 -0.25265965 -0.25265965 -0.25265965 -0.25265965 -0.25265965 -0.25265965
 -0.25265965 -0.25265965 -0.25265965 -0.25265965 -0.25265965 -0.25265965
 -0.25265965 -0.25265965 -0.25265965 -0.25265965 -0.25265965 -0.25265965
 -0.25265965 -0.25265965 -0.25265965 -0.25265965 -0.25265965 -0.25265965
 -0.25265965 -0.25265965 -0.25265965 -0.25265965 -0.25265965 -0.25265965
 -0.25265965 -0.25265965 -0.25265965 -0.25265965 -0.25265965 -0.25265965
 -0.25265965 -0.25265965 -0.25265965 -0.25265965 -0.25265965 -0.25265965
  2.63877517 -0.25265965 -0.25265965  1.41748335  2.72193618 -0.25265965
 -0.25265965 -0.25265965 -0.25265965  5.33484146 -0.25265965 -0.25265965
 -0.25265965  4.41843011  4.3546139   3.49661499 -0.25265965  1.90135368
 -0.25265965 -0.25265965 -0.25265965 -0.25265965  0.11054691 -0.25265965
 -0.25265965 -0.25265965 -0.25265965 -0.25265965 -0.25265965 -0.25265965
 -0.25265965 -0.25265965 -0.25265965 -0.25265965 -0.25265965 -0.25265965
 -0.25265965 -0.25265965 -0.25265965 -0.25265965 -0.25265965 -0.25265965
 -0.25265965 -0.25265965 -0.25265965 -0.25265965 -0.25265965 -0.25265965
 -0.25265965  2.68232934 -0.25265965 -0.25265965 -0.25265965 -0.25265965
 -0.25265965 -0.25265965 -0.25265965 -0.25265965 -0.25265965 -0.25265965
 -0.25265965 -0.25265965 -0.25265965 -0.25265965 -0.25265965 -0.25265965
 -0.25265965 -0.25265965 -0.25265965 -0.25265965 -0.25265965 -0.25265965
 -0.25265965 -0.25265965 -0.25265965 -0.25265965 -0.25265965  5.02530373
  2.5768359  -0.25265965 -0.25265965 -0.25265965 -0.25265965 -0.25265965
 -0.25265965 -0.25265965 -0.25265965 -0.25265965 -0.25265965 -0.25265965
 -0.25265965 -0.25265965 -0.25265965 -0.25265965 -0.25265965 -0.25265965
 -0.25265965  4.37943369 -0.25265965 -0.25265965 -0.25265965 -0.25265965
 -0.25265965 -0.25265965 -0.25265965 -0.25265965 -0.25265965 -0.25265965
 -0.25265965 -0.25265965 -0.25265965  4.09946993 -0.25265965 -0.25265965
 -0.25265965 -0.25265965  0.66711943 -0.25265965 -0.25265965 -0.25265965
 -0.25265965 -0.25265965 -0.25265965 -0.25265965  5.72341936 -0.25265965
 -0.25265965 -0.25265965 -0.25265965 -0.25265965 -0.25265965 -0.25265965
 -0.25265965 -0.25265965 -0.25265965 -0.25265965 -0.25265965 -0.25265965
 -0.25265965 -0.25265965 -0.25265965  3.26134257 -0.25265965 -0.25265965
 -0.25265965 -0.25265965 -0.25265965 -0.25265965]",[-0.06664261515206016]
0,"[-0.25281391 -0.25281391 -0.25281391 -0.25281391 -0.25281391 -0.25281391
  3.06301072 -0.25281391 -0.25281391 -0.25281391 -0.25281391 -0.25281391
 -0.25281391 -0.25281391 -0.25281391 -0.25281391  3.42257652 -0.25281391
 -0.25281391 -0.25281391  8.1554293  -0.25281391 -0.25281391 -0.25281391
 -0.25281391 -0.25281391 -0.25281391 -0.25281391 -0.25281391 -0.25281391
 -0.25281391 -0.25281391 -0.25281391 -0.25281391 -0.25281391 -0.25281391
 -0.25281391  2.17940749  1.5419178  -0.25281391 -0.25281391 -0.25281391
 -0.25281391 -0.25281391 -0.25281391 -0.25281391 -0.25281391 -0.25281391
 -0.25281391 -0.25281391 -0.25281391 -0.25281391 -0.25281391 -0.25281391
 -0.25281391 -0.25281391 -0.25281391 -0.25281391  0.96688158 -0.25281391
  1.20497909 -0.25281391 -0.25281391 -0.25281391 -0.25281391 -0.25281391
 -0.25281391 -0.25281391 -0.25281391 -0.25281391 -0.25281391 -0.25281391
 -0.25281391 -0.25281391 -0.25281391 -0.25281391 -0.25281391 -0.25281391
 -0.25281391 -0.25281391 -0.25281391 -0.25281391 -0.25281391 -0.25281391
 -0.25281391 -0.25281391 -0.25281391 -0.25281391  3.44644007 -0.25281391
 -0.25281391 -0.25281391  4.311509    4.37082488 -0.25281391 -0.25281391
 -0.25281391 -0.25281391 -0.25281391 -0.25281391 -0.25281391 -0.25281391
 -0.25281391 -0.25281391 -0.25281391 -0.25281391 -0.25281391 -0.25281391
 -0.25281391 -0.25281391 -0.25281391 -0.25281391 -0.25281391 -0.25281391
  3.65991466 -0.25281391 -0.25281391 -0.25281391  0.44118689 -0.25281391
 -0.25281391 -0.25281391 -0.25281391 -0.25281391 -0.25281391 -0.25281391
 -0.25281391 -0.25281391  2.13389307 -0.25281391 -0.25281391 -0.25281391
 -0.25281391 -0.25281391 -0.25281391 -0.25281391 -0.25281391 -0.25281391
 -0.25281391 -0.25281391 -0.25281391 -0.25281391 -0.25281391  3.50754781
 -0.25281391 -0.25281391 -0.25281391 -0.25281391 -0.25281391 -0.25281391
 -0.25281391 -0.25281391 -0.25281391 -0.25281391 -0.25281391 -0.25281391
 -0.25281391 -0.25281391 -0.25281391 -0.25281391 -0.25281391 -0.25281391
 -0.25281391 -0.25281391 -0.25281391 -0.25281391 -0.25281391 -0.25281391
 -0.25281391 -0.25281391 -0.25281391 -0.25281391 -0.25281391 -0.25281391
 -0.25281391 -0.25281391  0.13142462 -0.25281391 -0.25281391 -0.25281391
 -0.25281391 -0.25281391 -0.25281391 -0.25281391 -0.25281391 -0.25281391
 -0.25281391 -0.25281391 -0.25281391 -0.25281391  1.85082474  3.50374014
 -0.25281391 -0.25281391 -0.25281391 -0.25281391 -0.25281391 -0.25281391
 -0.25281391 -0.25281391 -0.25281391 -0.25281391 -0.25281391 -0.25281391
 -0.25281391 -0.25281391 -0.25281391 -0.25281391 -0.25281391 -0.25281391
 -0.25281391 -0.25281391 -0.25281391 -0.25281391 -0.25281391 -0.25281391
 -0.25281391 -0.25281391  2.17940749 -0.25281391 -0.25281391 -0.25281391
 -0.25281391 -0.25281391 -0.25281391 -0.25281391 -0.25281391 -0.25281391
 -0.25281391 -0.25281391 -0.25281391 -0.25281391 -0.25281391 -0.25281391
 -0.25281391 -0.25281391 -0.25281391 -0.25281391  6.12120444 -0.25281391
 -0.25281391 -0.25281391 -0.25281391 -0.25281391 -0.25281391 -0.25281391
 -0.25281391 -0.25281391 -0.25281391 -0.25281391 -0.25281391 -0.25281391
 -0.25281391 -0.25281391 -0.25281391  2.75859206 -0.25281391 -0.25281391
 -0.25281391 -0.25281391 -0.25281391  1.97744013]",[-0.038593309293766254]
0,"[-0.3347573  -0.3347573  -0.3347573  -0.3347573  -0.3347573  -0.3347573
  2.11651303 -0.3347573  -0.3347573  -0.3347573  -0.3347573  -0.3347573
 -0.3347573  -0.3347573  -0.3347573  -0.3347573   3.11609881 -0.3347573
 -0.3347573  -0.3347573   5.69972827  2.49058423  4.90804795 -0.3347573
  4.18439433  0.45402552 -0.3347573  -0.3347573   2.95276813 -0.3347573
 -0.3347573  -0.3347573  -0.3347573  -0.3347573  -0.3347573  -0.3347573
 -0.3347573   3.20639052  3.5315844  -0.3347573  -0.3347573  -0.3347573
 -0.3347573  -0.3347573   4.31839466 -0.3347573  -0.3347573  -0.3347573
 -0.3347573  -0.3347573   1.45128432 -0.3347573   1.53789696 -0.3347573
 -0.3347573  -0.3347573  -0.3347573  -0.3347573  -0.3347573  -0.3347573
 -0.3347573  -0.3347573  -0.3347573  -0.3347573  -0.3347573  -0.3347573
 -0.3347573  -0.3347573   2.89527712 -0.3347573  -0.3347573  -0.3347573
 -0.3347573  -0.3347573  -0.3347573  -0.3347573  -0.3347573  -0.3347573
 -0.3347573  -0.3347573  -0.3347573  -0.3347573  -0.3347573  -0.3347573
 -0.3347573  -0.3347573  -0.3347573  -0.3347573   2.30789413 -0.3347573
 -0.3347573  -0.3347573  -0.3347573  -0.3347573  -0.3347573  -0.3347573
 -0.3347573  -0.3347573  -0.3347573  -0.3347573  -0.3347573  -0.3347573
 -0.3347573  -0.3347573  -0.3347573  -0.3347573  -0.3347573  -0.3347573
 -0.3347573  -0.3347573  -0.3347573  -0.3347573  -0.3347573  -0.3347573
  3.04060881 -0.3347573  -0.3347573  -0.3347573   0.98027752  0.96296638
 -0.3347573  -0.3347573  -0.3347573  -0.3347573  -0.3347573  -0.3347573
 -0.3347573  -0.3347573   1.23479138 -0.3347573  -0.3347573  -0.3347573
 -0.3347573  -0.3347573  -0.3347573  -0.3347573   0.62021686 -0.3347573
 -0.3347573   1.40287692 -0.3347573  -0.3347573  -0.3347573   0.3914052
 -0.3347573  -0.3347573  -0.3347573  -0.3347573  -0.3347573  -0.3347573
  2.21454397 -0.3347573  -0.3347573  -0.3347573  -0.3347573  -0.3347573
 -0.3347573  -0.3347573  -0.3347573  -0.3347573  -0.3347573  -0.3347573
 -0.3347573  -0.3347573  -0.3347573  -0.3347573  -0.3347573  -0.3347573
 -0.3347573  -0.3347573  -0.3347573  -0.3347573  -0.3347573  -0.3347573
  1.44121991 -0.3347573   1.21695227 -0.3347573  -0.3347573  -0.3347573
 -0.3347573  -0.3347573  -0.3347573  -0.3347573  -0.3347573  -0.3347573
 -0.3347573  -0.3347573   0.95513615 -0.3347573   3.05263003  2.73249692
 -0.3347573   0.81644282  1.07934657 -0.3347573  -0.3347573  -0.3347573
 -0.3347573  -0.3347573  -0.3347573  -0.3347573  -0.3347573  -0.3347573
 -0.3347573  -0.3347573  -0.3347573  -0.3347573  -0.3347573  -0.3347573
 -0.3347573  -0.3347573  -0.3347573  -0.3347573  -0.3347573  -0.3347573
 -0.3347573  -0.3347573  -0.3347573  -0.3347573   2.39025065 -0.3347573
 -0.3347573  -0.3347573  -0.3347573  -0.3347573  -0.3347573  -0.3347573
 -0.3347573  -0.3347573   3.09819608 -0.3347573  -0.3347573  -0.3347573
 -0.3347573  -0.3347573  -0.3347573  -0.3347573   3.85818048 -0.3347573
 -0.3347573  -0.3347573  -0.3347573  -0.3347573  -0.3347573  -0.3347573
 -0.3347573  -0.3347573  -0.3347573  -0.3347573  -0.3347573  -0.3347573
 -0.3347573  -0.3347573  -0.3347573  -0.3347573  -0.3347573  -0.3347573
 -0.3347573  -0.3347573  -0.3347573  -0.3347573 ]",[0.013724833302168893]
0,"[-0.37916603 -0.37916603 -0.37916603 -0.37916603 -0.37916603 -0.37916603
  1.44265639 -0.37916603 -0.37916603 -0.37916603 -0.37916603 -0.37916603
 -0.37916603 -0.37916603 -0.37916603 -0.37916603  2.24950109 -0.37916603
 -0.37916603 -0.37916603  5.37417766  2.22917045  4.26951052 -0.37916603
  3.59254574 -0.37916603 -0.37916603 -0.37916603  3.23092967 -0.37916603
 -0.37916603 -0.37916603 -0.37916603 -0.37916603 -0.37916603 -0.37916603
 -0.37916603 -0.37916603  1.83688904 -0.37916603 -0.37916603 -0.37916603
 -0.37916603  3.13999301 -0.37916603 -0.37916603 -0.37916603 -0.37916603
 -0.37916603 -0.37916603 -0.37916603 -0.37916603 -0.37916603  4.65830356
 -0.37916603 -0.37916603 -0.37916603 -0.37916603 -0.37916603 -0.37916603
 -0.37916603 -0.37916603 -0.37916603 -0.37916603 -0.37916603 -0.37916603
 -0.37916603 -0.37916603  1.14132281 -0.37916603 -0.37916603 -0.37916603
 -0.37916603 -0.37916603 -0.37916603 -0.37916603 -0.37916603 -0.37916603
 -0.37916603 -0.37916603 -0.37916603 -0.37916603 -0.37916603 -0.37916603
 -0.37916603 -0.37916603 -0.37916603 -0.37916603  2.07267408 -0.37916603
 -0.37916603 -0.37916603 -0.37916603 -0.37916603 -0.37916603 -0.37916603
 -0.37916603 -0.37916603 -0.37916603 -0.37916603  3.14984996 -0.37916603
 -0.37916603 -0.37916603 -0.37916603 -0.37916603 -0.37916603 -0.37916603
 -0.37916603 -0.37916603  1.37645434 -0.37916603 -0.37916603 -0.37916603
  2.41058577 -0.37916603 -0.37916603 -0.37916603  0.60006552 -0.37916603
 -0.37916603  1.28653052 -0.37916603 -0.37916603 -0.37916603 -0.37916603
 -0.37916603 -0.37916603  2.1417334   2.12611678 -0.37916603 -0.37916603
 -0.37916603 -0.37916603 -0.37916603 -0.37916603 -0.37916603  1.35820656
 -0.37916603 -0.37916603 -0.37916603 -0.37916603 -0.37916603  0.59437227
 -0.37916603 -0.37916603 -0.37916603 -0.37916603 -0.37916603 -0.37916603
 -0.37916603 -0.37916603 -0.37916603 -0.37916603 -0.37916603 -0.37916603
 -0.37916603 -0.37916603 -0.37916603 -0.37916603 -0.37916603  2.35696273
 -0.37916603 -0.37916603 -0.37916603 -0.37916603  1.47603955 -0.37916603
 -0.37916603 -0.37916603  1.10089325 -0.37916603 -0.37916603 -0.37916603
  2.41002605 -0.37916603  0.13318256 -0.37916603 -0.37916603 -0.37916603
 -0.37916603 -0.37916603 -0.37916603 -0.37916603  1.01496671  2.16282501
 -0.37916603  2.16869474 -0.37916603 -0.37916603  3.23253485  2.11923978
 -0.37916603 -0.37916603 -0.37916603 -0.37916603 -0.37916603 -0.37916603
 -0.37916603 -0.37916603 -0.37916603 -0.37916603 -0.37916603  2.11327067
 -0.37916603 -0.37916603 -0.37916603 -0.37916603 -0.37916603 -0.37916603
 -0.37916603 -0.37916603  1.0889755  -0.37916603 -0.37916603 -0.37916603
 -0.37916603 -0.37916603 -0.37916603 -0.37916603 -0.37916603 -0.37916603
 -0.37916603  2.36893631 -0.37916603 -0.37916603 -0.37916603 -0.37916603
 -0.37916603 -0.37916603  3.17377335 -0.37916603 -0.37916603 -0.37916603
 -0.37916603 -0.37916603 -0.37916603 -0.37916603  1.93536202 -0.37916603
 -0.37916603 -0.37916603 -0.37916603 -0.37916603  1.17734111 -0.37916603
 -0.37916603 -0.37916603 -0.37916603 -0.37916603 -0.37916603 -0.37916603
 -0.37916603 -0.37916603 -0.37916603  1.72251154 -0.37916603 -0.37916603
 -0.37916603 -0.37916603 -0.37916603  2.51690011]",[-0.010712345937772039]
0,"[-0.28414271 -0.28414271 -0.28414271 -0.28414271 -0.28414271 -0.28414271
  2.59043032 -0.28414271 -0.28414271 -0.28414271 -0.28414271 -0.28414271
 -0.28414271 -0.28414271 -0.28414271 -0.28414271  3.40056917 -0.28414271
 -0.28414271 -0.28414271  6.43789996 -0.28414271  4.87256657 -0.28414271
  4.65952754 -0.28414271 -0.28414271 -0.28414271  3.39090287 -0.28414271
 -0.28414271 -0.28414271 -0.28414271 -0.28414271 -0.28414271  0.69000002
 -0.28414271  1.64932146  1.33316259 -0.28414271 -0.28414271 -0.28414271
  4.51400234 -0.28414271 -0.28414271 -0.28414271 -0.28414271 -0.28414271
 -0.28414271 -0.28414271 -0.28414271 -0.28414271 -0.28414271 -0.28414271
 -0.28414271 -0.28414271 -0.28414271 -0.28414271  0.57314607 -0.28414271
  0.62082799 -0.28414271 -0.28414271 -0.28414271 -0.28414271 -0.28414271
 -0.28414271 -0.28414271  2.05168793 -0.28414271 -0.28414271 -0.28414271
 -0.28414271 -0.28414271 -0.28414271 -0.28414271 -0.28414271 -0.28414271
 -0.28414271 -0.28414271 -0.28414271 -0.28414271 -0.28414271 -0.28414271
 -0.28414271 -0.28414271 -0.28414271 -0.28414271  2.6467505  -0.28414271
 -0.28414271 -0.28414271 -0.28414271 -0.28414271 -0.28414271 -0.28414271
 -0.28414271 -0.28414271 -0.28414271 -0.28414271 -0.28414271 -0.28414271
 -0.28414271 -0.28414271  3.58278563 -0.28414271 -0.28414271 -0.28414271
 -0.28414271 -0.28414271  2.58053817 -0.28414271 -0.28414271 -0.28414271
  4.5807135  -0.28414271 -0.28414271 -0.28414271 -0.28414271  0.19575394
 -0.28414271 -0.28414271 -0.28414271 -0.28414271 -0.28414271 -0.28414271
 -0.28414271 -0.28414271 -0.28414271 -0.28414271 -0.28414271 -0.28414271
 -0.28414271 -0.28414271 -0.28414271 -0.28414271  0.26452962 -0.28414271
 -0.28414271 -0.28414271 -0.28414271 -0.28414271 -0.28414271 -0.28414271
 -0.28414271 -0.28414271 -0.28414271 -0.28414271 -0.28414271 -0.28414271
 -0.28414271 -0.28414271 -0.28414271 -0.28414271 -0.28414271 -0.28414271
 -0.28414271 -0.28414271 -0.28414271 -0.28414271 -0.28414271 -0.28414271
 -0.28414271 -0.28414271 -0.28414271 -0.28414271 -0.28414271 -0.28414271
 -0.28414271 -0.28414271 -0.28414271 -0.28414271 -0.28414271 -0.28414271
 -0.28414271 -0.28414271  0.1669056  -0.28414271 -0.28414271 -0.28414271
 -0.28414271 -0.28414271 -0.28414271 -0.28414271  2.05168793 -0.28414271
 -0.28414271  1.94591058 -0.28414271 -0.28414271 -0.28414271  4.3747987
 -0.28414271 -0.28414271 -0.28414271 -0.28414271 -0.28414271 -0.28414271
 -0.28414271 -0.28414271 -0.28414271 -0.28414271 -0.28414271 -0.28414271
 -0.28414271 -0.28414271 -0.28414271 -0.28414271 -0.28414271 -0.28414271
 -0.28414271 -0.28414271 -0.28414271 -0.28414271 -0.28414271 -0.28414271
 -0.28414271 -0.28414271 -0.28414271 -0.28414271  2.21281507 -0.28414271
 -0.28414271  2.46614667 -0.28414271 -0.28414271 -0.28414271 -0.28414271
 -0.28414271 -0.28414271 -0.28414271 -0.28414271 -0.28414271 -0.28414271
 -0.28414271 -0.28414271 -0.28414271 -0.28414271  3.20429848 -0.28414271
 -0.28414271 -0.28414271 -0.28414271 -0.28414271 -0.28414271 -0.28414271
 -0.28414271 -0.28414271 -0.28414271 -0.28414271 -0.28414271 -0.28414271
 -0.28414271 -0.28414271 -0.28414271 -0.28414271 -0.28414271 -0.28414271
 -0.28414271 -0.28414271 -0.28414271 -0.28414271]",[-0.03550609017218115]
0,"[-0.24484365 -0.24484365 -0.24484365  0.71815408 -0.24484365 -0.24484365
  3.70311567 -0.24484365 -0.24484365 -0.24484365 -0.24484365 -0.24484365
 -0.24484365 -0.24484365 -0.24484365 -0.24484365  4.20444754 -0.24484365
 -0.24484365 -0.24484365  6.85678152 -0.24484365  3.86009407 -0.24484365
 -0.24484365  1.96419388 -0.24484365 -0.24484365 -0.24484365 -0.24484365
 -0.24484365 -0.24484365 -0.24484365 -0.24484365 -0.24484365 -0.24484365
 -0.24484365  1.2745198  -0.24484365 -0.24484365 -0.24484365 -0.24484365
 -0.24484365 -0.24484365 -0.24484365 -0.24484365 -0.24484365 -0.24484365
 -0.24484365 -0.24484365 -0.24484365 -0.24484365 -0.24484365 -0.24484365
 -0.24484365 -0.24484365 -0.24484365 -0.24484365 -0.24484365 -0.24484365
 -0.24484365 -0.24484365 -0.24484365 -0.24484365 -0.24484365 -0.24484365
 -0.24484365 -0.24484365 -0.24484365 -0.24484365 -0.24484365 -0.24484365
 -0.24484365 -0.24484365 -0.24484365 -0.24484365 -0.24484365 -0.24484365
 -0.24484365 -0.24484365 -0.24484365  1.93101228  2.84419727 -0.24484365
 -0.24484365  3.01303661 -0.24484365 -0.24484365 -0.24484365 -0.24484365
 -0.24484365 -0.24484365 -0.24484365 -0.24484365 -0.24484365 -0.24484365
 -0.24484365 -0.24484365 -0.24484365 -0.24484365 -0.24484365 -0.24484365
 -0.24484365 -0.24484365 -0.24484365 -0.24484365 -0.24484365 -0.24484365
 -0.24484365 -0.24484365 -0.24484365 -0.24484365 -0.24484365 -0.24484365
  4.61459938  6.19760177 -0.24484365 -0.24484365 -0.24484365 -0.24484365
 -0.24484365 -0.24484365 -0.24484365 -0.24484365 -0.24484365 -0.24484365
 -0.24484365 -0.24484365  1.40428241 -0.24484365 -0.24484365 -0.24484365
 -0.24484365 -0.24484365 -0.24484365 -0.24484365 -0.24484365 -0.24484365
 -0.24484365 -0.24484365 -0.24484365 -0.24484365 -0.24484365 -0.24484365
 -0.24484365 -0.24484365 -0.24484365 -0.24484365 -0.24484365 -0.24484365
 -0.24484365 -0.24484365 -0.24484365  2.30571488 -0.24484365 -0.24484365
 -0.24484365 -0.24484365 -0.24484365 -0.24484365 -0.24484365 -0.24484365
 -0.24484365 -0.24484365 -0.24484365 -0.24484365 -0.24484365 -0.24484365
 -0.24484365 -0.24484365 -0.24484365 -0.24484365 -0.24484365 -0.24484365
 -0.24484365 -0.24484365 -0.24484365 -0.24484365 -0.24484365 -0.24484365
 -0.24484365 -0.24484365 -0.24484365 -0.24484365 -0.24484365 -0.24484365
 -0.24484365 -0.24484365 -0.24484365 -0.24484365  3.70085528  4.24487039
 -0.24484365 -0.24484365 -0.24484365 -0.24484365 -0.24484365 -0.24484365
 -0.24484365 -0.24484365 -0.24484365 -0.24484365 -0.24484365 -0.24484365
 -0.24484365 -0.24484365 -0.24484365 -0.24484365 -0.24484365 -0.24484365
 -0.24484365 -0.24484365 -0.24484365 -0.24484365 -0.24484365 -0.24484365
 -0.24484365 -0.24484365 -0.24484365 -0.24484365 -0.24484365 -0.24484365
 -0.24484365 -0.24484365 -0.24484365 -0.24484365 -0.24484365 -0.24484365
 -0.24484365 -0.24484365 -0.24484365 -0.24484365 -0.24484365 -0.24484365
 -0.24484365 -0.24484365 -0.24484365 -0.24484365  4.97336062 -0.24484365
 -0.24484365 -0.24484365 -0.24484365 -0.24484365  1.93101228 -0.24484365
 -0.24484365 -0.24484365 -0.24484365 -0.24484365 -0.24484365 -0.24484365
 -0.24484365 -0.24484365 -0.24484365 -0.24484365 -0.24484365 -0.24484365
 -0.24484365 -0.24484365 -0.24484365 -0.24484365]",[-0.04464869692289711]
0,"[-0.32009217 -0.32009217 -0.32009217 -0.32009217 -0.32009217 -0.32009217
  0.92550889 -0.32009217 -0.32009217 -0.32009217 -0.32009217 -0.32009217
 -0.32009217 -0.32009217 -0.32009217 -0.32009217  2.1263015  -0.32009217
 -0.32009217 -0.32009217  5.0218213  -0.32009217  4.3985194  -0.32009217
  2.08816553 -0.32009217 -0.32009217 -0.32009217 -0.32009217 -0.32009217
 -0.32009217 -0.32009217 -0.32009217 -0.32009217 -0.32009217  0.21811199
 -0.32009217 -0.32009217 -0.32009217 -0.32009217 -0.32009217 -0.32009217
  4.62594338 -0.32009217 -0.32009217 -0.32009217 -0.32009217 -0.32009217
 -0.32009217 -0.32009217 -0.32009217 -0.32009217  0.46120985  0.15588054
 -0.32009217 -0.32009217 -0.32009217 -0.32009217 -0.32009217 -0.32009217
 -0.32009217 -0.32009217 -0.32009217 -0.32009217 -0.32009217 -0.32009217
 -0.32009217 -0.32009217 -0.32009217 -0.32009217 -0.32009217 -0.32009217
 -0.32009217 -0.32009217 -0.32009217 -0.32009217 -0.32009217 -0.32009217
 -0.32009217 -0.32009217 -0.32009217 -0.32009217 -0.32009217 -0.32009217
 -0.32009217 -0.32009217 -0.32009217 -0.32009217  2.79994395 -0.32009217
 -0.32009217 -0.32009217 -0.32009217  2.75966193 -0.32009217 -0.32009217
 -0.32009217 -0.32009217 -0.32009217 -0.32009217  4.60123983 -0.32009217
 -0.32009217  4.28276825 -0.32009217  3.07992891 -0.32009217 -0.32009217
 -0.32009217 -0.32009217 -0.32009217 -0.32009217 -0.32009217 -0.32009217
  3.36404377 -0.32009217 -0.32009217  1.26140325  1.41763179 -0.32009217
 -0.32009217 -0.32009217 -0.32009217  2.95288875 -0.32009217 -0.32009217
 -0.32009217 -0.32009217  1.97842092 -0.32009217 -0.32009217  2.35077576
 -0.32009217 -0.32009217 -0.32009217 -0.32009217 -0.32009217 -0.32009217
 -0.32009217 -0.32009217 -0.32009217 -0.32009217 -0.32009217  0.54480609
 -0.32009217 -0.32009217 -0.32009217 -0.32009217 -0.32009217 -0.32009217
 -0.32009217 -0.32009217 -0.32009217 -0.32009217 -0.32009217 -0.32009217
 -0.32009217 -0.32009217 -0.32009217 -0.32009217 -0.32009217 -0.32009217
 -0.32009217 -0.32009217 -0.32009217 -0.32009217 -0.32009217 -0.32009217
 -0.32009217 -0.32009217 -0.32009217 -0.32009217 -0.32009217 -0.32009217
  2.08899502 -0.32009217 -0.32009217 -0.32009217 -0.32009217 -0.32009217
 -0.32009217 -0.32009217 -0.32009217 -0.32009217 -0.32009217 -0.32009217
 -0.32009217 -0.32009217 -0.32009217 -0.32009217  2.17680268  4.28157681
  2.87154186 -0.32009217  1.43920587 -0.32009217 -0.32009217 -0.32009217
 -0.32009217 -0.32009217 -0.32009217 -0.32009217 -0.32009217 -0.32009217
 -0.32009217 -0.32009217 -0.32009217 -0.32009217 -0.32009217 -0.32009217
 -0.32009217 -0.32009217 -0.32009217 -0.32009217 -0.32009217 -0.32009217
 -0.32009217 -0.32009217 -0.32009217 -0.32009217 -0.32009217 -0.32009217
 -0.32009217  2.41833264 -0.32009217 -0.32009217 -0.32009217 -0.32009217
 -0.32009217 -0.32009217  2.9360994  -0.32009217 -0.32009217 -0.32009217
 -0.32009217 -0.32009217 -0.32009217 -0.32009217  3.17013945 -0.32009217
 -0.32009217 -0.32009217 -0.32009217 -0.32009217 -0.32009217 -0.32009217
 -0.32009217 -0.32009217 -0.32009217 -0.32009217  1.46371305 -0.32009217
 -0.32009217 -0.32009217 -0.32009217 -0.32009217 -0.32009217 -0.32009217
 -0.32009217 -0.32009217 -0.32009217 -0.32009217]",[-0.017933337472084365]
0,"[-0.35915997 -0.35915997 -0.35915997 -0.35915997 -0.35915997 -0.35915997
  1.08049794 -0.35915997 -0.35915997 -0.35915997 -0.35915997 -0.35915997
 -0.35915997 -0.35915997 -0.35915997 -0.35915997  1.97528877 -0.35915997
 -0.35915997 -0.35915997  5.75083457  2.7602298   4.26916077 -0.35915997
  0.68369215 -0.35915997 -0.35915997 -0.35915997 -0.35915997 -0.35915997
 -0.35915997 -0.35915997 -0.35915997 -0.35915997 -0.35915997 -0.35915997
 -0.35915997  3.38763807  2.40327797 -0.35915997 -0.35915997 -0.35915997
  3.72907876 -0.35915997  1.89215249 -0.35915997 -0.35915997 -0.35915997
 -0.35915997 -0.35915997 -0.35915997 -0.35915997  1.12389871 -0.35915997
 -0.35915997 -0.35915997 -0.35915997 -0.35915997 -0.35915997 -0.35915997
  0.03466623 -0.35915997 -0.35915997 -0.35915997 -0.35915997 -0.35915997
 -0.35915997 -0.35915997  1.02091225 -0.35915997 -0.35915997 -0.35915997
 -0.35915997 -0.35915997 -0.35915997 -0.35915997 -0.35915997 -0.35915997
 -0.35915997 -0.35915997 -0.35915997 -0.35915997 -0.35915997 -0.35915997
 -0.35915997 -0.35915997 -0.35915997 -0.35915997  3.49127611 -0.35915997
 -0.35915997 -0.35915997 -0.35915997 -0.35915997 -0.35915997 -0.35915997
 -0.35915997 -0.35915997 -0.35915997 -0.35915997  1.94353216 -0.35915997
 -0.35915997 -0.35915997 -0.35915997 -0.35915997 -0.35915997 -0.35915997
 -0.35915997 -0.35915997 -0.35915997 -0.35915997 -0.35915997 -0.35915997
  1.75065938  3.16294659 -0.35915997 -0.35915997 -0.35915997 -0.35915997
 -0.35915997 -0.35915997 -0.35915997  2.52294257 -0.35915997 -0.35915997
 -0.35915997 -0.35915997  1.79409706 -0.35915997 -0.35915997 -0.35915997
  2.31073282 -0.35915997 -0.35915997 -0.35915997  1.00079897 -0.35915997
 -0.35915997 -0.35915997 -0.35915997 -0.35915997 -0.35915997 -0.35915997
  2.16830223 -0.35915997 -0.35915997  3.42488232 -0.35915997 -0.35915997
  2.02443816 -0.35915997 -0.35915997 -0.35915997 -0.35915997 -0.35915997
 -0.35915997 -0.35915997 -0.35915997 -0.35915997  2.08025508 -0.35915997
 -0.35915997  2.45666255 -0.35915997 -0.35915997  2.31073282 -0.35915997
 -0.35915997 -0.35915997 -0.35915997 -0.35915997 -0.35915997 -0.35915997
  1.53488018 -0.35915997 -0.35915997 -0.35915997 -0.35915997 -0.35915997
 -0.35915997 -0.35915997 -0.35915997 -0.35915997 -0.35915997 -0.35915997
 -0.35915997  1.15924311 -0.35915997 -0.35915997  1.70907983  3.24878965
 -0.35915997 -0.35915997 -0.35915997 -0.35915997 -0.35915997 -0.35915997
 -0.35915997 -0.35915997 -0.35915997 -0.35915997 -0.35915997 -0.35915997
 -0.35915997 -0.35915997 -0.35915997 -0.35915997 -0.35915997 -0.35915997
 -0.35915997 -0.35915997 -0.35915997 -0.35915997 -0.35915997 -0.35915997
 -0.35915997 -0.35915997 -0.35915997 -0.35915997  2.09594808 -0.35915997
 -0.35915997 -0.35915997 -0.35915997 -0.35915997 -0.35915997 -0.35915997
 -0.35915997 -0.35915997 -0.35915997 -0.35915997 -0.35915997  3.06678995
 -0.35915997 -0.35915997 -0.35915997 -0.35915997  2.88671009 -0.35915997
 -0.35915997 -0.35915997 -0.35915997 -0.35915997 -0.35915997 -0.35915997
 -0.35915997 -0.35915997 -0.35915997 -0.35915997 -0.35915997 -0.35915997
 -0.35915997 -0.35915997 -0.35915997 -0.35915997 -0.35915997 -0.35915997
 -0.35915997 -0.35915997 -0.35915997  3.2742847 ]",[0.03232412691283598]
0,"[-0.28982217 -0.28982217 -0.28982217  1.1564942  -0.28982217 -0.28982217
 -0.28982217 -0.28982217 -0.28982217 -0.28982217 -0.28982217 -0.28982217
 -0.28982217 -0.28982217 -0.28982217 -0.28982217  2.02106972 -0.28982217
 -0.28982217 -0.28982217  6.71805606  4.40015712  5.62541397 -0.28982217
  4.52246273  1.49956598 -0.28982217 -0.28982217 -0.28982217 -0.28982217
 -0.28982217  2.71822841 -0.28982217 -0.28982217 -0.28982217 -0.28982217
 -0.28982217  0.76326685 -0.28982217 -0.28982217 -0.28982217 -0.28982217
 -0.28982217 -0.28982217 -0.28982217 -0.28982217 -0.28982217 -0.28982217
 -0.28982217 -0.28982217 -0.28982217 -0.28982217 -0.28982217 -0.28982217
 -0.28982217 -0.28982217 -0.28982217 -0.28982217 -0.28982217 -0.28982217
 -0.28982217 -0.28982217 -0.28982217 -0.28982217 -0.28982217 -0.28982217
 -0.28982217 -0.28982217 -0.28982217 -0.28982217 -0.28982217 -0.28982217
 -0.28982217 -0.28982217 -0.28982217 -0.28982217 -0.28982217 -0.28982217
 -0.28982217 -0.28982217 -0.28982217 -0.28982217 -0.28982217 -0.28982217
 -0.28982217 -0.28982217 -0.28982217 -0.28982217  4.12884619 -0.28982217
 -0.28982217 -0.28982217 -0.28982217 -0.28982217 -0.28982217 -0.28982217
 -0.28982217 -0.28982217 -0.28982217 -0.28982217 -0.28982217 -0.28982217
 -0.28982217 -0.28982217 -0.28982217 -0.28982217 -0.28982217 -0.28982217
 -0.28982217 -0.28982217 -0.28982217 -0.28982217 -0.28982217 -0.28982217
  2.55005783 -0.28982217 -0.28982217 -0.28982217 -0.28982217 -0.28982217
 -0.28982217 -0.28982217 -0.28982217 -0.28982217 -0.28982217  2.60824842
 -0.28982217 -0.28982217 -0.28982217 -0.28982217 -0.28982217 -0.28982217
 -0.28982217 -0.28982217 -0.28982217 -0.28982217  1.65321897 -0.28982217
 -0.28982217  3.45817922 -0.28982217  1.62509206 -0.28982217 -0.28982217
 -0.28982217 -0.28982217 -0.28982217 -0.28982217 -0.28982217 -0.28982217
 -0.28982217  3.7726845  -0.28982217 -0.28982217  3.2715641  -0.28982217
 -0.28982217 -0.28982217 -0.28982217 -0.28982217  2.65169097 -0.28982217
 -0.28982217  3.50569555 -0.28982217 -0.28982217 -0.28982217 -0.28982217
 -0.28982217 -0.28982217 -0.28982217 -0.28982217 -0.28982217 -0.28982217
 -0.28982217 -0.28982217  1.26558479 -0.28982217 -0.28982217 -0.28982217
 -0.28982217 -0.28982217 -0.28982217 -0.28982217 -0.28982217 -0.28982217
 -0.28982217 -0.28982217 -0.28982217 -0.28982217  1.6325793   1.26447835
 -0.28982217 -0.28982217  1.60871941 -0.28982217 -0.28982217  2.5573012
 -0.28982217 -0.28982217 -0.28982217 -0.28982217 -0.28982217 -0.28982217
 -0.28982217 -0.28982217 -0.28982217 -0.28982217 -0.28982217 -0.28982217
 -0.28982217 -0.28982217 -0.28982217 -0.28982217 -0.28982217 -0.28982217
 -0.28982217 -0.28982217 -0.28982217 -0.28982217 -0.28982217 -0.28982217
 -0.28982217 -0.28982217 -0.28982217 -0.28982217 -0.28982217 -0.28982217
 -0.28982217 -0.28982217 -0.28982217 -0.28982217 -0.28982217 -0.28982217
 -0.28982217 -0.28982217 -0.28982217 -0.28982217  1.70919818 -0.28982217
 -0.28982217 -0.28982217 -0.28982217 -0.28982217 -0.28982217 -0.28982217
 -0.28982217 -0.28982217 -0.28982217 -0.28982217 -0.28982217 -0.28982217
 -0.28982217 -0.28982217 -0.28982217 -0.28982217 -0.28982217 -0.28982217
 -0.28982217 -0.28982217 -0.28982217 -0.28982217]",[-0.016813877664018262]
0,"[-0.32999294 -0.32999294 -0.32999294 -0.32999294 -0.32999294 -0.32999294
 -0.32999294 -0.32999294 -0.32999294 -0.32999294 -0.32999294  1.48442423
 -0.32999294 -0.32999294 -0.32999294 -0.32999294  2.28478527 -0.32999294
 -0.32999294 -0.32999294  5.04547839 -0.32999294  3.63072296 -0.32999294
 -0.32999294 -0.32999294 -0.32999294 -0.32999294 -0.32999294 -0.32999294
 -0.32999294 -0.32999294 -0.32999294 -0.32999294 -0.32999294 -0.32999294
 -0.32999294 -0.32999294 -0.32999294 -0.32999294 -0.32999294 -0.32999294
 -0.32999294 -0.32999294 -0.32999294 -0.32999294 -0.32999294 -0.32999294
 -0.32999294 -0.32999294 -0.32999294 -0.32999294  1.53323156 -0.32999294
  1.44918648 -0.32999294 -0.32999294 -0.32999294 -0.32999294 -0.32999294
 -0.32999294 -0.32999294 -0.32999294 -0.32999294 -0.32999294 -0.32999294
 -0.32999294 -0.32999294 -0.32999294 -0.32999294 -0.32999294 -0.32999294
 -0.32999294 -0.32999294 -0.32999294 -0.32999294 -0.32999294 -0.32999294
  2.35487068 -0.32999294 -0.32999294 -0.32999294 -0.32999294 -0.32999294
 -0.32999294 -0.32999294 -0.32999294 -0.32999294  2.51014502 -0.32999294
 -0.32999294 -0.32999294  2.85005352 -0.32999294  3.57508618 -0.32999294
 -0.32999294 -0.32999294 -0.32999294 -0.32999294 -0.32999294 -0.32999294
 -0.32999294 -0.32999294 -0.32999294 -0.32999294 -0.32999294  2.38670985
 -0.32999294 -0.32999294  1.9222809  -0.32999294 -0.32999294 -0.32999294
  2.81613418 -0.32999294  3.45481527 -0.32999294 -0.32999294 -0.32999294
 -0.32999294 -0.32999294 -0.32999294 -0.32999294 -0.32999294 -0.32999294
 -0.32999294 -0.32999294  1.66342224  2.92947812 -0.32999294  1.63214859
 -0.32999294 -0.32999294 -0.32999294 -0.32999294 -0.32999294 -0.32999294
 -0.32999294 -0.32999294 -0.32999294 -0.32999294 -0.32999294  2.5118894
 -0.32999294 -0.32999294 -0.32999294 -0.32999294 -0.32999294 -0.32999294
 -0.32999294 -0.32999294 -0.32999294 -0.32999294 -0.32999294 -0.32999294
 -0.32999294 -0.32999294 -0.32999294 -0.32999294 -0.32999294 -0.32999294
 -0.32999294  1.35648459 -0.32999294 -0.32999294 -0.32999294 -0.32999294
 -0.32999294 -0.32999294 -0.32999294 -0.32999294 -0.32999294 -0.32999294
 -0.32999294 -0.32999294 -0.32999294 -0.32999294 -0.32999294 -0.32999294
 -0.32999294 -0.32999294 -0.32999294 -0.32999294 -0.32999294 -0.32999294
 -0.32999294  1.59890679 -0.32999294 -0.32999294  3.54005071  4.42087224
  3.5055091  -0.32999294 -0.32999294 -0.32999294 -0.32999294 -0.32999294
 -0.32999294 -0.32999294 -0.32999294 -0.32999294 -0.32999294 -0.32999294
 -0.32999294 -0.32999294 -0.32999294 -0.32999294 -0.32999294 -0.32999294
 -0.32999294 -0.32999294  1.87018254 -0.32999294 -0.32999294 -0.32999294
 -0.32999294 -0.32999294 -0.32999294 -0.32999294 -0.32999294 -0.32999294
 -0.32999294 -0.32999294 -0.32999294 -0.32999294 -0.32999294 -0.32999294
 -0.32999294 -0.32999294  1.23495072 -0.32999294 -0.32999294 -0.32999294
 -0.32999294 -0.32999294 -0.32999294 -0.32999294  3.97951398 -0.32999294
 -0.32999294 -0.32999294 -0.32999294 -0.32999294  2.38670985 -0.32999294
 -0.32999294 -0.32999294 -0.32999294 -0.32999294 -0.32999294 -0.32999294
 -0.32999294 -0.32999294  2.02355229  4.93675912 -0.32999294 -0.32999294
 -0.32999294 -0.32999294 -0.32999294 -0.32999294]",[0.031185488957688634]
1,"[ 2.16152469 -0.37256436 -0.37256436 -0.37256436  2.01096752 -0.37256436
  1.57094245 -0.37256436 -0.37256436 -0.37256436 -0.37256436 -0.37256436
 -0.37256436 -0.37256436 -0.37256436 -0.37256436  2.82035442  2.01096752
 -0.37256436 -0.37256436  5.3792975   3.85226325  4.43026983 -0.37256436
  0.09628541 -0.37256436 -0.37256436 -0.37256436  4.00681999 -0.37256436
 -0.37256436  0.20794084 -0.37256436  1.70500683 -0.37256436 -0.37256436
 -0.37256436 -0.37256436 -0.37256436 -0.37256436 -0.37256436 -0.37256436
  2.81404134 -0.37256436 -0.37256436 -0.37256436 -0.37256436 -0.37256436
 -0.37256436 -0.37256436 -0.37256436 -0.37256436 -0.37256436  2.64569144
 -0.37256436 -0.37256436 -0.37256436 -0.37256436 -0.37256436 -0.37256436
 -0.37256436 -0.37256436 -0.37256436 -0.37256436 -0.37256436 -0.37256436
  2.0660589  -0.37256436 -0.37256436 -0.37256436 -0.37256436 -0.37256436
 -0.37256436 -0.37256436 -0.37256436 -0.37256436 -0.37256436 -0.37256436
 -0.37256436 -0.37256436 -0.37256436 -0.37256436 -0.37256436 -0.37256436
 -0.37256436 -0.37256436 -0.37256436 -0.37256436  2.24235348 -0.37256436
 -0.37256436 -0.37256436 -0.37256436 -0.37256436 -0.37256436 -0.37256436
 -0.37256436 -0.37256436 -0.37256436 -0.37256436  1.83317606 -0.37256436
 -0.37256436  2.7990107  -0.37256436 -0.37256436 -0.37256436 -0.37256436
 -0.37256436 -0.37256436 -0.37256436 -0.37256436 -0.37256436 -0.37256436
  2.59082716  2.72426692 -0.37256436 -0.37256436 -0.37256436 -0.37256436
 -0.37256436 -0.37256436 -0.37256436 -0.37256436 -0.37256436 -0.37256436
 -0.37256436  1.14482716  1.34900931 -0.37256436 -0.37256436 -0.37256436
 -0.37256436 -0.37256436 -0.37256436 -0.37256436 -0.37256436  0.11617729
 -0.37256436  1.63381432 -0.37256436 -0.37256436 -0.37256436 -0.37256436
 -0.37256436 -0.37256436 -0.37256436  1.63784875 -0.37256436 -0.37256436
  2.35448457  2.32327085 -0.37256436 -0.37256436 -0.37256436 -0.37256436
 -0.37256436 -0.37256436 -0.37256436 -0.37256436 -0.37256436 -0.37256436
 -0.37256436 -0.37256436 -0.37256436 -0.37256436 -0.37256436 -0.37256436
 -0.37256436 -0.37256436  0.60967516 -0.37256436 -0.37256436 -0.37256436
 -0.37256436 -0.37256436 -0.37256436 -0.37256436 -0.37256436 -0.37256436
 -0.37256436 -0.37256436 -0.37256436 -0.37256436  1.39085692  2.60042885
 -0.37256436  1.00269325 -0.37256436 -0.37256436  0.70372121  1.99279209
 -0.37256436 -0.37256436 -0.37256436 -0.37256436 -0.37256436 -0.37256436
 -0.37256436 -0.37256436 -0.37256436 -0.37256436 -0.37256436  2.01096752
 -0.37256436 -0.37256436 -0.37256436 -0.37256436 -0.37256436 -0.37256436
  2.69326691 -0.37256436 -0.37256436 -0.37256436 -0.37256436 -0.37256436
 -0.37256436 -0.37256436 -0.37256436 -0.37256436  0.89448016 -0.37256436
 -0.37256436 -0.37256436 -0.37256436 -0.37256436 -0.37256436 -0.37256436
 -0.37256436 -0.37256436  1.14482716 -0.37256436 -0.37256436 -0.37256436
 -0.37256436 -0.37256436 -0.37256436 -0.37256436  3.36089591 -0.37256436
 -0.37256436 -0.37256436 -0.37256436 -0.37256436 -0.37256436 -0.37256436
 -0.37256436  4.14974943 -0.37256436 -0.37256436 -0.37256436 -0.37256436
 -0.37256436 -0.37256436 -0.37256436 -0.37256436 -0.37256436 -0.37256436
 -0.37256436 -0.37256436 -0.37256436 -0.37256436]",[0.07348530096808847]
1,"[-0.1918889  -0.1918889  -0.1918889  -0.1918889  -0.1918889  -0.1918889
 -0.1918889  -0.1918889  -0.1918889  -0.1918889  -0.1918889  -0.1918889
 -0.1918889  -0.1918889  -0.1918889  -0.1918889   4.66673907 -0.1918889
 -0.1918889  -0.1918889   6.73394329 -0.1918889  -0.1918889  -0.1918889
 -0.1918889  -0.1918889  -0.1918889  -0.1918889  -0.1918889  -0.1918889
 -0.1918889  -0.1918889  -0.1918889  -0.1918889  -0.1918889  -0.1918889
 -0.1918889  -0.1918889  -0.1918889  -0.1918889  -0.1918889  -0.1918889
 -0.1918889  -0.1918889  -0.1918889  -0.1918889  -0.1918889  -0.1918889
 -0.1918889  -0.1918889  -0.1918889  -0.1918889  -0.1918889   4.02937056
 -0.1918889  -0.1918889  -0.1918889  -0.1918889  -0.1918889  -0.1918889
 -0.1918889  -0.1918889  -0.1918889  -0.1918889  -0.1918889  -0.1918889
 -0.1918889  -0.1918889  -0.1918889  -0.1918889  -0.1918889  -0.1918889
 -0.1918889  -0.1918889  -0.1918889  -0.1918889  -0.1918889  -0.1918889
 -0.1918889  -0.1918889  -0.1918889  -0.1918889  -0.1918889  -0.1918889
 -0.1918889  -0.1918889  -0.1918889  -0.1918889   4.98707933 -0.1918889
 -0.1918889  -0.1918889  -0.1918889  -0.1918889  -0.1918889  -0.1918889
 -0.1918889  -0.1918889  -0.1918889  -0.1918889   2.67844697 -0.1918889
 -0.1918889  -0.1918889  -0.1918889  -0.1918889  -0.1918889  -0.1918889
 -0.1918889  -0.1918889  -0.1918889  -0.1918889  -0.1918889  -0.1918889
  3.04177982 -0.1918889  -0.1918889  -0.1918889  -0.1918889  -0.1918889
 -0.1918889  -0.1918889  -0.1918889  -0.1918889  -0.1918889  -0.1918889
 -0.1918889  -0.1918889  -0.1918889  -0.1918889  -0.1918889  -0.1918889
 -0.1918889  -0.1918889  -0.1918889  -0.1918889  -0.1918889   1.27657626
 -0.1918889  -0.1918889  -0.1918889  -0.1918889  -0.1918889  -0.1918889
 -0.1918889  -0.1918889  -0.1918889  -0.1918889  -0.1918889  -0.1918889
 -0.1918889  -0.1918889  -0.1918889  -0.1918889  -0.1918889  -0.1918889
 -0.1918889  -0.1918889  -0.1918889  -0.1918889  -0.1918889  -0.1918889
 -0.1918889  -0.1918889  -0.1918889  -0.1918889  -0.1918889  -0.1918889
 -0.1918889  -0.1918889  -0.1918889  -0.1918889  -0.1918889  -0.1918889
 -0.1918889  -0.1918889  -0.1918889  -0.1918889  -0.1918889  -0.1918889
 -0.1918889  -0.1918889  -0.1918889  -0.1918889  -0.1918889  -0.1918889
 -0.1918889  -0.1918889  -0.1918889  -0.1918889  -0.1918889   3.1237742
 -0.1918889  -0.1918889  -0.1918889  -0.1918889  -0.1918889  -0.1918889
 -0.1918889  -0.1918889  -0.1918889  -0.1918889  -0.1918889  -0.1918889
 -0.1918889  -0.1918889  -0.1918889  -0.1918889  -0.1918889  -0.1918889
 -0.1918889  -0.1918889  -0.1918889  -0.1918889  -0.1918889  -0.1918889
 -0.1918889  -0.1918889   2.50558581 -0.1918889   1.97621774 -0.1918889
 -0.1918889  -0.1918889  -0.1918889  -0.1918889  -0.1918889  -0.1918889
 -0.1918889  -0.1918889   3.10889724 -0.1918889  -0.1918889  -0.1918889
 -0.1918889  -0.1918889  -0.1918889  -0.1918889   9.84381409 -0.1918889
 -0.1918889  -0.1918889  -0.1918889  -0.1918889  -0.1918889  -0.1918889
 -0.1918889  -0.1918889  -0.1918889  -0.1918889  -0.1918889  -0.1918889
 -0.1918889  -0.1918889  -0.1918889  -0.1918889  -0.1918889  -0.1918889
 -0.1918889  -0.1918889  -0.1918889  -0.1918889 ]",[-0.09145976557650151]
1,"[-0.31410998 -0.31410998 -0.31410998 -0.31410998 -0.31410998 -0.31410998
  0.88214503 -0.31410998 -0.31410998 -0.31410998 -0.31410998 -0.31410998
 -0.31410998 -0.31410998 -0.31410998 -0.31410998  3.34951852 -0.31410998
 -0.31410998 -0.31410998  5.39426628 -0.31410998  3.01746247 -0.31410998
  0.40526998 -0.31410998 -0.31410998 -0.31410998 -0.31410998 -0.31410998
 -0.31410998 -0.31410998 -0.31410998 -0.31410998 -0.31410998 -0.31410998
 -0.31410998 -0.31410998 -0.31410998 -0.31410998 -0.31410998 -0.31410998
 -0.31410998 -0.31410998 -0.31410998 -0.31410998 -0.31410998 -0.31410998
 -0.31410998 -0.31410998 -0.31410998 -0.31410998 -0.31410998  0.86176896
 -0.31410998 -0.31410998 -0.31410998 -0.31410998 -0.31410998 -0.31410998
 -0.31410998 -0.31410998 -0.31410998 -0.31410998 -0.31410998 -0.31410998
 -0.31410998 -0.31410998 -0.31410998 -0.31410998 -0.31410998 -0.31410998
 -0.31410998 -0.31410998 -0.31410998 -0.31410998 -0.31410998 -0.31410998
 -0.31410998 -0.31410998 -0.31410998 -0.31410998 -0.31410998  1.19226425
 -0.31410998 -0.31410998 -0.31410998 -0.31410998 -0.31410998 -0.31410998
 -0.31410998 -0.31410998 -0.31410998  1.4390923  -0.31410998 -0.31410998
 -0.31410998 -0.31410998 -0.31410998 -0.31410998 -0.31410998 -0.31410998
 -0.31410998  4.90577663 -0.31410998 -0.31410998 -0.31410998 -0.31410998
  2.69863848 -0.31410998  2.36373471 -0.31410998 -0.31410998 -0.31410998
  4.20945456 -0.31410998  4.82605418 -0.31410998  0.97968662 -0.31410998
 -0.31410998 -0.31410998 -0.31410998  1.53560675 -0.31410998 -0.31410998
 -0.31410998  3.02779506  2.05596427  2.51964285 -0.31410998  2.36373471
 -0.31410998 -0.31410998 -0.31410998 -0.31410998 -0.31410998 -0.31410998
 -0.31410998  0.24329996 -0.31410998 -0.31410998 -0.31410998  2.08123747
 -0.31410998 -0.31410998 -0.31410998 -0.31410998 -0.31410998 -0.31410998
 -0.31410998 -0.31410998 -0.31410998 -0.31410998 -0.31410998 -0.31410998
 -0.31410998 -0.31410998 -0.31410998 -0.31410998 -0.31410998  2.84809518
 -0.31410998  1.96551165 -0.31410998 -0.31410998 -0.31410998 -0.31410998
 -0.31410998 -0.31410998 -0.31410998 -0.31410998 -0.31410998 -0.31410998
 -0.31410998 -0.31410998 -0.31410998 -0.31410998 -0.31410998 -0.31410998
 -0.31410998 -0.31410998 -0.31410998 -0.31410998 -0.31410998 -0.31410998
 -0.31410998  2.1558898  -0.31410998 -0.31410998 -0.31410998  4.75959723
 -0.31410998 -0.31410998 -0.31410998 -0.31410998 -0.31410998 -0.31410998
 -0.31410998 -0.31410998 -0.31410998 -0.31410998 -0.31410998  1.59847986
 -0.31410998 -0.31410998 -0.31410998 -0.31410998 -0.31410998 -0.31410998
 -0.31410998 -0.31410998 -0.31410998 -0.31410998 -0.31410998 -0.31410998
 -0.31410998 -0.31410998  1.59847986 -0.31410998 -0.31410998 -0.31410998
 -0.31410998 -0.31410998 -0.31410998 -0.31410998 -0.31410998 -0.31410998
 -0.31410998 -0.31410998  0.60705301 -0.31410998 -0.31410998 -0.31410998
 -0.31410998 -0.31410998 -0.31410998 -0.31410998  4.96921302 -0.31410998
 -0.31410998 -0.31410998 -0.31410998 -0.31410998 -0.31410998 -0.31410998
 -0.31410998 -0.31410998 -0.31410998 -0.31410998 -0.31410998 -0.31410998
 -0.31410998 -0.31410998 -0.31410998  2.01878142 -0.31410998 -0.31410998
 -0.31410998 -0.31410998 -0.31410998 -0.31410998]",[-0.02530653835707042]
1,"[-0.32292835 -0.32292835 -0.32292835 -0.32292835 -0.32292835 -0.32292835
  1.24934793 -0.32292835 -0.32292835 -0.32292835  1.81960378 -0.32292835
 -0.32292835 -0.32292835 -0.32292835 -0.32292835 -0.32292835 -0.32292835
 -0.32292835 -0.32292835  6.36243721 -0.32292835  4.72445017 -0.32292835
 -0.32292835 -0.32292835 -0.32292835 -0.32292835 -0.32292835 -0.32292835
 -0.32292835 -0.32292835 -0.32292835 -0.32292835 -0.32292835 -0.32292835
 -0.32292835  2.06583629 -0.32292835 -0.32292835 -0.32292835 -0.32292835
 -0.32292835 -0.32292835 -0.32292835 -0.32292835 -0.32292835 -0.32292835
 -0.32292835 -0.32292835 -0.32292835 -0.32292835 -0.32292835  1.80945852
 -0.32292835 -0.32292835 -0.32292835 -0.32292835 -0.32292835 -0.32292835
 -0.32292835 -0.32292835 -0.32292835 -0.32292835 -0.32292835 -0.32292835
 -0.32292835 -0.32292835 -0.32292835 -0.32292835 -0.32292835 -0.32292835
 -0.32292835 -0.32292835 -0.32292835 -0.32292835 -0.32292835 -0.32292835
 -0.32292835 -0.32292835 -0.32292835 -0.32292835 -0.32292835 -0.32292835
 -0.32292835 -0.32292835 -0.32292835 -0.32292835  3.55573442 -0.32292835
 -0.32292835 -0.32292835  2.24192668  2.71599518 -0.32292835 -0.32292835
 -0.32292835 -0.32292835 -0.32292835 -0.32292835  2.02375835 -0.32292835
 -0.32292835  2.16971674 -0.32292835 -0.32292835 -0.32292835 -0.32292835
 -0.32292835 -0.32292835  2.76470024 -0.32292835 -0.32292835 -0.32292835
  4.03394561 -0.32292835  2.69945521 -0.32292835  1.04062294 -0.32292835
 -0.32292835 -0.32292835 -0.32292835 -0.32292835 -0.32292835 -0.32292835
 -0.32292835 -0.32292835  3.07941916  2.4682023   2.52485822  1.81960378
 -0.32292835 -0.32292835 -0.32292835 -0.32292835 -0.32292835  0.25416539
 -0.32292835 -0.32292835 -0.32292835 -0.32292835 -0.32292835 -0.32292835
 -0.32292835 -0.32292835 -0.32292835 -0.32292835 -0.32292835 -0.32292835
 -0.32292835 -0.32292835 -0.32292835 -0.32292835 -0.32292835 -0.32292835
 -0.32292835 -0.32292835 -0.32292835 -0.32292835 -0.32292835 -0.32292835
 -0.32292835 -0.32292835 -0.32292835 -0.32292835 -0.32292835 -0.32292835
 -0.32292835 -0.32292835  1.35619112 -0.32292835 -0.32292835 -0.32292835
  3.28836637 -0.32292835 -0.32292835 -0.32292835 -0.32292835 -0.32292835
 -0.32292835 -0.32292835 -0.32292835 -0.32292835 -0.32292835 -0.32292835
 -0.32292835 -0.32292835 -0.32292835 -0.32292835 -0.32292835  4.76545889
  2.49148558 -0.32292835 -0.32292835 -0.32292835 -0.32292835  0.89116325
 -0.32292835 -0.32292835 -0.32292835 -0.32292835 -0.32292835 -0.32292835
 -0.32292835 -0.32292835 -0.32292835 -0.32292835 -0.32292835 -0.32292835
 -0.32292835 -0.32292835  0.94792233 -0.32292835 -0.32292835 -0.32292835
 -0.32292835 -0.32292835 -0.32292835 -0.32292835  1.012301   -0.32292835
 -0.32292835 -0.32292835 -0.32292835 -0.32292835 -0.32292835 -0.32292835
 -0.32292835 -0.32292835  3.16072477 -0.32292835 -0.32292835 -0.32292835
 -0.32292835 -0.32292835 -0.32292835 -0.32292835  3.58848408 -0.32292835
 -0.32292835 -0.32292835 -0.32292835 -0.32292835 -0.32292835 -0.32292835
 -0.32292835 -0.32292835  1.99404227 -0.32292835 -0.32292835 -0.32292835
 -0.32292835 -0.32292835 -0.32292835 -0.32292835 -0.32292835 -0.32292835
 -0.32292835 -0.32292835 -0.32292835 -0.32292835]",[0.012246057494757712]
1,"[-0.25253007 -0.25253007 -0.25253007 -0.25253007 -0.25253007 -0.25253007
  2.00931076 -0.25253007 -0.25253007 -0.25253007 -0.25253007 -0.25253007
 -0.25253007 -0.25253007 -0.25253007 -0.25253007  3.17097856 -0.25253007
 -0.25253007 -0.25253007  8.21724948 -0.25253007  3.52985982 -0.25253007
 -0.25253007 -0.25253007 -0.25253007 -0.25253007 -0.25253007 -0.25253007
 -0.25253007 -0.25253007 -0.25253007 -0.25253007 -0.25253007 -0.25253007
 -0.25253007 -0.25253007 -0.25253007 -0.25253007 -0.25253007 -0.25253007
  3.32491343 -0.25253007 -0.25253007 -0.25253007 -0.25253007 -0.25253007
 -0.25253007 -0.25253007 -0.25253007 -0.25253007 -0.25253007  1.18649519
 -0.25253007 -0.25253007 -0.25253007 -0.25253007 -0.25253007 -0.25253007
 -0.25253007 -0.25253007 -0.25253007 -0.25253007 -0.25253007 -0.25253007
 -0.25253007 -0.25253007  1.93755455 -0.25253007 -0.25253007 -0.25253007
 -0.25253007 -0.25253007 -0.25253007 -0.25253007 -0.25253007 -0.25253007
 -0.25253007 -0.25253007 -0.25253007 -0.25253007 -0.25253007 -0.25253007
 -0.25253007 -0.25253007 -0.25253007 -0.25253007  3.69299643 -0.25253007
 -0.25253007 -0.25253007 -0.25253007  2.39096567 -0.25253007 -0.25253007
 -0.25253007 -0.25253007 -0.25253007 -0.25253007 -0.25253007 -0.25253007
 -0.25253007 -0.25253007  5.48158309 -0.25253007 -0.25253007 -0.25253007
 -0.25253007 -0.25253007  2.50542623 -0.25253007 -0.25253007 -0.25253007
  3.39444938 -0.25253007 -0.25253007 -0.25253007 -0.25253007 -0.25253007
 -0.25253007 -0.25253007 -0.25253007 -0.25253007 -0.25253007  2.7299707
 -0.25253007 -0.25253007 -0.25253007 -0.25253007 -0.25253007  1.97423377
 -0.25253007 -0.25253007 -0.25253007 -0.25253007 -0.25253007 -0.25253007
 -0.25253007 -0.25253007 -0.25253007 -0.25253007 -0.25253007 -0.25253007
 -0.25253007 -0.25253007 -0.25253007 -0.25253007 -0.25253007 -0.25253007
 -0.25253007 -0.25253007 -0.25253007 -0.25253007 -0.25253007 -0.25253007
 -0.25253007 -0.25253007 -0.25253007 -0.25253007 -0.25253007 -0.25253007
 -0.25253007 -0.25253007 -0.25253007 -0.25253007 -0.25253007 -0.25253007
 -0.25253007 -0.25253007 -0.25253007 -0.25253007 -0.25253007 -0.25253007
 -0.25253007 -0.25253007 -0.25253007 -0.25253007 -0.25253007 -0.25253007
 -0.25253007 -0.25253007 -0.25253007 -0.25253007 -0.25253007 -0.25253007
 -0.25253007 -0.25253007 -0.25253007 -0.25253007  1.56952974  3.18819541
 -0.25253007 -0.25253007 -0.25253007 -0.25253007 -0.25253007 -0.25253007
 -0.25253007 -0.25253007 -0.25253007 -0.25253007 -0.25253007  3.92256634
 -0.25253007 -0.25253007 -0.25253007 -0.25253007 -0.25253007 -0.25253007
 -0.25253007 -0.25253007 -0.25253007 -0.25253007 -0.25253007 -0.25253007
 -0.25253007 -0.25253007 -0.25253007 -0.25253007 -0.25253007 -0.25253007
 -0.25253007 -0.25253007 -0.25253007 -0.25253007 -0.25253007 -0.25253007
 -0.25253007 -0.25253007  2.1262207  -0.25253007 -0.25253007 -0.25253007
 -0.25253007 -0.25253007 -0.25253007 -0.25253007  5.01230838 -0.25253007
 -0.25253007 -0.25253007 -0.25253007 -0.25253007 -0.25253007 -0.25253007
 -0.25253007 -0.25253007 -0.25253007 -0.25253007 -0.25253007 -0.25253007
 -0.25253007 -0.25253007 -0.25253007 -0.25253007 -0.25253007 -0.25253007
 -0.25253007 -0.25253007 -0.25253007 -0.25253007]",[-0.06740606185063891]
1,"[-0.24348718 -0.24348718 -0.24348718 -0.24348718 -0.24348718 -0.24348718
  0.816383   -0.24348718 -0.24348718 -0.24348718 -0.24348718 -0.24348718
 -0.24348718 -0.24348718 -0.24348718 -0.24348718  3.83801733 -0.24348718
 -0.24348718 -0.24348718  6.58077854 -0.24348718  5.81355022 -0.24348718
 -0.24348718 -0.24348718 -0.24348718 -0.24348718 -0.24348718 -0.24348718
 -0.24348718 -0.24348718 -0.24348718 -0.24348718 -0.24348718 -0.24348718
 -0.24348718 -0.24348718 -0.24348718 -0.24348718 -0.24348718 -0.24348718
 -0.24348718 -0.24348718 -0.24348718 -0.24348718 -0.24348718 -0.24348718
 -0.24348718 -0.24348718 -0.24348718 -0.24348718 -0.24348718 -0.24348718
 -0.24348718 -0.24348718 -0.24348718 -0.24348718 -0.24348718 -0.24348718
 -0.24348718 -0.24348718 -0.24348718 -0.24348718 -0.24348718 -0.24348718
 -0.24348718 -0.24348718  2.72504657 -0.24348718 -0.24348718 -0.24348718
 -0.24348718 -0.24348718 -0.24348718 -0.24348718 -0.24348718 -0.24348718
 -0.24348718 -0.24348718 -0.24348718 -0.24348718 -0.24348718 -0.24348718
 -0.24348718 -0.24348718 -0.24348718 -0.24348718 -0.24348718 -0.24348718
 -0.24348718 -0.24348718 -0.24348718 -0.24348718 -0.24348718 -0.24348718
 -0.24348718 -0.24348718 -0.24348718 -0.24348718 -0.24348718 -0.24348718
 -0.24348718  5.25792797 -0.24348718  4.01234637 -0.24348718 -0.24348718
 -0.24348718 -0.24348718  4.53721463 -0.24348718 -0.24348718 -0.24348718
  2.10418302 -0.24348718  3.69573798 -0.24348718 -0.24348718 -0.24348718
 -0.24348718 -0.24348718 -0.24348718 -0.24348718 -0.24348718 -0.24348718
 -0.24348718 -0.24348718  1.43674648 -0.24348718 -0.24348718 -0.24348718
 -0.24348718 -0.24348718 -0.24348718 -0.24348718 -0.24348718 -0.24348718
 -0.24348718 -0.24348718 -0.24348718 -0.24348718 -0.24348718 -0.24348718
 -0.24348718 -0.24348718 -0.24348718 -0.24348718 -0.24348718 -0.24348718
 -0.24348718 -0.24348718 -0.24348718 -0.24348718 -0.24348718 -0.24348718
 -0.24348718 -0.24348718 -0.24348718 -0.24348718 -0.24348718 -0.24348718
 -0.24348718 -0.24348718 -0.24348718 -0.24348718 -0.24348718 -0.24348718
 -0.24348718 -0.24348718 -0.24348718 -0.24348718 -0.24348718 -0.24348718
  2.3705721  -0.24348718 -0.24348718 -0.24348718 -0.24348718 -0.24348718
 -0.24348718 -0.24348718 -0.24348718 -0.24348718 -0.24348718 -0.24348718
 -0.24348718 -0.24348718 -0.24348718 -0.24348718  3.70948243  2.20237317
 -0.24348718 -0.24348718 -0.24348718 -0.24348718 -0.24348718 -0.24348718
 -0.24348718 -0.24348718 -0.24348718 -0.24348718 -0.24348718 -0.24348718
 -0.24348718 -0.24348718 -0.24348718 -0.24348718 -0.24348718 -0.24348718
 -0.24348718 -0.24348718 -0.24348718 -0.24348718 -0.24348718 -0.24348718
 -0.24348718 -0.24348718  3.13929921 -0.24348718  2.84351354 -0.24348718
 -0.24348718 -0.24348718 -0.24348718 -0.24348718 -0.24348718 -0.24348718
 -0.24348718 -0.24348718 -0.24348718 -0.24348718 -0.24348718 -0.24348718
 -0.24348718 -0.24348718 -0.24348718 -0.24348718  4.57118569 -0.24348718
 -0.24348718 -0.24348718 -0.24348718 -0.24348718 -0.24348718 -0.24348718
 -0.24348718 -0.24348718 -0.24348718 -0.24348718 -0.24348718 -0.24348718
 -0.24348718 -0.24348718 -0.24348718 -0.24348718 -0.24348718 -0.24348718
 -0.24348718 -0.24348718 -0.24348718 -0.24348718]",[-0.0958306724339971]
1,"[-0.28176057 -0.28176057 -0.28176057 -0.28176057 -0.28176057  2.11553767
 -0.28176057 -0.28176057 -0.28176057 -0.28176057 -0.28176057 -0.28176057
 -0.28176057 -0.28176057 -0.28176057  2.25643136  3.03744282 -0.28176057
 -0.28176057 -0.28176057  4.34906182 -0.28176057 -0.28176057 -0.28176057
 -0.28176057 -0.28176057 -0.28176057 -0.28176057 -0.28176057 -0.28176057
 -0.28176057 -0.28176057 -0.28176057 -0.28176057 -0.28176057 -0.28176057
 -0.28176057 -0.28176057 -0.28176057 -0.28176057 -0.28176057 -0.28176057
 -0.28176057 -0.28176057 -0.28176057 -0.28176057 -0.28176057 -0.28176057
 -0.28176057 -0.28176057 -0.28176057 -0.28176057 -0.28176057  1.39840701
 -0.28176057 -0.28176057 -0.28176057 -0.28176057 -0.28176057 -0.28176057
 -0.28176057 -0.28176057 -0.28176057 -0.28176057 -0.28176057 -0.28176057
 -0.28176057 -0.28176057 -0.28176057 -0.28176057 -0.28176057 -0.28176057
 -0.28176057 -0.28176057 -0.28176057 -0.28176057 -0.28176057 -0.28176057
 -0.28176057 -0.28176057 -0.28176057  1.68363236 -0.28176057 -0.28176057
 -0.28176057 -0.28176057 -0.28176057 -0.28176057 -0.28176057 -0.28176057
 -0.28176057 -0.28176057 -0.28176057  4.94951151 -0.28176057 -0.28176057
 -0.28176057 -0.28176057 -0.28176057 -0.28176057  1.46642254 -0.28176057
 -0.28176057 -0.28176057  4.76931428  5.72291926 -0.28176057 -0.28176057
 -0.28176057 -0.28176057  3.40246722 -0.28176057 -0.28176057 -0.28176057
  3.41777371 -0.28176057  5.16198851 -0.28176057 -0.28176057 -0.28176057
 -0.28176057 -0.28176057 -0.28176057 -0.28176057 -0.28176057 -0.28176057
 -0.28176057 -0.28176057  2.37201604  1.43707429 -0.28176057  2.31680716
 -0.28176057 -0.28176057 -0.28176057 -0.28176057 -0.28176057 -0.28176057
 -0.28176057 -0.28176057 -0.28176057 -0.28176057 -0.28176057 -0.28176057
 -0.28176057 -0.28176057 -0.28176057 -0.28176057 -0.28176057 -0.28176057
 -0.28176057 -0.28176057 -0.28176057 -0.28176057 -0.28176057 -0.28176057
 -0.28176057 -0.28176057 -0.28176057 -0.28176057 -0.28176057 -0.28176057
 -0.28176057  1.5720536  -0.28176057  1.50808542 -0.28176057 -0.28176057
 -0.28176057 -0.28176057 -0.28176057 -0.28176057 -0.28176057 -0.28176057
 -0.28176057 -0.28176057  0.17673624 -0.28176057 -0.28176057 -0.28176057
 -0.28176057 -0.28176057 -0.28176057 -0.28176057 -0.28176057 -0.28176057
 -0.28176057 -0.28176057 -0.28176057 -0.28176057 -0.28176057  2.10331097
 -0.28176057 -0.28176057 -0.28176057 -0.28176057 -0.28176057 -0.28176057
 -0.28176057 -0.28176057 -0.28176057 -0.28176057 -0.28176057 -0.28176057
 -0.28176057 -0.28176057 -0.28176057 -0.28176057 -0.28176057 -0.28176057
 -0.28176057 -0.28176057 -0.28176057 -0.28176057 -0.28176057 -0.28176057
 -0.28176057 -0.28176057 -0.28176057 -0.28176057  1.09976017 -0.28176057
 -0.28176057 -0.28176057 -0.28176057 -0.28176057 -0.28176057 -0.28176057
 -0.28176057 -0.28176057 -0.28176057 -0.28176057 -0.28176057 -0.28176057
 -0.28176057 -0.28176057 -0.28176057 -0.28176057  5.53500245 -0.28176057
 -0.28176057 -0.28176057 -0.28176057 -0.28176057  1.93505153 -0.28176057
 -0.28176057 -0.28176057 -0.28176057 -0.28176057 -0.28176057  3.27220886
 -0.28176057 -0.28176057 -0.28176057 -0.28176057 -0.28176057 -0.28176057
 -0.28176057 -0.28176057 -0.28176057 -0.28176057]",[-0.022486669732915188]
1,"[-0.3367502  -0.3367502  -0.3367502  -0.3367502  -0.3367502  -0.3367502
  1.32709134 -0.3367502  -0.3367502   1.05984734 -0.3367502   1.89913782
 -0.3367502  -0.3367502  -0.3367502   3.0532792   2.4947285  -0.3367502
 -0.3367502  -0.3367502   4.64051065 -0.3367502   2.02931458 -0.3367502
  0.37132197  1.63201652 -0.3367502  -0.3367502  -0.3367502  -0.3367502
 -0.3367502  -0.3367502  -0.3367502  -0.3367502  -0.3367502  -0.3367502
 -0.3367502  -0.3367502   0.86167741 -0.3367502  -0.3367502  -0.3367502
 -0.3367502  -0.3367502  -0.3367502  -0.3367502  -0.3367502  -0.3367502
 -0.3367502  -0.3367502  -0.3367502  -0.3367502  -0.3367502   1.95514044
  2.79667049 -0.3367502  -0.3367502  -0.3367502  -0.3367502  -0.3367502
 -0.3367502  -0.3367502  -0.3367502  -0.3367502   1.26018211 -0.3367502
 -0.3367502  -0.3367502   2.14685308 -0.3367502  -0.3367502  -0.3367502
 -0.3367502  -0.3367502  -0.3367502  -0.3367502  -0.3367502  -0.3367502
 -0.3367502  -0.3367502  -0.3367502   1.61111629  1.89913782 -0.3367502
  1.81951156  2.69052288 -0.3367502  -0.3367502  -0.3367502  -0.3367502
 -0.3367502  -0.3367502  -0.3367502  -0.3367502  -0.3367502  -0.3367502
 -0.3367502  -0.3367502  -0.3367502  -0.3367502  -0.3367502  -0.3367502
 -0.3367502   4.08483539 -0.3367502   4.76942602 -0.3367502  -0.3367502
  1.89913782 -0.3367502   3.02813734 -0.3367502  -0.3367502  -0.3367502
  3.60238152 -0.3367502   4.1178926  -0.3367502  -0.3367502  -0.3367502
 -0.3367502  -0.3367502  -0.3367502  -0.3367502  -0.3367502  -0.3367502
 -0.3367502  -0.3367502  -0.3367502  -0.3367502  -0.3367502  -0.3367502
 -0.3367502  -0.3367502  -0.3367502  -0.3367502  -0.3367502   0.04914742
 -0.3367502  -0.3367502  -0.3367502  -0.3367502  -0.3367502  -0.3367502
 -0.3367502  -0.3367502  -0.3367502  -0.3367502  -0.3367502  -0.3367502
 -0.3367502  -0.3367502  -0.3367502   0.92100911 -0.3367502  -0.3367502
 -0.3367502  -0.3367502  -0.3367502  -0.3367502  -0.3367502  -0.3367502
 -0.3367502  -0.3367502  -0.3367502  -0.3367502  -0.3367502  -0.3367502
 -0.3367502  -0.3367502  -0.3367502  -0.3367502  -0.3367502  -0.3367502
 -0.3367502  -0.3367502  -0.3367502  -0.3367502  -0.3367502  -0.3367502
 -0.3367502  -0.3367502  -0.3367502  -0.3367502  -0.3367502  -0.3367502
 -0.3367502   2.16781758 -0.3367502  -0.3367502   4.46076239  5.25671059
 -0.3367502  -0.3367502  -0.3367502  -0.3367502  -0.3367502  -0.3367502
 -0.3367502  -0.3367502  -0.3367502  -0.3367502  -0.3367502  -0.3367502
 -0.3367502  -0.3367502  -0.3367502  -0.3367502  -0.3367502  -0.3367502
 -0.3367502  -0.3367502  -0.3367502  -0.3367502  -0.3367502  -0.3367502
 -0.3367502  -0.3367502   1.61111629 -0.3367502   1.57811633 -0.3367502
 -0.3367502  -0.3367502  -0.3367502  -0.3367502  -0.3367502  -0.3367502
 -0.3367502  -0.3367502   1.05984734 -0.3367502  -0.3367502  -0.3367502
 -0.3367502  -0.3367502  -0.3367502  -0.3367502   2.96139745 -0.3367502
 -0.3367502  -0.3367502  -0.3367502  -0.3367502  -0.3367502  -0.3367502
 -0.3367502  -0.3367502  -0.3367502  -0.3367502  -0.3367502  -0.3367502
 -0.3367502  -0.3367502  -0.3367502  -0.3367502  -0.3367502  -0.3367502
 -0.3367502  -0.3367502  -0.3367502  -0.3367502 ]",[0.022284548969489892]
1,"[-0.23110687 -0.23110687 -0.23110687 -0.23110687 -0.23110687 -0.23110687
 -0.23110687 -0.23110687 -0.23110687 -0.23110687 -0.23110687 -0.23110687
 -0.23110687 -0.23110687 -0.23110687 -0.23110687 -0.23110687 -0.23110687
 -0.23110687 -0.23110687  8.14896649 -0.23110687  4.27990313 -0.23110687
  0.95324384 -0.23110687 -0.23110687 -0.23110687 -0.23110687 -0.23110687
 -0.23110687 -0.23110687 -0.23110687 -0.23110687 -0.23110687 -0.23110687
 -0.23110687 -0.23110687 -0.23110687 -0.23110687 -0.23110687 -0.23110687
  2.62736605 -0.23110687 -0.23110687 -0.23110687 -0.23110687 -0.23110687
 -0.23110687 -0.23110687 -0.23110687 -0.23110687  0.57279572  0.86799777
 -0.23110687 -0.23110687 -0.23110687 -0.23110687 -0.23110687 -0.23110687
 -0.23110687 -0.23110687 -0.23110687 -0.23110687 -0.23110687 -0.23110687
 -0.23110687 -0.23110687 -0.23110687 -0.23110687 -0.23110687 -0.23110687
 -0.23110687 -0.23110687 -0.23110687 -0.23110687 -0.23110687 -0.23110687
 -0.23110687 -0.23110687 -0.23110687 -0.23110687 -0.23110687 -0.23110687
 -0.23110687 -0.23110687 -0.23110687 -0.23110687 -0.23110687 -0.23110687
 -0.23110687 -0.23110687 -0.23110687  2.55498803 -0.23110687 -0.23110687
 -0.23110687 -0.23110687 -0.23110687 -0.23110687 -0.23110687 -0.23110687
 -0.23110687 -0.23110687 -0.23110687 -0.23110687 -0.23110687  5.29038962
 -0.23110687 -0.23110687  5.53012675 -0.23110687 -0.23110687 -0.23110687
  3.95607751 -0.23110687 -0.23110687 -0.23110687 -0.23110687 -0.23110687
 -0.23110687 -0.23110687 -0.23110687 -0.23110687 -0.23110687 -0.23110687
 -0.23110687  2.68187702 -0.23110687 -0.23110687 -0.23110687 -0.23110687
 -0.23110687 -0.23110687 -0.23110687 -0.23110687 -0.23110687 -0.23110687
 -0.23110687 -0.23110687 -0.23110687 -0.23110687 -0.23110687  3.52620923
 -0.23110687 -0.23110687 -0.23110687 -0.23110687 -0.23110687 -0.23110687
 -0.23110687 -0.23110687 -0.23110687 -0.23110687 -0.23110687 -0.23110687
 -0.23110687 -0.23110687 -0.23110687 -0.23110687 -0.23110687 -0.23110687
 -0.23110687 -0.23110687 -0.23110687 -0.23110687 -0.23110687 -0.23110687
 -0.23110687 -0.23110687 -0.23110687 -0.23110687 -0.23110687 -0.23110687
 -0.23110687 -0.23110687 -0.23110687 -0.23110687 -0.23110687 -0.23110687
 -0.23110687 -0.23110687 -0.23110687 -0.23110687 -0.23110687 -0.23110687
 -0.23110687 -0.23110687 -0.23110687 -0.23110687  2.63854256  5.07992943
 -0.23110687 -0.23110687 -0.23110687 -0.23110687 -0.23110687 -0.23110687
 -0.23110687 -0.23110687 -0.23110687 -0.23110687 -0.23110687 -0.23110687
 -0.23110687 -0.23110687 -0.23110687 -0.23110687 -0.23110687 -0.23110687
 -0.23110687 -0.23110687 -0.23110687 -0.23110687 -0.23110687 -0.23110687
 -0.23110687 -0.23110687  2.56924252 -0.23110687  1.87267324 -0.23110687
 -0.23110687 -0.23110687 -0.23110687 -0.23110687 -0.23110687 -0.23110687
 -0.23110687 -0.23110687 -0.23110687 -0.23110687 -0.23110687 -0.23110687
 -0.23110687 -0.23110687 -0.23110687 -0.23110687  3.4708548  -0.23110687
 -0.23110687 -0.23110687 -0.23110687 -0.23110687 -0.23110687 -0.23110687
 -0.23110687 -0.23110687 -0.23110687 -0.23110687 -0.23110687 -0.23110687
 -0.23110687 -0.23110687 -0.23110687 -0.23110687 -0.23110687 -0.23110687
 -0.23110687 -0.23110687 -0.23110687 -0.23110687]",[-0.09137802553652372]
1,"[-0.34326478 -0.34326478 -0.34326478 -0.34326478 -0.34326478 -0.34326478
  2.02664158 -0.34326478 -0.34326478 -0.34326478 -0.34326478 -0.34326478
 -0.34326478 -0.34326478 -0.34326478 -0.34326478  2.94165883 -0.34326478
 -0.34326478 -0.34326478  5.97688533 -0.34326478  3.68133863 -0.34326478
 -0.34326478  0.98462271 -0.34326478 -0.34326478 -0.34326478 -0.34326478
 -0.34326478 -0.34326478 -0.34326478 -0.34326478 -0.34326478 -0.34326478
 -0.34326478 -0.34326478 -0.34326478 -0.34326478 -0.34326478 -0.34326478
 -0.34326478 -0.34326478 -0.34326478 -0.34326478  2.26926852 -0.34326478
 -0.34326478 -0.34326478 -0.34326478 -0.34326478  1.08230212  1.08230212
 -0.34326478 -0.34326478 -0.34326478 -0.34326478 -0.34326478 -0.34326478
 -0.34326478 -0.34326478 -0.34326478 -0.34326478 -0.34326478 -0.34326478
 -0.34326478 -0.34326478  0.64659494 -0.34326478 -0.34326478 -0.34326478
 -0.34326478 -0.34326478 -0.34326478 -0.34326478 -0.34326478 -0.34326478
 -0.34326478 -0.34326478 -0.34326478 -0.34326478  2.63954607 -0.34326478
 -0.34326478 -0.34326478 -0.34326478 -0.34326478  2.50786901 -0.34326478
 -0.34326478 -0.34326478 -0.34326478 -0.34326478 -0.34326478 -0.34326478
 -0.34326478 -0.34326478 -0.34326478 -0.34326478 -0.34326478 -0.34326478
 -0.34326478 -0.34326478 -0.34326478 -0.34326478 -0.34326478 -0.34326478
 -0.34326478 -0.34326478  1.86448193 -0.34326478 -0.34326478 -0.34326478
  2.84157782 -0.34326478 -0.34326478  2.03187496  1.76502824 -0.34326478
 -0.34326478 -0.34326478 -0.34326478 -0.34326478 -0.34326478 -0.34326478
 -0.34326478 -0.34326478  2.45658658  3.16318202 -0.34326478  2.73062711
 -0.34326478 -0.34326478 -0.34326478 -0.34326478 -0.34326478 -0.34326478
 -0.34326478  0.64659494 -0.34326478 -0.34326478 -0.34326478  2.59881045
 -0.34326478 -0.34326478 -0.34326478 -0.34326478 -0.34326478 -0.34326478
 -0.34326478 -0.34326478 -0.34326478 -0.34326478 -0.34326478 -0.34326478
 -0.34326478 -0.34326478 -0.34326478 -0.34326478 -0.34326478 -0.34326478
 -0.34326478  2.31628966 -0.34326478 -0.34326478 -0.34326478 -0.34326478
 -0.34326478 -0.34326478 -0.34326478 -0.34326478 -0.34326478 -0.34326478
  0.21055363 -0.34326478 -0.34326478 -0.34326478 -0.34326478 -0.34326478
 -0.34326478 -0.34326478 -0.34326478 -0.34326478 -0.34326478 -0.34326478
 -0.34326478  1.64827857 -0.34326478  2.10068086  2.51438423  4.13515729
  2.65891285 -0.34326478 -0.34326478 -0.34326478 -0.34326478 -0.34326478
 -0.34326478 -0.34326478 -0.34326478 -0.34326478 -0.34326478 -0.34326478
 -0.34326478 -0.34326478 -0.34326478 -0.34326478 -0.34326478 -0.34326478
 -0.34326478 -0.34326478 -0.34326478 -0.34326478 -0.34326478 -0.34326478
 -0.34326478 -0.34326478 -0.34326478  1.99423533 -0.34326478 -0.34326478
 -0.34326478 -0.34326478 -0.34326478 -0.34326478 -0.34326478 -0.34326478
 -0.34326478 -0.34326478  2.1768087  -0.34326478 -0.34326478 -0.34326478
 -0.34326478 -0.34326478 -0.34326478 -0.34326478  4.50983659 -0.34326478
 -0.34326478 -0.34326478  2.45658658 -0.34326478 -0.34326478 -0.34326478
 -0.34326478 -0.34326478 -0.34326478 -0.34326478 -0.34326478 -0.34326478
 -0.34326478 -0.34326478 -0.34326478  4.64305587 -0.34326478 -0.34326478
 -0.34326478 -0.34326478 -0.34326478  1.30506021]",[0.14738928908954613]
1,"[-0.29643983 -0.29643983 -0.29643983  0.35727533 -0.29643983 -0.29643983
  2.12536863 -0.29643983 -0.29643983  0.86634336 -0.29643983 -0.29643983
 -0.29643983 -0.29643983 -0.29643983 -0.29643983 -0.29643983 -0.29643983
 -0.29643983 -0.29643983  6.1456872   3.06001478  5.75252949 -0.29643983
  3.9353902   1.6639009  -0.29643983 -0.29643983 -0.29643983 -0.29643983
 -0.29643983  2.08656887 -0.29643983 -0.29643983 -0.29643983 -0.29643983
 -0.29643983 -0.29643983  1.58254294 -0.29643983  3.09609222 -0.29643983
  4.77396278 -0.29643983 -0.29643983 -0.29643983 -0.29643983 -0.29643983
 -0.29643983 -0.29643983 -0.29643983 -0.29643983 -0.29643983  1.83726235
 -0.29643983 -0.29643983 -0.29643983 -0.29643983 -0.29643983 -0.29643983
 -0.29643983 -0.29643983 -0.29643983 -0.29643983 -0.29643983 -0.29643983
 -0.29643983 -0.29643983 -0.29643983 -0.29643983 -0.29643983 -0.29643983
 -0.29643983 -0.29643983 -0.29643983 -0.29643983 -0.29643983 -0.29643983
 -0.29643983 -0.29643983 -0.29643983 -0.29643983 -0.29643983 -0.29643983
 -0.29643983 -0.29643983 -0.29643983 -0.29643983  4.05701862 -0.29643983
 -0.29643983 -0.29643983 -0.29643983 -0.29643983 -0.29643983 -0.29643983
 -0.29643983 -0.29643983 -0.29643983 -0.29643983 -0.29643983 -0.29643983
 -0.29643983  4.15012414 -0.29643983 -0.29643983 -0.29643983 -0.29643983
 -0.29643983 -0.29643983  1.44156936 -0.29643983 -0.29643983 -0.29643983
  3.00611966 -0.29643983 -0.29643983 -0.29643983  0.83960009 -0.29643983
 -0.29643983 -0.29643983 -0.29643983 -0.29643983 -0.29643983 -0.29643983
 -0.29643983 -0.29643983  2.09528452 -0.29643983 -0.29643983  2.95198328
 -0.29643983 -0.29643983 -0.29643983 -0.29643983 -0.29643983 -0.29643983
 -0.29643983 -0.29643983 -0.29643983 -0.29643983 -0.29643983 -0.29643983
 -0.29643983 -0.29643983 -0.29643983 -0.29643983 -0.29643983 -0.29643983
 -0.29643983 -0.29643983 -0.29643983 -0.29643983 -0.29643983 -0.29643983
 -0.29643983 -0.29643983 -0.29643983 -0.29643983 -0.29643983 -0.29643983
 -0.29643983  3.78384664 -0.29643983 -0.29643983 -0.29643983 -0.29643983
 -0.29643983 -0.29643983 -0.29643983 -0.29643983 -0.29643983 -0.29643983
  1.51962443 -0.29643983 -0.29643983 -0.29643983 -0.29643983 -0.29643983
 -0.29643983 -0.29643983 -0.29643983 -0.29643983 -0.29643983 -0.29643983
 -0.29643983 -0.29643983 -0.29643983 -0.29643983 -0.29643983  1.42026598
 -0.29643983 -0.29643983 -0.29643983 -0.29643983 -0.29643983  0.62233083
 -0.29643983 -0.29643983 -0.29643983 -0.29643983 -0.29643983 -0.29643983
 -0.29643983 -0.29643983 -0.29643983 -0.29643983 -0.29643983 -0.29643983
 -0.29643983 -0.29643983 -0.29643983 -0.29643983 -0.29643983 -0.29643983
 -0.29643983 -0.29643983  1.59896001 -0.29643983  1.28633211 -0.29643983
 -0.29643983 -0.29643983 -0.29643983 -0.29643983 -0.29643983 -0.29643983
 -0.29643983 -0.29643983 -0.29643983 -0.29643983 -0.29643983 -0.29643983
 -0.29643983 -0.29643983 -0.29643983 -0.29643983  3.60736162 -0.29643983
 -0.29643983 -0.29643983 -0.29643983 -0.29643983 -0.29643983 -0.29643983
 -0.29643983 -0.29643983 -0.29643983 -0.29643983 -0.29643983 -0.29643983
 -0.29643983 -0.29643983 -0.29643983 -0.29643983 -0.29643983 -0.29643983
 -0.29643983 -0.29643983 -0.29643983 -0.29643983]",[0.05091831605976194]
1,"[-0.36375448 -0.36375448 -0.36375448 -0.36375448 -0.36375448 -0.36375448
  2.0587512  -0.36375448 -0.36375448 -0.36375448 -0.36375448 -0.36375448
 -0.36375448 -0.36375448 -0.36375448 -0.36375448  2.76084721 -0.36375448
 -0.36375448 -0.36375448  6.42580925 -0.36375448 -0.36375448 -0.36375448
  2.6909812   1.09345242 -0.36375448 -0.36375448  3.50932775 -0.36375448
 -0.36375448 -0.36375448 -0.36375448 -0.36375448 -0.36375448 -0.36375448
 -0.36375448  1.61619886  0.90437935 -0.36375448  3.30836847 -0.36375448
 -0.36375448 -0.36375448  1.48640935 -0.36375448 -0.36375448 -0.36375448
 -0.36375448 -0.36375448 -0.36375448 -0.36375448  0.72510219  3.70904345
 -0.36375448 -0.36375448 -0.36375448 -0.36375448 -0.36375448 -0.36375448
 -0.36375448 -0.36375448 -0.36375448 -0.36375448 -0.36375448 -0.36375448
 -0.36375448 -0.36375448 -0.36375448 -0.36375448 -0.36375448 -0.36375448
 -0.36375448 -0.36375448 -0.36375448 -0.36375448 -0.36375448 -0.36375448
 -0.36375448 -0.36375448 -0.36375448 -0.36375448 -0.36375448 -0.36375448
 -0.36375448 -0.36375448 -0.36375448 -0.36375448  2.90281553 -0.36375448
 -0.36375448 -0.36375448  1.59927012  2.23667376 -0.36375448 -0.36375448
 -0.36375448 -0.36375448 -0.36375448 -0.36375448 -0.36375448 -0.36375448
 -0.36375448 -0.36375448 -0.36375448 -0.36375448 -0.36375448 -0.36375448
 -0.36375448 -0.36375448 -0.36375448 -0.36375448 -0.36375448 -0.36375448
  3.19400017 -0.36375448 -0.36375448 -0.36375448  0.2119715  -0.36375448
 -0.36375448 -0.36375448 -0.36375448 -0.36375448 -0.36375448 -0.36375448
 -0.36375448 -0.36375448 -0.36375448 -0.36375448 -0.36375448 -0.36375448
 -0.36375448 -0.36375448 -0.36375448 -0.36375448  1.12511075 -0.36375448
 -0.36375448  2.14850157 -0.36375448 -0.36375448 -0.36375448 -0.36375448
 -0.36375448 -0.36375448 -0.36375448  2.66389008 -0.36375448 -0.36375448
 -0.36375448 -0.36375448 -0.36375448 -0.36375448 -0.36375448 -0.36375448
 -0.36375448 -0.36375448 -0.36375448 -0.36375448 -0.36375448  2.93031807
 -0.36375448 -0.36375448 -0.36375448  2.96937021 -0.36375448 -0.36375448
 -0.36375448 -0.36375448 -0.36375448 -0.36375448 -0.36375448 -0.36375448
  1.98780931 -0.36375448 -0.36375448 -0.36375448 -0.36375448 -0.36375448
 -0.36375448 -0.36375448 -0.36375448 -0.36375448 -0.36375448 -0.36375448
  2.59891502 -0.36375448  1.61619886 -0.36375448  1.52381824  2.13443376
 -0.36375448  1.32115456  0.45659933 -0.36375448 -0.36375448  0.81877994
 -0.36375448 -0.36375448 -0.36375448 -0.36375448 -0.36375448  2.96937021
 -0.36375448 -0.36375448 -0.36375448 -0.36375448 -0.36375448 -0.36375448
 -0.36375448 -0.36375448 -0.36375448 -0.36375448 -0.36375448 -0.36375448
 -0.36375448 -0.36375448 -0.36375448  2.37750602  1.21790649 -0.36375448
 -0.36375448 -0.36375448 -0.36375448 -0.36375448 -0.36375448 -0.36375448
 -0.36375448 -0.36375448  1.17918623 -0.36375448 -0.36375448 -0.36375448
 -0.36375448 -0.36375448 -0.36375448 -0.36375448  3.26577078 -0.36375448
 -0.36375448 -0.36375448 -0.36375448 -0.36375448 -0.36375448 -0.36375448
 -0.36375448 -0.36375448 -0.36375448 -0.36375448 -0.36375448 -0.36375448
 -0.36375448 -0.36375448 -0.36375448  2.22668665 -0.36375448 -0.36375448
 -0.36375448 -0.36375448 -0.36375448  3.88003032]",[-0.027677586676302934]
1,"[-0.39225626 -0.39225626 -0.39225626 -0.39225626 -0.39225626 -0.39225626
 -0.39225626 -0.39225626 -0.39225626 -0.39225626 -0.39225626 -0.39225626
 -0.39225626 -0.39225626 -0.39225626 -0.39225626  1.3463437  -0.39225626
 -0.39225626 -0.39225626  4.0825821   3.23960213  3.32072481 -0.39225626
  2.62593893  0.35013835 -0.39225626 -0.39225626  3.39302126 -0.39225626
 -0.39225626 -0.39225626 -0.39225626 -0.39225626 -0.39225626 -0.39225626
 -0.39225626 -0.39225626 -0.39225626 -0.39225626 -0.39225626 -0.39225626
 -0.39225626 -0.39225626 -0.39225626 -0.39225626 -0.39225626 -0.39225626
 -0.39225626 -0.39225626 -0.39225626 -0.39225626 -0.39225626  4.68215157
  0.97880766  2.62965212  1.48789526 -0.39225626 -0.39225626 -0.39225626
  0.18142233 -0.39225626 -0.39225626 -0.39225626  3.92806599 -0.39225626
 -0.39225626 -0.39225626 -0.39225626 -0.39225626 -0.39225626 -0.39225626
 -0.39225626 -0.39225626 -0.39225626 -0.39225626 -0.39225626 -0.39225626
 -0.39225626 -0.39225626 -0.39225626 -0.39225626 -0.39225626 -0.39225626
 -0.39225626 -0.39225626 -0.39225626 -0.39225626 -0.39225626 -0.39225626
 -0.39225626 -0.39225626 -0.39225626  0.48944991 -0.39225626 -0.39225626
 -0.39225626 -0.39225626 -0.39225626 -0.39225626  2.75110268 -0.39225626
 -0.39225626  2.12509065 -0.39225626 -0.39225626 -0.39225626 -0.39225626
 -0.39225626 -0.39225626 -0.39225626 -0.39225626 -0.39225626 -0.39225626
  2.06516565 -0.39225626 -0.39225626 -0.39225626 -0.39225626 -0.39225626
 -0.39225626 -0.39225626 -0.39225626 -0.39225626 -0.39225626 -0.39225626
 -0.39225626 -0.39225626 -0.39225626 -0.39225626 -0.39225626 -0.39225626
 -0.39225626 -0.39225626 -0.39225626 -0.39225626 -0.39225626  2.29766852
 -0.39225626  1.03359533 -0.39225626 -0.39225626 -0.39225626 -0.39225626
 -0.39225626 -0.39225626 -0.39225626  1.31711238 -0.39225626 -0.39225626
  1.39805104  2.75516115 -0.39225626 -0.39225626 -0.39225626 -0.39225626
 -0.39225626 -0.39225626  2.03581372 -0.39225626  0.61070877  2.66103093
 -0.39225626 -0.39225626 -0.39225626 -0.39225626 -0.39225626 -0.39225626
 -0.39225626 -0.39225626  0.76070576 -0.39225626 -0.39225626 -0.39225626
  2.25870477  2.07601673 -0.39225626 -0.39225626 -0.39225626 -0.39225626
 -0.39225626 -0.39225626 -0.39225626  2.21092643  2.45981663 -0.39225626
 -0.39225626  1.25729168 -0.39225626 -0.39225626  1.85702215  2.60932863
 -0.39225626 -0.39225626 -0.39225626 -0.39225626 -0.39225626 -0.39225626
 -0.39225626 -0.39225626  2.26692731 -0.39225626 -0.39225626 -0.39225626
 -0.39225626 -0.39225626 -0.39225626 -0.39225626 -0.39225626 -0.39225626
 -0.39225626 -0.39225626 -0.39225626 -0.39225626 -0.39225626 -0.39225626
 -0.39225626 -0.39225626 -0.39225626 -0.39225626 -0.39225626 -0.39225626
 -0.39225626  1.57294811 -0.39225626  1.7659041  -0.39225626 -0.39225626
 -0.39225626 -0.39225626  2.85149528 -0.39225626  3.36502592 -0.39225626
 -0.39225626 -0.39225626 -0.39225626 -0.39225626  2.34078987 -0.39225626
 -0.39225626 -0.39225626 -0.39225626 -0.39225626 -0.39225626 -0.39225626
 -0.39225626 -0.39225626 -0.39225626 -0.39225626  2.73453541 -0.39225626
 -0.39225626 -0.39225626 -0.39225626 -0.39225626 -0.39225626 -0.39225626
 -0.39225626 -0.39225626 -0.39225626  0.51489708]",[-0.01396443680716225]
1,"[-0.22070081 -0.22070081 -0.22070081  1.61640201 -0.22070081 -0.22070081
  3.35967947 -0.22070081 -0.22070081 -0.22070081 -0.22070081 -0.22070081
 -0.22070081 -0.22070081 -0.22070081 -0.22070081  3.73082761 -0.22070081
 -0.22070081 -0.22070081  9.27396724 -0.22070081 -0.22070081 -0.22070081
  1.82104942 -0.22070081 -0.22070081 -0.22070081 -0.22070081 -0.22070081
 -0.22070081 -0.22070081 -0.22070081 -0.22070081 -0.22070081 -0.22070081
 -0.22070081 -0.22070081 -0.22070081 -0.22070081 -0.22070081 -0.22070081
  3.22359195 -0.22070081 -0.22070081 -0.22070081 -0.22070081 -0.22070081
 -0.22070081 -0.22070081 -0.22070081 -0.22070081 -0.22070081  0.99369781
 -0.22070081 -0.22070081 -0.22070081 -0.22070081 -0.22070081 -0.22070081
 -0.22070081 -0.22070081 -0.22070081 -0.22070081 -0.22070081 -0.22070081
 -0.22070081 -0.22070081 -0.22070081 -0.22070081 -0.22070081 -0.22070081
 -0.22070081 -0.22070081 -0.22070081 -0.22070081 -0.22070081 -0.22070081
 -0.22070081 -0.22070081 -0.22070081  2.4463113   3.22359195 -0.22070081
 -0.22070081 -0.22070081 -0.22070081 -0.22070081 -0.22070081 -0.22070081
 -0.22070081 -0.22070081 -0.22070081 -0.22070081 -0.22070081 -0.22070081
 -0.22070081 -0.22070081 -0.22070081 -0.22070081 -0.22070081 -0.22070081
 -0.22070081 -0.22070081 -0.22070081 -0.22070081 -0.22070081 -0.22070081
 -0.22070081 -0.22070081 -0.22070081 -0.22070081 -0.22070081 -0.22070081
  4.06836973 -0.22070081  7.10397967 -0.22070081 -0.22070081 -0.22070081
 -0.22070081 -0.22070081 -0.22070081 -0.22070081 -0.22070081 -0.22070081
 -0.22070081 -0.22070081 -0.22070081 -0.22070081 -0.22070081 -0.22070081
 -0.22070081 -0.22070081 -0.22070081 -0.22070081 -0.22070081 -0.22070081
 -0.22070081 -0.22070081 -0.22070081 -0.22070081 -0.22070081 -0.22070081
 -0.22070081 -0.22070081 -0.22070081 -0.22070081 -0.22070081 -0.22070081
 -0.22070081 -0.22070081 -0.22070081 -0.22070081 -0.22070081 -0.22070081
 -0.22070081 -0.22070081 -0.22070081 -0.22070081 -0.22070081 -0.22070081
 -0.22070081 -0.22070081 -0.22070081 -0.22070081 -0.22070081 -0.22070081
 -0.22070081 -0.22070081 -0.22070081 -0.22070081 -0.22070081 -0.22070081
 -0.22070081 -0.22070081 -0.22070081 -0.22070081 -0.22070081 -0.22070081
 -0.22070081 -0.22070081 -0.22070081 -0.22070081 -0.22070081  2.4463113
 -0.22070081  2.20809643 -0.22070081 -0.22070081 -0.22070081  2.26909579
 -0.22070081 -0.22070081 -0.22070081 -0.22070081 -0.22070081 -0.22070081
 -0.22070081 -0.22070081 -0.22070081 -0.22070081 -0.22070081 -0.22070081
 -0.22070081 -0.22070081 -0.22070081 -0.22070081 -0.22070081 -0.22070081
 -0.22070081 -0.22070081 -0.22070081 -0.22070081 -0.22070081 -0.22070081
 -0.22070081 -0.22070081  2.57536826 -0.22070081 -0.22070081 -0.22070081
 -0.22070081 -0.22070081 -0.22070081 -0.22070081 -0.22070081 -0.22070081
 -0.22070081 -0.22070081 -0.22070081 -0.22070081 -0.22070081 -0.22070081
 -0.22070081 -0.22070081 -0.22070081 -0.22070081  3.93205902 -0.22070081
 -0.22070081 -0.22070081 -0.22070081 -0.22070081 -0.22070081 -0.22070081
 -0.22070081 -0.22070081 -0.22070081 -0.22070081 -0.22070081 -0.22070081
 -0.22070081 -0.22070081 -0.22070081 -0.22070081 -0.22070081 -0.22070081
 -0.22070081 -0.22070081 -0.22070081 -0.22070081]",[-0.02656480312251827]
1,"[-0.32846714 -0.32846714 -0.32846714 -0.32846714 -0.32846714 -0.32846714
  0.71048777 -0.32846714 -0.32846714 -0.32846714 -0.32846714 -0.32846714
 -0.32846714 -0.32846714 -0.32846714 -0.32846714  2.23669363 -0.32846714
 -0.32846714 -0.32846714  5.80778645 -0.32846714  4.59730753 -0.32846714
  3.26025432  0.58651844  1.5712967  -0.32846714  3.93395763 -0.32846714
 -0.32846714 -0.32846714 -0.32846714 -0.32846714 -0.32846714 -0.32846714
 -0.32846714 -0.32846714  2.48628228 -0.32846714 -0.32846714 -0.32846714
  3.56299028 -0.32846714 -0.32846714 -0.32846714 -0.32846714 -0.32846714
  2.59603701 -0.32846714 -0.32846714 -0.32846714 -0.32846714  5.52832398
 -0.32846714 -0.32846714 -0.32846714 -0.32846714 -0.32846714 -0.32846714
 -0.32846714 -0.32846714 -0.32846714 -0.32846714 -0.32846714 -0.32846714
 -0.32846714 -0.32846714 -0.32846714 -0.32846714 -0.32846714 -0.32846714
 -0.32846714 -0.32846714 -0.32846714 -0.32846714 -0.32846714 -0.32846714
 -0.32846714 -0.32846714 -0.32846714 -0.32846714 -0.32846714 -0.32846714
 -0.32846714 -0.32846714 -0.32846714 -0.32846714 -0.32846714 -0.32846714
 -0.32846714 -0.32846714 -0.32846714 -0.32846714 -0.32846714 -0.32846714
 -0.32846714 -0.32846714 -0.32846714 -0.32846714 -0.32846714 -0.32846714
 -0.32846714  2.78835653 -0.32846714 -0.32846714 -0.32846714 -0.32846714
 -0.32846714 -0.32846714  2.80228555 -0.32846714 -0.32846714 -0.32846714
  2.03755403 -0.32846714 -0.32846714 -0.32846714  0.76159359 -0.32846714
 -0.32846714 -0.32846714 -0.32846714  2.64310099 -0.32846714 -0.32846714
 -0.32846714 -0.32846714  2.1249686  -0.32846714 -0.32846714 -0.32846714
 -0.32846714 -0.32846714 -0.32846714 -0.32846714 -0.32846714  1.68333933
 -0.32846714 -0.32846714 -0.32846714  1.40161168 -0.32846714 -0.32846714
 -0.32846714 -0.32846714 -0.32846714  1.58408391 -0.32846714 -0.32846714
 -0.32846714  2.41364292 -0.32846714 -0.32846714 -0.32846714 -0.32846714
 -0.32846714 -0.32846714 -0.32846714 -0.32846714 -0.32846714  2.9729537
 -0.32846714 -0.32846714 -0.32846714 -0.32846714 -0.32846714 -0.32846714
 -0.32846714 -0.32846714 -0.32846714 -0.32846714 -0.32846714 -0.32846714
 -0.32846714 -0.32846714  0.73332633 -0.32846714 -0.32846714 -0.32846714
 -0.32846714 -0.32846714 -0.32846714 -0.32846714 -0.32846714 -0.32846714
 -0.32846714  1.70456566 -0.32846714 -0.32846714  3.43514428  2.8541117
 -0.32846714 -0.32846714 -0.32846714 -0.32846714 -0.32846714 -0.32846714
 -0.32846714 -0.32846714 -0.32846714 -0.32846714 -0.32846714 -0.32846714
 -0.32846714 -0.32846714 -0.32846714 -0.32846714 -0.32846714 -0.32846714
 -0.32846714 -0.32846714 -0.32846714 -0.32846714 -0.32846714 -0.32846714
 -0.32846714 -0.32846714 -0.32846714 -0.32846714 -0.32846714 -0.32846714
 -0.32846714  2.65105006 -0.32846714 -0.32846714 -0.32846714 -0.32846714
 -0.32846714 -0.32846714 -0.32846714 -0.32846714 -0.32846714 -0.32846714
 -0.32846714 -0.32846714 -0.32846714 -0.32846714  2.23155784 -0.32846714
 -0.32846714 -0.32846714 -0.32846714 -0.32846714 -0.32846714 -0.32846714
 -0.32846714 -0.32846714 -0.32846714 -0.32846714 -0.32846714  1.16780521
 -0.32846714 -0.32846714 -0.32846714 -0.32846714 -0.32846714 -0.32846714
 -0.32846714 -0.32846714 -0.32846714  1.00692138]",[0.012210617839118587]
1,"[-0.4349656  -0.4349656  -0.4349656  -0.4349656  -0.4349656  -0.4349656
  0.81158634 -0.4349656  -0.4349656  -0.4349656  -0.4349656  -0.4349656
 -0.4349656  -0.4349656  -0.4349656  -0.4349656   2.88192463 -0.4349656
 -0.4349656  -0.4349656   4.79882586 -0.4349656   3.99549379 -0.4349656
  1.93282975  0.26035726 -0.4349656  -0.4349656   3.96261786 -0.4349656
 -0.4349656  -0.4349656  -0.4349656  -0.4349656  -0.4349656  -0.4349656
 -0.4349656   1.81227841  0.51861871 -0.4349656  -0.4349656  -0.4349656
 -0.4349656  -0.4349656  -0.4349656  -0.4349656  -0.4349656  -0.4349656
 -0.4349656  -0.4349656  -0.4349656  -0.4349656   1.28366183  2.6385356
 -0.4349656  -0.4349656  -0.4349656  -0.4349656  -0.4349656  -0.4349656
 -0.4349656   0.48776618 -0.4349656  -0.4349656   1.53959988 -0.4349656
 -0.4349656  -0.4349656   0.97531001 -0.4349656  -0.4349656  -0.4349656
 -0.4349656  -0.4349656  -0.4349656  -0.4349656  -0.4349656  -0.4349656
 -0.4349656  -0.4349656  -0.4349656  -0.4349656   1.32597437 -0.4349656
 -0.4349656  -0.4349656  -0.4349656  -0.4349656   2.20367617 -0.4349656
 -0.4349656  -0.4349656  -0.4349656  -0.4349656  -0.4349656  -0.4349656
 -0.4349656  -0.4349656  -0.4349656  -0.4349656   2.22499169 -0.4349656
 -0.4349656   2.7152494  -0.4349656  -0.4349656  -0.4349656   1.0087175
 -0.4349656  -0.4349656   3.47999156 -0.4349656  -0.4349656  -0.4349656
  2.97223553 -0.4349656  -0.4349656  -0.4349656   0.60135828 -0.4349656
 -0.4349656  -0.4349656  -0.4349656  -0.4349656  -0.4349656  -0.4349656
 -0.4349656  -0.4349656   1.89456785 -0.4349656  -0.4349656   1.61862628
 -0.4349656  -0.4349656  -0.4349656   1.6488397   0.60899875  0.66304309
 -0.4349656   2.58546384 -0.4349656  -0.4349656  -0.4349656   1.34221535
 -0.4349656  -0.4349656  -0.4349656   0.49362046 -0.4349656  -0.4349656
  2.51603341  2.1975811  -0.4349656  -0.4349656  -0.4349656  -0.4349656
 -0.4349656  -0.4349656  -0.4349656  -0.4349656   0.64489253  0.87976917
 -0.4349656   1.76887707 -0.4349656  -0.4349656  -0.4349656  -0.4349656
 -0.4349656  -0.4349656   0.50440614 -0.4349656  -0.4349656  -0.4349656
  1.54336481  3.04259284 -0.02393236 -0.4349656  -0.4349656  -0.4349656
 -0.4349656  -0.4349656  -0.4349656  -0.4349656   1.27362085  1.75347993
 -0.4349656  -0.4349656  -0.4349656  -0.4349656   1.44770844  3.71842381
 -0.4349656  -0.4349656  -0.4349656  -0.4349656  -0.4349656  -0.4349656
 -0.4349656  -0.4349656  -0.4349656  -0.4349656  -0.4349656   2.03011143
 -0.4349656  -0.4349656  -0.4349656   2.25526944 -0.4349656  -0.4349656
 -0.4349656  -0.4349656  -0.4349656  -0.4349656  -0.4349656  -0.4349656
 -0.4349656  -0.4349656  -0.4349656  -0.4349656   1.19339793 -0.4349656
 -0.4349656  -0.4349656  -0.4349656  -0.4349656  -0.4349656  -0.4349656
 -0.4349656  -0.4349656   1.36303935 -0.4349656  -0.4349656  -0.4349656
  2.12479096 -0.4349656  -0.4349656  -0.4349656   2.8476852  -0.4349656
 -0.4349656  -0.4349656  -0.4349656  -0.4349656  -0.4349656  -0.4349656
 -0.4349656  -0.4349656  -0.4349656  -0.4349656  -0.4349656  -0.4349656
 -0.4349656  -0.4349656  -0.4349656   2.05561168 -0.4349656  -0.4349656
 -0.4349656  -0.4349656  -0.4349656   1.35404116]",[0.11660439206431589]
1,"[-0.31510446 -0.31510446 -0.31510446 -0.31510446 -0.31510446 -0.31510446
  2.4975073  -0.31510446 -0.31510446 -0.31510446 -0.31510446 -0.31510446
 -0.31510446 -0.31510446 -0.31510446 -0.31510446  3.7937686  -0.31510446
 -0.31510446 -0.31510446  5.88385237  2.65989126  4.42105244 -0.31510446
  4.40002048  1.81923874 -0.31510446 -0.31510446 -0.31510446 -0.31510446
 -0.31510446 -0.31510446 -0.31510446 -0.31510446 -0.31510446 -0.31510446
 -0.31510446 -0.31510446 -0.31510446 -0.31510446 -0.31510446 -0.31510446
  5.1803783  -0.31510446 -0.31510446 -0.31510446 -0.31510446 -0.31510446
 -0.31510446 -0.31510446 -0.31510446 -0.31510446 -0.31510446  1.16490547
 -0.31510446 -0.31510446 -0.31510446 -0.31510446 -0.31510446 -0.31510446
 -0.31510446 -0.31510446 -0.31510446 -0.31510446 -0.31510446 -0.31510446
 -0.31510446 -0.31510446 -0.31510446 -0.31510446 -0.31510446 -0.31510446
 -0.31510446 -0.31510446 -0.31510446 -0.31510446 -0.31510446 -0.31510446
 -0.31510446 -0.31510446 -0.31510446 -0.31510446  1.73017766 -0.31510446
 -0.31510446 -0.31510446 -0.31510446 -0.31510446  3.13157052 -0.31510446
 -0.31510446 -0.31510446 -0.31510446 -0.31510446 -0.31510446 -0.31510446
 -0.31510446 -0.31510446 -0.31510446 -0.31510446  1.76741478 -0.31510446
 -0.31510446 -0.31510446 -0.31510446 -0.31510446 -0.31510446 -0.31510446
 -0.31510446 -0.31510446  1.89669836 -0.31510446 -0.31510446 -0.31510446
  3.147593   -0.31510446 -0.31510446 -0.31510446 -0.31510446 -0.31510446
 -0.31510446 -0.31510446 -0.31510446 -0.31510446 -0.31510446 -0.31510446
 -0.31510446 -0.31510446  2.1084071   1.73017766 -0.31510446 -0.31510446
 -0.31510446 -0.31510446 -0.31510446 -0.31510446 -0.31510446  0.48409674
 -0.31510446  1.41110873 -0.31510446 -0.31510446 -0.31510446  1.80730247
 -0.31510446 -0.31510446 -0.31510446 -0.31510446 -0.31510446 -0.31510446
  1.49821252 -0.31510446 -0.31510446 -0.31510446 -0.31510446 -0.31510446
 -0.31510446 -0.31510446 -0.31510446 -0.31510446 -0.31510446 -0.31510446
 -0.31510446 -0.31510446 -0.31510446 -0.31510446 -0.31510446 -0.31510446
 -0.31510446 -0.31510446 -0.31510446 -0.31510446 -0.31510446 -0.31510446
  1.6679174  -0.31510446  0.10791531 -0.31510446 -0.31510446 -0.31510446
 -0.31510446 -0.31510446 -0.31510446 -0.31510446 -0.31510446  4.13280057
 -0.31510446  4.1004753  -0.31510446 -0.31510446 -0.31510446  2.52979857
 -0.31510446 -0.31510446 -0.31510446 -0.31510446 -0.31510446 -0.31510446
 -0.31510446 -0.31510446 -0.31510446 -0.31510446 -0.31510446 -0.31510446
 -0.31510446 -0.31510446 -0.31510446 -0.31510446 -0.31510446 -0.31510446
 -0.31510446 -0.31510446  1.27073234 -0.31510446 -0.31510446 -0.31510446
 -0.31510446 -0.31510446  2.13333123 -0.31510446 -0.31510446 -0.31510446
 -0.31510446 -0.31510446 -0.31510446 -0.31510446 -0.31510446 -0.31510446
 -0.31510446 -0.31510446 -0.31510446 -0.31510446 -0.31510446 -0.31510446
 -0.31510446 -0.31510446 -0.31510446 -0.31510446  2.64076486 -0.31510446
 -0.31510446 -0.31510446 -0.31510446 -0.31510446  2.30222862 -0.31510446
 -0.31510446 -0.31510446 -0.31510446 -0.31510446 -0.31510446 -0.31510446
 -0.31510446 -0.31510446 -0.31510446 -0.31510446 -0.31510446 -0.31510446
 -0.31510446 -0.31510446 -0.31510446 -0.31510446]",[0.0975735412714156]
1,"[-0.28865618 -0.28865618 -0.28865618 -0.28865618 -0.28865618 -0.28865618
  1.56508306 -0.28865618 -0.28865618 -0.28865618 -0.28865618 -0.28865618
 -0.28865618 -0.28865618 -0.28865618 -0.28865618  2.06497068 -0.28865618
 -0.28865618 -0.28865618  7.65291797 -0.28865618  5.59160846 -0.28865618
  2.43420988 -0.28865618  4.73146561 -0.28865618 -0.28865618 -0.28865618
 -0.28865618 -0.28865618 -0.28865618 -0.28865618 -0.28865618 -0.28865618
 -0.28865618  3.63157708 -0.28865618 -0.28865618 -0.28865618 -0.28865618
  4.68940796 -0.28865618 -0.28865618 -0.28865618 -0.28865618 -0.28865618
 -0.28865618 -0.28865618 -0.28865618 -0.28865618  0.41970007  1.21566724
 -0.28865618 -0.28865618 -0.28865618 -0.28865618 -0.28865618 -0.28865618
 -0.28865618 -0.28865618 -0.28865618 -0.28865618 -0.28865618 -0.28865618
 -0.28865618 -0.28865618 -0.28865618 -0.28865618 -0.28865618 -0.28865618
 -0.28865618 -0.28865618 -0.28865618 -0.28865618 -0.28865618 -0.28865618
 -0.28865618 -0.28865618 -0.28865618 -0.28865618 -0.28865618 -0.28865618
 -0.28865618 -0.28865618 -0.28865618 -0.28865618  3.19855086 -0.28865618
 -0.28865618 -0.28865618 -0.28865618 -0.28865618 -0.28865618 -0.28865618
 -0.28865618 -0.28865618 -0.28865618 -0.28865618 -0.28865618 -0.28865618
 -0.28865618 -0.28865618 -0.28865618 -0.28865618 -0.28865618 -0.28865618
 -0.28865618 -0.28865618 -0.28865618 -0.28865618 -0.28865618 -0.28865618
  2.33783659 -0.28865618 -0.28865618 -0.28865618 -0.28865618 -0.28865618
 -0.28865618 -0.28865618 -0.28865618 -0.28865618 -0.28865618 -0.28865618
 -0.28865618 -0.28865618  1.09649808 -0.28865618 -0.28865618 -0.28865618
 -0.28865618 -0.28865618 -0.28865618  1.9313512  -0.28865618 -0.28865618
 -0.28865618  2.64675991 -0.28865618 -0.28865618 -0.28865618 -0.28865618
 -0.28865618 -0.28865618 -0.28865618 -0.28865618 -0.28865618 -0.28865618
 -0.28865618  3.51858284 -0.28865618 -0.28865618 -0.28865618 -0.28865618
 -0.28865618 -0.28865618 -0.28865618 -0.28865618 -0.28865618  1.56508306
 -0.28865618 -0.28865618 -0.28865618 -0.28865618 -0.28865618 -0.28865618
 -0.28865618 -0.28865618  1.91289999 -0.28865618 -0.28865618 -0.28865618
  2.38500266 -0.28865618 -0.28865618 -0.28865618 -0.28865618 -0.28865618
 -0.28865618 -0.28865618 -0.28865618 -0.28865618  0.99851022 -0.28865618
 -0.28865618 -0.28865618 -0.28865618 -0.28865618 -0.28865618  1.97497741
 -0.28865618 -0.28865618 -0.28865618 -0.28865618 -0.28865618 -0.28865618
 -0.28865618 -0.28865618 -0.28865618 -0.28865618 -0.28865618 -0.28865618
 -0.28865618 -0.28865618 -0.28865618 -0.28865618 -0.28865618 -0.28865618
 -0.28865618 -0.28865618 -0.28865618 -0.28865618 -0.28865618 -0.28865618
 -0.28865618 -0.28865618  2.17886289  2.36605393  1.36576329 -0.28865618
 -0.28865618  1.64828903 -0.28865618 -0.28865618 -0.28865618 -0.28865618
 -0.28865618 -0.28865618 -0.28865618 -0.28865618 -0.28865618 -0.28865618
 -0.28865618 -0.28865618 -0.28865618 -0.28865618  3.0012274  -0.28865618
 -0.28865618 -0.28865618 -0.28865618 -0.28865618 -0.28865618 -0.28865618
 -0.28865618 -0.28865618 -0.28865618 -0.28865618 -0.28865618 -0.28865618
 -0.28865618 -0.28865618 -0.28865618 -0.28865618 -0.28865618 -0.28865618
 -0.28865618 -0.28865618 -0.28865618 -0.28865618]",[-0.04725028567159473]
1,"[-0.55180474 -0.55180474 -0.55180474  0.45662302 -0.55180474 -0.55180474
  1.48439416 -0.55180474 -0.55180474 -0.55180474 -0.55180474 -0.55180474
 -0.55180474 -0.55180474 -0.55180474 -0.55180474  2.13338156 -0.55180474
 -0.55180474 -0.55180474  4.18314476  1.82172777  3.42927608 -0.55180474
  1.97413852  0.83278036 -0.55180474 -0.55180474  1.84991734 -0.55180474
 -0.55180474  1.03459486 -0.55180474 -0.55180474  0.64388371  0.43084124
 -0.55180474  1.25736586  1.74921925 -0.55180474 -0.55180474 -0.55180474
  2.72380401 -0.55180474 -0.55180474  1.62146417 -0.55180474 -0.55180474
 -0.55180474 -0.55180474 -0.55180474 -0.55180474 -0.1015987   0.97987434
 -0.55180474 -0.55180474 -0.55180474  2.20799861 -0.55180474 -0.55180474
 -0.08746643  1.80557193 -0.55180474  2.08372388 -0.55180474 -0.55180474
 -0.55180474 -0.55180474  0.79445383  0.43084124  1.44602773 -0.55180474
 -0.55180474 -0.55180474 -0.55180474 -0.55180474 -0.55180474 -0.55180474
 -0.55180474 -0.55180474 -0.55180474 -0.55180474 -0.55180474 -0.55180474
 -0.55180474 -0.55180474 -0.55180474 -0.55180474  1.66033644 -0.55180474
 -0.55180474 -0.55180474  1.05943854 -0.55180474  1.62146417 -0.55180474
 -0.55180474 -0.55180474 -0.55180474 -0.55180474  2.02569053 -0.55180474
 -0.55180474 -0.55180474 -0.55180474 -0.55180474 -0.55180474 -0.55180474
  1.29672384 -0.55180474  1.29672384 -0.55180474 -0.55180474 -0.55180474
  2.46479373 -0.55180474  2.07167021 -0.55180474  0.4682915   0.13583185
 -0.55180474 -0.55180474 -0.55180474  2.52593367 -0.55180474 -0.55180474
 -0.55180474 -0.55180474  2.6981031  -0.55180474 -0.55180474  1.09776507
  1.55522432 -0.55180474 -0.55180474 -0.55180474  0.04909315  1.15553654
 -0.55180474  2.01624175 -0.55180474 -0.55180474 -0.55180474  0.37383348
 -0.55180474 -0.55180474 -0.55180474  1.19502102 -0.55180474 -0.55180474
  1.10978339  2.26830482 -0.55180474  0.85542674 -0.55180474 -0.55180474
 -0.55180474  0.91670413 -0.55180474 -0.55180474  0.51476501  2.58996812
  0.43084124  1.33944951 -0.55180474 -0.55180474  1.60055171 -0.55180474
 -0.55180474 -0.55180474  0.04909315  0.69582595 -0.55180474 -0.55180474
  0.77724025 -0.55180474 -0.55180474  0.69582595 -0.55180474 -0.55180474
 -0.55180474  0.58438882 -0.55180474 -0.55180474 -0.55180474 -0.55180474
 -0.55180474  2.84200602  1.83807272 -0.55180474  2.2505409   2.94134622
 -0.55180474 -0.55180474 -0.55180474 -0.55180474 -0.55180474  0.65481223
 -0.55180474 -0.55180474 -0.55180474 -0.55180474 -0.55180474  1.24901944
  1.60055171 -0.55180474 -0.55180474 -0.55180474  1.05943854 -0.55180474
 -0.55180474 -0.55180474 -0.55180474 -0.55180474 -0.55180474 -0.55180474
 -0.55180474 -0.55180474 -0.55180474 -0.55180474  1.03884148 -0.55180474
 -0.55180474 -0.55180474 -0.55180474  1.13281165 -0.55180474 -0.55180474
  1.71249937 -0.55180474 -0.55180474 -0.55180474 -0.55180474 -0.55180474
 -0.55180474 -0.55180474 -0.55180474 -0.55180474  3.04611034 -0.55180474
 -0.55180474 -0.55180474 -0.55180474 -0.55180474 -0.55180474 -0.55180474
 -0.55180474 -0.55180474 -0.55180474 -0.55180474 -0.55180474 -0.55180474
 -0.55180474 -0.55180474 -0.55180474  2.55493868 -0.55180474  1.13281165
 -0.55180474 -0.55180474 -0.55180474  0.85542674]",[0.12349995972835831]
1,"[-0.540824   -0.540824   -0.540824   -0.540824   -0.540824   -0.540824
  0.6895518  -0.540824   -0.540824   -0.540824   -0.540824   -0.540824
 -0.540824   -0.540824   -0.540824   -0.540824   -0.540824   -0.540824
 -0.540824   -0.540824    3.71887906  1.86366301  1.77677767 -0.540824
 -0.540824    1.52089861 -0.540824    1.5548833   1.60979897 -0.540824
  0.87981965 -0.540824    0.95301604 -0.540824    1.99205687  1.98414648
 -0.540824    1.18185883  3.33994464 -0.540824   -0.540824   -0.540824
 -0.540824   -0.540824   -0.540824   -0.540824   -0.540824    1.64623985
 -0.540824   -0.540824   -0.540824   -0.540824   -0.540824   -0.540824
  0.6772931  -0.540824   -0.540824   -0.540824    1.00965338 -0.540824
 -0.14889148  3.16676657 -0.540824    3.41079385 -0.540824   -0.540824
 -0.540824   -0.540824   -0.540824   -0.540824    2.46518011 -0.540824
  1.47604959 -0.540824   -0.540824   -0.540824   -0.540824   -0.540824
 -0.540824   -0.540824   -0.540824   -0.540824   -0.540824   -0.540824
 -0.540824   -0.540824   -0.540824   -0.540824    1.98288352 -0.540824
 -0.540824   -0.540824   -0.540824    0.62840602  2.56031832 -0.540824
 -0.540824   -0.540824    1.66332324 -0.540824   -0.540824   -0.540824
 -0.540824   -0.540824    1.99205687 -0.540824   -0.540824   -0.540824
 -0.540824   -0.540824    0.87981965 -0.540824   -0.540824   -0.540824
  0.80705352  2.91169853 -0.540824   -0.540824    1.18410905  1.16850795
  1.04308844 -0.540824   -0.540824   -0.540824    0.60619849 -0.540824
 -0.540824   -0.540824   -0.540824    2.26917509 -0.540824   -0.540824
 -0.540824    1.71070918 -0.540824   -0.540824    1.42398867  1.30610556
 -0.540824    1.57578632 -0.540824    1.10557394 -0.540824   -0.540824
 -0.540824   -0.540824   -0.540824    1.29879432 -0.540824    1.44319893
 -0.540824   -0.540824   -0.540824   -0.540824    0.45118747 -0.540824
 -0.540824    2.5237156  -0.540824   -0.540824    1.88231269 -0.540824
  1.92311136 -0.540824   -0.540824   -0.540824   -0.540824   -0.540824
 -0.540824    1.84763117  1.39808883  0.91190556 -0.540824   -0.540824
  1.80950282 -0.540824    1.39045881  1.84682647  1.4544415   1.27716363
  1.56135763  2.05505078 -0.540824   -0.540824   -0.540824   -0.540824
 -0.540824   -0.540824    3.23007645 -0.540824    0.26420081  1.45358745
  1.12446767 -0.540824   -0.540824   -0.540824   -0.540824   -0.540824
 -0.540824   -0.540824   -0.540824    1.74506093 -0.540824   -0.540824
 -0.540824   -0.540824   -0.540824   -0.540824   -0.540824    1.47604959
 -0.540824   -0.540824   -0.540824   -0.540824   -0.540824   -0.540824
 -0.540824   -0.540824    0.45118747 -0.540824   -0.540824   -0.540824
 -0.540824    1.68532079 -0.540824   -0.540824   -0.540824   -0.540824
 -0.540824   -0.540824   -0.540824   -0.540824   -0.540824   -0.540824
 -0.540824    1.44319893 -0.540824   -0.540824    1.39617797 -0.540824
 -0.540824   -0.540824   -0.540824   -0.540824   -0.540824   -0.540824
 -0.540824   -0.540824   -0.540824   -0.540824   -0.540824   -0.540824
 -0.540824   -0.540824   -0.540824   -0.540824   -0.540824   -0.540824
 -0.540824   -0.540824    0.56069102  1.96873046]",[0.04463088911239682]
1,"[-0.40180244 -0.40180244 -0.40180244 -0.40180244 -0.40180244 -0.40180244
  1.27235716 -0.40180244 -0.40180244  0.59123138 -0.40180244 -0.40180244
 -0.40180244 -0.40180244 -0.40180244 -0.40180244  2.15881979 -0.40180244
 -0.40180244 -0.40180244  4.63935187  2.42194923  3.90623445 -0.40180244
  1.81612866 -0.40180244 -0.40180244 -0.40180244  2.70535955 -0.40180244
 -0.40180244 -0.40180244 -0.40180244 -0.40180244 -0.40180244 -0.40180244
 -0.40180244  1.81489971  0.79263268 -0.40180244 -0.40180244 -0.40180244
  2.32937867 -0.40180244 -0.40180244 -0.40180244 -0.40180244 -0.40180244
 -0.40180244 -0.40180244 -0.40180244 -0.40180244 -0.40180244 -0.40180244
 -0.40180244 -0.40180244 -0.40180244  1.67636676 -0.40180244 -0.40180244
 -0.40180244  0.91844367 -0.40180244 -0.40180244 -0.40180244 -0.40180244
 -0.40180244 -0.40180244 -0.40180244 -0.40180244 -0.40180244 -0.40180244
 -0.40180244 -0.40180244 -0.40180244 -0.40180244 -0.40180244 -0.40180244
 -0.40180244 -0.40180244 -0.40180244 -0.40180244  1.08248278 -0.40180244
 -0.40180244 -0.40180244 -0.40180244 -0.40180244 -0.40180244 -0.40180244
 -0.40180244 -0.40180244 -0.40180244 -0.40180244 -0.40180244 -0.40180244
 -0.40180244 -0.40180244 -0.40180244 -0.40180244  2.80235915 -0.40180244
 -0.40180244 -0.40180244 -0.40180244 -0.40180244 -0.40180244 -0.40180244
 -0.40180244 -0.40180244  1.60235731 -0.40180244 -0.40180244 -0.40180244
  2.80643321 -0.40180244  2.58200445 -0.40180244  0.49265479 -0.40180244
 -0.40180244 -0.40180244 -0.40180244  3.51797101 -0.40180244 -0.40180244
 -0.40180244 -0.40180244  3.72333599 -0.40180244 -0.40180244 -0.40180244
  2.41192777 -0.40180244 -0.40180244 -0.40180244 -0.40180244  1.87573056
 -0.40180244  1.70494094 -0.40180244 -0.40180244 -0.40180244  1.04813573
 -0.40180244 -0.40180244 -0.40180244  0.76723493 -0.40180244 -0.40180244
  1.27235716  2.14149909 -0.40180244 -0.40180244 -0.40180244 -0.40180244
 -0.40180244 -0.40180244 -0.40180244 -0.40180244 -0.40180244  2.02783762
 -0.40180244  1.98723527 -0.40180244 -0.40180244 -0.40180244 -0.40180244
 -0.40180244 -0.40180244 -0.40180244 -0.40180244 -0.40180244 -0.40180244
 -0.40180244  1.51506656 -0.40180244 -0.40180244 -0.40180244 -0.40180244
 -0.40180244 -0.40180244 -0.40180244 -0.40180244 -0.40180244 -0.40180244
 -0.40180244  3.88947684  1.27235716 -0.40180244  1.75249924  3.82428851
 -0.40180244 -0.40180244 -0.40180244 -0.40180244 -0.40180244 -0.40180244
 -0.40180244 -0.40180244 -0.40180244 -0.40180244 -0.40180244 -0.40180244
 -0.40180244 -0.40180244 -0.40180244 -0.40180244  1.51506656 -0.40180244
 -0.40180244 -0.40180244 -0.40180244 -0.40180244 -0.40180244 -0.40180244
 -0.40180244  1.40866217 -0.40180244 -0.40180244  1.02068797 -0.40180244
 -0.40180244 -0.40180244 -0.40180244  2.15881979 -0.40180244 -0.40180244
 -0.40180244 -0.40180244  0.9499079  -0.40180244 -0.40180244 -0.40180244
 -0.40180244 -0.40180244 -0.40180244 -0.40180244  3.56296386 -0.40180244
 -0.40180244 -0.40180244 -0.40180244 -0.40180244 -0.40180244 -0.40180244
 -0.40180244 -0.40180244 -0.40180244 -0.40180244 -0.40180244 -0.40180244
 -0.40180244 -0.40180244 -0.40180244  3.46805177 -0.40180244 -0.40180244
 -0.40180244 -0.40180244 -0.40180244  0.76723493]",[0.015274429377923782]
1,"[-0.33066321 -0.33066321 -0.33066321 -0.33066321 -0.33066321 -0.33066321
 -0.33066321 -0.33066321 -0.33066321 -0.33066321 -0.33066321 -0.33066321
 -0.33066321 -0.33066321 -0.33066321 -0.33066321 -0.33066321 -0.33066321
 -0.33066321 -0.33066321  5.4421987   5.31129513  5.33519957 -0.33066321
  2.21467357 -0.33066321 -0.33066321 -0.33066321  1.93326257 -0.33066321
 -0.33066321 -0.33066321 -0.33066321 -0.33066321 -0.33066321 -0.33066321
 -0.33066321 -0.33066321  1.61286201 -0.33066321 -0.33066321 -0.33066321
  4.09710215 -0.33066321 -0.33066321 -0.33066321 -0.33066321  1.75876782
 -0.33066321 -0.33066321 -0.33066321 -0.33066321 -0.33066321  1.47473887
 -0.33066321 -0.33066321 -0.33066321 -0.33066321 -0.33066321 -0.33066321
 -0.33066321 -0.33066321 -0.33066321 -0.33066321 -0.33066321 -0.33066321
 -0.33066321 -0.33066321 -0.33066321 -0.33066321 -0.33066321 -0.33066321
 -0.33066321 -0.33066321 -0.33066321 -0.33066321 -0.33066321 -0.33066321
 -0.33066321 -0.33066321 -0.33066321 -0.33066321 -0.33066321 -0.33066321
 -0.33066321 -0.33066321 -0.33066321 -0.33066321  2.03635766 -0.33066321
 -0.33066321 -0.33066321  1.74402194  1.01838799 -0.33066321 -0.33066321
 -0.33066321 -0.33066321 -0.33066321 -0.33066321 -0.33066321 -0.33066321
 -0.33066321  2.17544228 -0.33066321 -0.33066321 -0.33066321 -0.33066321
 -0.33066321 -0.33066321 -0.33066321 -0.33066321 -0.33066321 -0.33066321
  2.38679607 -0.33066321 -0.33066321 -0.33066321 -0.33066321 -0.33066321
 -0.33066321 -0.33066321 -0.33066321 -0.33066321 -0.33066321 -0.33066321
 -0.33066321 -0.33066321  1.26577968 -0.33066321 -0.33066321 -0.33066321
 -0.33066321 -0.33066321 -0.33066321  1.70541532 -0.33066321  0.24953122
 -0.33066321  4.12141646 -0.33066321 -0.33066321 -0.33066321 -0.33066321
 -0.33066321 -0.33066321 -0.33066321  2.15465714 -0.33066321 -0.33066321
  3.70393111 -0.33066321 -0.33066321 -0.33066321 -0.33066321 -0.33066321
 -0.33066321 -0.33066321 -0.33066321 -0.33066321 -0.33066321 -0.33066321
 -0.33066321  1.89434269 -0.33066321 -0.33066321  2.53226206 -0.33066321
 -0.33066321  0.80998765 -0.33066321 -0.33066321 -0.33066321 -0.33066321
  2.11115305 -0.33066321 -0.02864461 -0.33066321 -0.33066321 -0.33066321
 -0.33066321 -0.33066321 -0.33066321 -0.33066321  0.87686029 -0.33066321
 -0.33066321 -0.33066321 -0.33066321 -0.33066321 -0.33066321  1.91562581
 -0.33066321 -0.33066321 -0.33066321 -0.33066321 -0.33066321 -0.33066321
 -0.33066321 -0.33066321 -0.33066321 -0.33066321  2.26666741  2.38106102
 -0.33066321 -0.33066321 -0.33066321 -0.33066321 -0.33066321 -0.33066321
 -0.33066321 -0.33066321 -0.33066321 -0.33066321 -0.33066321 -0.33066321
 -0.33066321 -0.33066321 -0.33066321 -0.33066321  0.70102304 -0.33066321
 -0.33066321 -0.33066321 -0.33066321 -0.33066321 -0.33066321 -0.33066321
 -0.33066321 -0.33066321  1.26577968 -0.33066321 -0.33066321 -0.33066321
 -0.33066321 -0.33066321 -0.33066321 -0.33066321  3.49927902 -0.33066321
 -0.33066321 -0.33066321 -0.33066321 -0.33066321 -0.33066321 -0.33066321
 -0.33066321 -0.33066321 -0.33066321 -0.33066321 -0.33066321 -0.33066321
 -0.33066321 -0.33066321 -0.33066321 -0.33066321 -0.33066321 -0.33066321
 -0.33066321 -0.33066321 -0.33066321  3.75463981]",[-0.0028673526015906003]
1,"[-0.41876136 -0.41876136 -0.41876136 -0.41876136 -0.41876136 -0.41876136
  1.58270715 -0.41876136 -0.41876136  0.85058302 -0.41876136 -0.41876136
 -0.41876136 -0.41876136 -0.41876136 -0.41876136  1.90747423 -0.41876136
 -0.41876136 -0.41876136  5.73828391  2.31323752  4.70131824 -0.41876136
  0.05093944  1.45310932 -0.41876136 -0.41876136  3.99518516 -0.41876136
 -0.41876136 -0.41876136 -0.41876136 -0.41876136 -0.41876136 -0.41876136
 -0.41876136 -0.41876136  3.45393736 -0.41876136 -0.41876136 -0.41876136
 -0.41876136 -0.41876136 -0.41876136 -0.41876136 -0.41876136 -0.41876136
  1.04892989 -0.41876136 -0.41876136 -0.41876136 -0.41876136  1.1928801
 -0.41876136 -0.41876136 -0.41876136 -0.41876136  1.29119091 -0.41876136
 -0.41876136  3.10024381 -0.41876136 -0.41876136 -0.41876136 -0.41876136
 -0.41876136 -0.41876136 -0.41876136 -0.41876136 -0.41876136 -0.41876136
 -0.41876136 -0.41876136 -0.41876136 -0.41876136 -0.41876136 -0.41876136
 -0.41876136 -0.41876136 -0.41876136  2.02428832 -0.41876136 -0.41876136
 -0.41876136 -0.41876136 -0.41876136 -0.41876136  2.58445612 -0.41876136
 -0.41876136 -0.41876136 -0.41876136  0.68588517  2.7923798  -0.41876136
 -0.41876136 -0.41876136 -0.41876136 -0.41876136 -0.41876136 -0.41876136
 -0.41876136 -0.41876136 -0.41876136 -0.41876136 -0.41876136 -0.41876136
 -0.41876136 -0.41876136 -0.41876136 -0.41876136 -0.41876136 -0.41876136
  2.15061655  3.38727946 -0.41876136 -0.41876136  0.73812863  0.51529554
 -0.41876136 -0.41876136 -0.41876136 -0.41876136 -0.41876136 -0.41876136
 -0.41876136 -0.41876136 -0.41876136  1.6625809  -0.41876136 -0.41876136
 -0.41876136  1.6625809  -0.41876136  0.85058302  1.21229044  0.99602564
 -0.41876136  1.04892989 -0.41876136 -0.41876136 -0.41876136 -0.41876136
 -0.41876136 -0.41876136 -0.41876136  1.27401104 -0.41876136 -0.41876136
 -0.41876136 -0.41876136 -0.41876136 -0.41876136 -0.41876136 -0.41876136
 -0.41876136  1.47820206 -0.41876136 -0.41876136  1.77862367 -0.41876136
  2.63639556 -0.41876136 -0.41876136 -0.41876136 -0.41876136 -0.41876136
 -0.41876136  1.57837877  0.45056457 -0.41876136 -0.41876136 -0.41876136
  1.97355285 -0.41876136  0.65148132  2.33310318  1.1491066  -0.41876136
  1.47820206  2.58445612 -0.41876136 -0.41876136 -0.41876136 -0.41876136
 -0.41876136 -0.41876136  2.91757866 -0.41876136  1.71523124  1.23030612
 -0.41876136 -0.41876136 -0.41876136 -0.41876136 -0.41876136 -0.41876136
 -0.41876136 -0.41876136 -0.41876136  1.39904628 -0.41876136 -0.41876136
 -0.41876136 -0.41876136 -0.41876136 -0.41876136 -0.41876136 -0.41876136
 -0.41876136 -0.41876136 -0.41876136 -0.41876136 -0.41876136 -0.41876136
 -0.41876136 -0.41876136 -0.41876136 -0.41876136 -0.41876136 -0.41876136
 -0.41876136  1.75736146 -0.41876136 -0.41876136 -0.41876136 -0.41876136
 -0.41876136 -0.41876136 -0.41876136 -0.41876136 -0.41876136 -0.41876136
 -0.41876136  1.90747423 -0.41876136 -0.41876136  1.9974116  -0.41876136
 -0.41876136 -0.41876136 -0.41876136 -0.41876136 -0.41876136 -0.41876136
 -0.41876136 -0.41876136 -0.41876136 -0.41876136 -0.41876136 -0.41876136
 -0.41876136 -0.41876136 -0.41876136 -0.41876136 -0.41876136 -0.41876136
 -0.41876136 -0.41876136 -0.41876136  2.33310318]",[0.00703014984491529]
1,"[-0.47383593 -0.47383593 -0.47383593 -0.47383593 -0.47383593 -0.47383593
 -0.47383593 -0.47383593 -0.47383593 -0.47383593 -0.47383593 -0.47383593
 -0.47383593 -0.47383593 -0.47383593 -0.47383593  1.45823651 -0.47383593
 -0.47383593 -0.47383593  3.94027509  1.9240081   2.22381329 -0.47383593
 -0.47383593  0.82925495 -0.47383593 -0.47383593 -0.47383593 -0.47383593
  1.08664046 -0.47383593 -0.47383593 -0.47383593 -0.47383593 -0.47383593
 -0.47383593 -0.47383593  3.06777191 -0.47383593 -0.47383593 -0.47383593
 -0.47383593 -0.47383593 -0.47383593 -0.47383593 -0.47383593 -0.47383593
 -0.47383593 -0.47383593 -0.47383593 -0.47383593  0.2825849   0.3273798
 -0.47383593 -0.47383593 -0.47383593 -0.47383593  0.42113794 -0.47383593
  0.0587098   3.27428195 -0.47383593  1.78014097 -0.47383593 -0.47383593
 -0.47383593 -0.47383593 -0.47383593  0.65315252 -0.47383593 -0.47383593
 -0.47383593 -0.47383593 -0.47383593 -0.47383593 -0.47383593  1.27150836
 -0.47383593 -0.47383593 -0.47383593 -0.47383593 -0.47383593 -0.47383593
 -0.47383593 -0.47383593 -0.47383593 -0.47383593 -0.47383593 -0.47383593
 -0.47383593 -0.47383593 -0.47383593 -0.47383593  2.62547699 -0.47383593
 -0.47383593 -0.47383593  1.32558987 -0.47383593 -0.47383593 -0.47383593
 -0.47383593 -0.47383593 -0.47383593 -0.47383593 -0.47383593 -0.47383593
 -0.47383593 -0.47383593  1.45823651 -0.47383593 -0.47383593 -0.47383593
  2.10288288  2.60912215 -0.47383593  1.8407908   1.80210715  0.7845548
 -0.47383593 -0.47383593 -0.47383593  2.6517333   0.65315252 -0.47383593
 -0.47383593  0.77755555  3.50614533 -0.47383593 -0.47383593  3.10342662
 -0.47383593  1.99468367 -0.47383593 -0.47383593  0.90121039  0.88913106
 -0.47383593  0.76167598 -0.47383593 -0.47383593 -0.47383593  0.80779046
 -0.47383593 -0.47383593 -0.47383593  1.06908274 -0.47383593 -0.47383593
 -0.47383593 -0.47383593 -0.47383593 -0.47383593 -0.47383593 -0.47383593
 -0.47383593  2.85686491 -0.47383593 -0.47383593  1.54183459 -0.47383593
 -0.47383593  1.81746141 -0.47383593 -0.47383593 -0.47383593 -0.47383593
 -0.47383593  1.1005878   0.25847753 -0.47383593 -0.47383593 -0.47383593
  1.70584545 -0.47383593  0.79239469  1.78014097  1.18810599  2.10396755
  1.69522774  2.26709453 -0.47383593 -0.47383593 -0.47383593 -0.47383593
 -0.47383593 -0.47383593  3.03602743 -0.47383593  2.36315879  3.10858593
 -0.47383593 -0.47383593 -0.47383593 -0.47383593 -0.47383593 -0.47383593
 -0.47383593 -0.47383593 -0.47383593 -0.47383593 -0.47383593 -0.47383593
 -0.47383593 -0.47383593 -0.47383593 -0.47383593 -0.47383593 -0.47383593
 -0.47383593 -0.47383593 -0.47383593 -0.47383593 -0.47383593  1.27150836
 -0.47383593 -0.47383593  0.95706126 -0.47383593 -0.47383593 -0.47383593
 -0.47383593  1.07950845 -0.47383593 -0.47383593 -0.47383593 -0.47383593
 -0.47383593 -0.47383593 -0.47383593 -0.47383593 -0.47383593 -0.47383593
 -0.47383593  2.76372898 -0.47383593 -0.47383593  3.4377831  -0.47383593
 -0.47383593 -0.47383593 -0.47383593 -0.47383593 -0.47383593 -0.47383593
 -0.47383593 -0.47383593 -0.47383593 -0.47383593  1.78014097 -0.47383593
 -0.47383593 -0.47383593 -0.47383593  2.50937789 -0.47383593 -0.47383593
 -0.47383593 -0.47383593 -0.47383593  1.45823651]",[0.01406839532470816]
1,"[-0.45683158  1.76776565  2.18432169 -0.45683158  1.65482894 -0.45683158
  2.110616   -0.45683158 -0.45683158 -0.45683158 -0.45683158 -0.45683158
 -0.45683158 -0.45683158 -0.45683158 -0.45683158  2.29229376 -0.45683158
 -0.45683158  1.56285602  5.0761759   2.02061421  2.2673531  -0.45683158
  0.57326175  0.46355369 -0.45683158 -0.45683158  1.38393895 -0.45683158
 -0.45683158  1.59221697 -0.45683158  1.61089818  0.77491158  1.72618853
 -0.45683158  4.56773124  1.40450522 -0.45683158 -0.45683158 -0.45683158
  2.00665475 -0.45683158 -0.45683158 -0.45683158 -0.45683158  0.69051292
 -0.45683158 -0.45683158 -0.45683158 -0.45683158 -0.45683158  0.25527567
 -0.45683158 -0.45683158 -0.45683158 -0.45683158 -0.45683158 -0.45683158
 -0.45683158  2.10663785 -0.45683158  2.42084687 -0.45683158 -0.45683158
 -0.45683158 -0.45683158  2.24113941 -0.45683158  1.80049499 -0.45683158
 -0.45683158 -0.45683158 -0.45683158 -0.45683158 -0.45683158 -0.45683158
 -0.45683158 -0.45683158 -0.45683158 -0.45683158  1.80049499 -0.45683158
 -0.45683158 -0.45683158 -0.45683158 -0.45683158  3.13390099 -0.45683158
 -0.45683158 -0.45683158 -0.45683158 -0.45683158 -0.45683158 -0.45683158
 -0.45683158 -0.45683158 -0.45683158 -0.45683158  1.23616335 -0.45683158
 -0.45683158 -0.45683158 -0.45683158 -0.45683158 -0.45683158  1.30712797
 -0.45683158 -0.45683158 -0.45683158 -0.45683158 -0.45683158 -0.45683158
  2.85770626 -0.45683158  1.70302146 -0.45683158 -0.08743495 -0.20110353
 -0.45683158 -0.45683158 -0.45683158 -0.45683158 -0.45683158 -0.45683158
 -0.45683158 -0.45683158 -0.45683158  2.14262117  2.45742294 -0.45683158
 -0.45683158 -0.45683158 -0.45683158  0.58946741 -0.45683158 -0.45683158
 -0.45683158 -0.45683158 -0.45683158 -0.45683158 -0.45683158 -0.45683158
 -0.45683158 -0.45683158 -0.45683158 -0.45683158 -0.45683158 -0.45683158
 -0.45683158 -0.45683158 -0.45683158 -0.45683158 -0.45683158 -0.45683158
 -0.45683158  1.34696783 -0.45683158 -0.45683158  0.90335698  0.77491158
 -0.45683158  1.45074423 -0.45683158 -0.45683158 -0.45683158 -0.45683158
 -0.45683158 -0.45683158 -0.45683158 -0.45683158 -0.45683158 -0.45683158
  2.4505884  -0.45683158 -0.45683158 -0.45683158  0.53035896 -0.45683158
 -0.45683158 -0.45683158 -0.45683158 -0.45683158 -0.45683158 -0.45683158
 -0.45683158  1.41842685  1.56285602 -0.45683158 -0.45683158  2.75735992
  2.49975964 -0.45683158  0.23659445 -0.45683158  1.88776818  1.6016425
 -0.45683158  1.65482894 -0.45683158 -0.45683158 -0.45683158  3.21470377
 -0.45683158 -0.45683158 -0.45683158 -0.45683158 -0.45683158 -0.45683158
 -0.45683158 -0.45683158 -0.45683158 -0.45683158 -0.45683158  1.38393895
 -0.45683158 -0.45683158 -0.45683158 -0.45683158 -0.45683158 -0.45683158
 -0.45683158 -0.45683158 -0.45683158 -0.45683158 -0.45683158  0.54273731
 -0.45683158 -0.45683158 -0.45683158 -0.45683158 -0.45683158 -0.45683158
 -0.45683158 -0.45683158 -0.45683158 -0.45683158  3.50464208 -0.45683158
 -0.45683158 -0.45683158 -0.45683158 -0.45683158 -0.45683158 -0.45683158
 -0.45683158 -0.45683158 -0.45683158 -0.45683158 -0.45683158 -0.45683158
 -0.45683158 -0.45683158 -0.45683158 -0.45683158 -0.45683158 -0.45683158
 -0.45683158 -0.45683158 -0.45683158  1.34696783]",[0.10558936916619427]
1,"[-0.36590121 -0.36590121 -0.36590121 -0.36590121 -0.36590121 -0.36590121
  0.80856745 -0.36590121 -0.36590121 -0.36590121 -0.36590121 -0.36590121
 -0.36590121 -0.36590121 -0.36590121 -0.36590121  2.94736839 -0.36590121
 -0.36590121 -0.36590121  6.00072233  2.27159208  4.46957382 -0.36590121
  0.85565679  0.97699976 -0.36590121 -0.36590121  4.1134322  -0.36590121
 -0.36590121 -0.36590121 -0.36590121 -0.36590121 -0.36590121 -0.36590121
 -0.36590121  2.09513623  1.96782498 -0.36590121 -0.36590121 -0.36590121
  4.61870178 -0.36590121 -0.36590121  2.90014662 -0.36590121 -0.36590121
  1.7782651  -0.36590121 -0.36590121 -0.36590121 -0.36590121  2.9992337
 -0.36590121 -0.36590121 -0.36590121 -0.36590121 -0.36590121 -0.36590121
 -0.36590121 -0.36590121 -0.36590121  1.71382245  2.1999247  -0.36590121
 -0.36590121 -0.36590121 -0.36590121 -0.36590121 -0.36590121 -0.36590121
 -0.36590121 -0.36590121 -0.36590121 -0.36590121 -0.36590121  1.33913245
 -0.36590121 -0.36590121 -0.36590121 -0.36590121  1.55724565 -0.36590121
 -0.36590121 -0.36590121 -0.36590121 -0.36590121  2.8113482  -0.36590121
 -0.36590121 -0.36590121 -0.36590121 -0.36590121 -0.36590121 -0.36590121
 -0.36590121 -0.36590121 -0.36590121 -0.36590121  1.15069682 -0.36590121
 -0.36590121 -0.36590121 -0.36590121  1.55724565 -0.36590121 -0.36590121
  1.8360517  -0.36590121 -0.36590121 -0.36590121 -0.36590121 -0.36590121
  3.22113655 -0.36590121  1.97189427 -0.36590121  0.26867155 -0.36590121
 -0.36590121 -0.36590121 -0.36590121 -0.36590121 -0.36590121 -0.36590121
 -0.36590121 -0.36590121  1.67858862 -0.36590121 -0.36590121 -0.36590121
 -0.36590121 -0.36590121 -0.36590121  2.3784431  -0.36590121  0.41652413
 -0.36590121  0.89909197 -0.36590121 -0.36590121 -0.36590121 -0.36590121
 -0.36590121 -0.36590121 -0.36590121 -0.36590121 -0.36590121 -0.36590121
 -0.36590121 -0.36590121 -0.36590121 -0.36590121 -0.36590121 -0.36590121
 -0.36590121 -0.36590121 -0.36590121 -0.36590121 -0.36590121 -0.36590121
 -0.36590121 -0.36590121 -0.36590121 -0.36590121 -0.36590121 -0.36590121
 -0.36590121 -0.36590121 -0.36590121 -0.36590121 -0.36590121 -0.36590121
 -0.36590121 -0.36590121 -0.36590121 -0.36590121 -0.36590121 -0.36590121
 -0.36590121 -0.36590121 -0.36590121 -0.36590121  0.97699976 -0.36590121
 -0.36590121 -0.36590121 -0.36590121 -0.36590121  3.30318792  2.80986585
 -0.36590121 -0.36590121 -0.36590121 -0.36590121  1.18684054 -0.36590121
 -0.36590121 -0.36590121 -0.36590121 -0.36590121 -0.36590121 -0.36590121
 -0.36590121 -0.36590121 -0.36590121 -0.36590121 -0.36590121 -0.36590121
 -0.36590121 -0.36590121 -0.36590121 -0.36590121 -0.36590121 -0.36590121
 -0.36590121 -0.36590121  2.30425634 -0.36590121 -0.36590121 -0.36590121
 -0.36590121 -0.36590121 -0.36590121 -0.36590121 -0.36590121  1.15069682
 -0.36590121 -0.36590121  1.85406075 -0.36590121 -0.36590121 -0.36590121
 -0.36590121 -0.36590121 -0.36590121 -0.36590121  2.63660042 -0.36590121
 -0.36590121 -0.36590121 -0.36590121 -0.36590121 -0.36590121 -0.36590121
 -0.36590121 -0.36590121 -0.36590121 -0.36590121 -0.36590121 -0.36590121
 -0.36590121 -0.36590121 -0.36590121  1.93632465 -0.36590121 -0.36590121
 -0.36590121 -0.36590121 -0.36590121 -0.36590121]",[0.09170360060016058]
1,"[-0.56741105  2.78459848  2.14116903 -0.56741105 -0.56741105 -0.56741105
  0.09124885 -0.56741105 -0.56741105 -0.56741105 -0.56741105 -0.56741105
 -0.56741105 -0.56741105 -0.56741105 -0.56741105 -0.56741105 -0.56741105
 -0.56741105  0.63697062  3.52538613  1.53052167  2.84182988 -0.56741105
  2.09436503  0.66718299 -0.56741105 -0.56741105 -0.56741105 -0.56741105
  0.96123941 -0.56741105  0.38117159 -0.56741105  1.46657802  2.38887843
 -0.56741105  1.69244728  2.14851902 -0.56741105 -0.56741105 -0.56741105
  1.17098771 -0.56741105 -0.56741105  2.0623459  -0.56741105  1.59957279
  1.21703844 -0.56741105 -0.56741105 -0.56741105 -0.56741105 -0.07183094
 -0.56741105 -0.56741105 -0.56741105 -0.56741105  0.63697062 -0.56741105
  0.12364809  2.74011712 -0.56741105  2.73396504 -0.56741105  1.61840114
 -0.56741105 -0.56741105 -0.56741105 -0.56741105  1.93656125 -0.56741105
  1.4173731  -0.56741105 -0.56741105 -0.56741105 -0.56741105 -0.56741105
 -0.56741105 -0.56741105 -0.56741105 -0.56741105 -0.56741105 -0.56741105
 -0.56741105 -0.56741105 -0.56741105 -0.56741105  3.02915961 -0.56741105
 -0.56741105 -0.56741105 -0.56741105 -0.56741105  1.64872937 -0.56741105
 -0.56741105 -0.56741105  1.52055667 -0.56741105  2.1004692  -0.56741105
 -0.56741105 -0.56741105  1.36116673 -0.56741105 -0.56741105 -0.56741105
 -0.56741105 -0.56741105 -0.56741105 -0.56741105 -0.56741105 -0.56741105
  0.94235326  2.11058949 -0.56741105  0.56859579  1.01935995  0.94016318
  0.52939645  2.00739089 -0.56741105 -0.56741105  0.52939645 -0.56741105
 -0.56741105 -0.56741105 -0.56741105  1.05880825 -0.56741105 -0.56741105
 -0.56741105 -0.56741105 -0.56741105  1.07985522  1.14219402  0.94902511
 -0.56741105  0.80886124 -0.56741105 -0.56741105 -0.56741105 -0.56741105
 -0.56741105 -0.56741105 -0.56741105  0.97074637 -0.56741105  1.07985522
 -0.56741105 -0.56741105 -0.56741105 -0.56741105  0.60910067 -0.56741105
 -0.56741105  2.09906888 -0.56741105 -0.56741105  1.25828302 -0.56741105
 -0.56741105 -0.56741105 -0.56741105 -0.56741105 -0.56741105 -0.56741105
 -0.56741105  0.38117159  0.88939142 -0.56741105 -0.56741105 -0.56741105
  1.26721992 -0.56741105  1.53591401  1.60231804  1.49268672 -0.56741105
 -0.56741105  1.17098771 -0.56741105 -0.56741105 -0.56741105 -0.56741105
 -0.56741105 -0.56741105  2.50923773 -0.56741105 -0.56741105  0.8941473
 -0.56741105 -0.56741105  1.36116673 -0.56741105  3.15561011  2.97847462
 -0.56741105  2.86374121 -0.56741105  0.90163976 -0.56741105 -0.56741105
 -0.56741105  0.63697062 -0.56741105 -0.56741105 -0.56741105 -0.56741105
 -0.56741105 -0.56741105 -0.56741105 -0.56741105  0.63697062  2.14535078
 -0.56741105 -0.56741105  0.69525076 -0.56741105 -0.56741105 -0.56741105
 -0.56741105  1.37960388 -0.56741105 -0.56741105 -0.56741105  1.98432852
 -0.56741105 -0.56741105 -0.56741105 -0.56741105 -0.56741105 -0.56741105
 -0.56741105  0.90163976 -0.56741105 -0.56741105  1.28479177 -0.56741105
 -0.56741105 -0.56741105 -0.56741105 -0.56741105 -0.56741105 -0.56741105
 -0.56741105 -0.56741105 -0.56741105 -0.56741105 -0.56741105 -0.56741105
 -0.56741105 -0.56741105 -0.56741105 -0.56741105 -0.56741105 -0.56741105
 -0.56741105 -0.56741105  0.48588123  1.61840114]",[0.030177760669055975]
1,"[-0.56894758  2.83835149  2.17021894 -0.56894758 -0.56894758 -0.56894758
  0.62464368 -0.56894758 -0.56894758 -0.56894758 -0.56894758 -0.56894758
 -0.56894758 -0.56894758 -0.56894758 -0.56894758 -0.56894758 -0.56894758
 -0.56894758 -0.56894758  4.08102102  1.84512498  2.95265792 -0.56894758
  1.16833434  1.3350144  -0.56894758  0.33805704 -0.56894758 -0.56894758
  0.44733039 -0.56894758 -0.56894758 -0.56894758  1.38703664  2.35292293
 -0.56894758  1.00494162  2.22658377 -0.56894758 -0.56894758 -0.56894758
  1.00494162 -0.56894758 -0.56894758  1.9920461  -0.56894758  1.62640582
  0.91931853 -0.56894758 -0.56894758 -0.56894758 -0.56894758 -0.56894758
 -0.56894758 -0.56894758 -0.56894758 -0.56894758  0.38837149 -0.56894758
 -0.56894758  2.71446232 -0.56894758  2.79219144 -0.56894758  1.29351152
 -0.56894758 -0.56894758 -0.56894758 -0.56894758  1.75562362 -0.56894758
  1.29351152 -0.56894758 -0.56894758 -0.56894758 -0.56894758 -0.56894758
 -0.56894758 -0.56894758 -0.56894758 -0.56894758 -0.56894758 -0.56894758
 -0.56894758 -0.56894758 -0.56894758 -0.56894758  2.90170717 -0.56894758
 -0.56894758 -0.56894758  0.62464368  0.68418332  1.69928139 -0.56894758
 -0.56894758 -0.56894758  1.29351152 -0.56894758 -0.56894758 -0.56894758
 -0.56894758  1.9818576  -0.56894758 -0.56894758 -0.56894758 -0.56894758
 -0.56894758 -0.56894758 -0.56894758 -0.56894758 -0.56894758 -0.56894758
  1.76623658  2.30740445 -0.56894758 -0.56894758  0.83282495  0.72462717
  0.44733039  1.61019655 -0.56894758 -0.56894758 -0.56894758 -0.56894758
 -0.56894758 -0.56894758  1.59118794 -0.56894758 -0.56894758 -0.56894758
 -0.56894758  0.88644773 -0.56894758  1.45176902  1.10710769  0.7670901
 -0.56894758  1.86757207 -0.56894758 -0.56894758 -0.56894758  0.65940256
 -0.56894758 -0.56894758 -0.56894758  1.39606212 -0.56894758  1.12427509
  1.00494162 -0.56894758 -0.56894758 -0.56894758  0.49908006 -0.56894758
 -0.56894758  2.10801573 -0.56894758 -0.56894758  1.01766993 -0.56894758
 -0.56894758 -0.56894758 -0.56894758 -0.56894758 -0.56894758 -0.56894758
 -0.56894758 -0.56894758  0.70422337 -0.56894758 -0.56894758 -0.56894758
  0.88644773 -0.56894758  1.11153312  1.44572297  1.3063946  -0.56894758
 -0.56894758  1.3188976  -0.56894758 -0.56894758  0.54519298  1.21728502
 -0.56894758  0.72138445  2.37978475 -0.56894758  0.70771163  1.45544724
  1.00494162 -0.56894758  1.01945745 -0.56894758  3.01916637  2.83312586
 -0.56894758  2.57248038 -0.56894758 -0.56894758 -0.56894758 -0.56894758
 -0.56894758 -0.56894758 -0.56894758 -0.56894758 -0.56894758  1.1733264
 -0.56894758 -0.56894758 -0.56894758 -0.56894758 -0.56894758  2.1212082
 -0.56894758 -0.56894758 -0.56894758 -0.56894758 -0.56894758 -0.56894758
 -0.56894758  1.2523315  -0.56894758 -0.56894758 -0.56894758  1.66149015
 -0.56894758 -0.56894758 -0.56894758 -0.56894758 -0.56894758 -0.56894758
 -0.56894758  1.29351152 -0.56894758 -0.56894758  1.43648904 -0.56894758
 -0.56894758 -0.56894758 -0.56894758 -0.56894758 -0.56894758 -0.56894758
 -0.56894758 -0.56894758 -0.56894758 -0.56894758 -0.56894758 -0.56894758
 -0.56894758 -0.56894758 -0.56894758 -0.56894758 -0.56894758 -0.56894758
 -0.56894758 -0.56894758 -0.56894758  1.43648904]",[-0.12778101916852436]
1,"[-0.63517154 -0.63517154 -0.63517154 -0.63517154 -0.63517154 -0.63517154
  0.98550881 -0.63517154 -0.63517154  0.23892105 -0.63517154 -0.63517154
 -0.63517154 -0.63517154 -0.63517154 -0.63517154  1.31571414 -0.63517154
 -0.63517154 -0.63517154  3.23168299  1.03492139  2.61300824 -0.63517154
  0.7980769   0.44448958 -0.63517154 -0.63517154  0.55248585 -0.63517154
 -0.63517154 -0.63517154 -0.63517154 -0.63517154  1.41360466  1.673349
 -0.63517154  1.99922677  2.39468251 -0.63517154 -0.63517154 -0.63517154
  3.68371075 -0.63517154 -0.63517154  2.22281796 -0.63517154  1.04715492
 -0.63517154 -0.63517154 -0.63517154 -0.63517154  0.18548043  2.36682268
 -0.63517154 -0.63517154 -0.63517154 -0.63517154  0.12928867 -0.63517154
 -0.63517154  1.87514089 -0.63517154  2.37248029 -0.63517154 -0.63517154
 -0.63517154  0.86334445 -0.02823471 -0.63517154 -0.63517154 -0.63517154
 -0.63517154 -0.63517154 -0.63517154 -0.63517154 -0.63517154 -0.63517154
 -0.63517154 -0.63517154 -0.63517154 -0.63517154 -0.63517154 -0.63517154
 -0.63517154 -0.63517154  0.9434887  -0.63517154  2.0922473  -0.63517154
 -0.63517154 -0.63517154 -0.63517154  1.63814061  1.82406383 -0.63517154
  0.86334445 -0.63517154  1.28883281 -0.63517154  1.01707395 -0.63517154
 -0.63517154 -0.63517154  1.42657845  2.00317901 -0.63517154 -0.63517154
 -0.63517154 -0.63517154  0.96671471 -0.63517154 -0.63517154  1.98527583
  1.48771341  2.19680658 -0.63517154  1.36918094  1.31480374  0.35665372
 -0.63517154 -0.63517154 -0.63517154  1.1189896  -0.63517154 -0.63517154
 -0.63517154  0.55248585  2.02664758  1.62110364 -0.63517154  2.1637698
  1.27941303  1.217127   -0.63517154 -0.63517154  0.66611275  0.32227401
 -0.63517154  0.74896351 -0.63517154 -0.63517154 -0.63517154  0.47463277
  0.91868152 -0.63517154 -0.63517154  0.59555614 -0.63517154 -0.63517154
  0.90115291  1.0815696  -0.63517154 -0.63517154 -0.63517154 -0.63517154
 -0.63517154  1.92613616 -0.63517154 -0.63517154  0.49570945  2.58383477
  1.31571414  1.65213561 -0.63517154 -0.63517154  2.1887582  -0.63517154
 -0.63517154  0.75547694  0.08695287 -0.63517154 -0.63517154 -0.63517154
  1.54626362 -0.63517154  0.67285207  1.19375201  0.83755399 -0.63517154
  1.02864714  0.98854907 -0.63517154 -0.63517154  0.47463277  1.8124584
 -0.63517154 -0.63517154  1.88141641 -0.63517154  0.60867762  1.51302144
 -0.63517154 -0.63517154 -0.63517154 -0.63517154 -0.63517154  0.50779425
  0.47463277 -0.63517154 -0.63517154 -0.63517154 -0.63517154  0.96671471
 -0.63517154 -0.63517154 -0.63517154 -0.63517154 -0.63517154 -0.63517154
 -0.63517154 -0.63517154  0.23892105 -0.63517154 -0.63517154  1.75077155
 -0.63517154 -0.63517154  0.82115581 -0.63517154 -0.63517154 -0.63517154
 -0.63517154  1.6434519  -0.63517154 -0.63517154 -0.63517154 -0.63517154
 -0.63517154 -0.63517154  0.89206204 -0.63517154 -0.63517154 -0.63517154
 -0.63517154  1.16877479 -0.63517154  0.91868152  2.12000112 -0.63517154
 -0.63517154 -0.63517154 -0.63517154 -0.63517154 -0.63517154 -0.63517154
 -0.63517154  3.02010859 -0.63517154 -0.63517154 -0.63517154 -0.63517154
 -0.63517154 -0.63517154 -0.63517154 -0.63517154  0.47463277 -0.63517154
 -0.63517154 -0.63517154 -0.63517154  0.71851804]",[-0.005658441069572029]
1,"[-0.45603529 -0.45603529 -0.45603529 -0.45603529 -0.45603529 -0.45603529
 -0.45603529 -0.45603529 -0.45603529 -0.45603529 -0.45603529 -0.45603529
 -0.45603529 -0.45603529 -0.45603529 -0.45603529 -0.45603529 -0.45603529
 -0.45603529 -0.45603529  4.49103041 -0.45603529  3.62998843 -0.45603529
 -0.45603529 -0.45603529 -0.45603529 -0.45603529  2.50100296 -0.45603529
 -0.45603529 -0.45603529 -0.45603529 -0.45603529  2.18207388  2.28348892
 -0.45603529 -0.45603529  3.55730576 -0.45603529 -0.45603529 -0.45603529
  2.42864849 -0.45603529 -0.45603529 -0.45603529 -0.45603529  1.45759763
 -0.45603529 -0.45603529 -0.45603529 -0.45603529 -0.45603529 -0.45603529
 -0.45603529 -0.45603529 -0.45603529 -0.45603529  0.21868557 -0.45603529
  0.11031039  2.79419158 -0.45603529  3.57341763 -0.45603529 -0.45603529
 -0.45603529 -0.45603529 -0.45603529 -0.45603529 -0.45603529 -0.45603529
 -0.45603529 -0.45603529 -0.45603529 -0.45603529 -0.45603529 -0.45603529
 -0.45603529 -0.45603529 -0.45603529 -0.45603529 -0.45603529 -0.45603529
 -0.45603529 -0.45603529 -0.45603529 -0.45603529  2.77040438  1.40008364
 -0.45603529 -0.45603529 -0.45603529 -0.45603529  3.02146355 -0.45603529
 -0.45603529 -0.45603529  2.18207388 -0.45603529  1.26034143 -0.45603529
 -0.45603529 -0.45603529  2.48734581  2.52724627 -0.45603529 -0.45603529
 -0.45603529 -0.45603529 -0.45603529 -0.45603529 -0.45603529 -0.45603529
  1.72649576  3.28227095 -0.45603529 -0.45603529  1.32399749  0.52569961
 -0.45603529 -0.45603529 -0.45603529 -0.45603529 -0.45603529 -0.45603529
 -0.45603529 -0.45603529 -0.45603529 -0.45603529 -0.45603529 -0.45603529
 -0.45603529  1.50917121 -0.45603529  2.14227937  1.11029562  0.52274092
 -0.45603529  1.38235765 -0.45603529 -0.45603529 -0.45603529  0.74248159
 -0.45603529 -0.45603529 -0.45603529  0.79849016 -0.45603529  1.43915198
  1.81656522 -0.45603529 -0.45603529 -0.45603529 -0.45603529 -0.45603529
 -0.45603529  2.88413171 -0.45603529 -0.45603529  1.3083457   0.74248159
  2.42080186  1.1393149  -0.45603529 -0.45603529 -0.45603529 -0.45603529
 -0.45603529  1.32632679  0.929761   -0.45603529 -0.45603529 -0.45603529
  1.69052599 -0.45603529  0.95599054  2.06798556  1.06567901 -0.45603529
  1.26034143  1.70855341 -0.45603529 -0.45603529 -0.45603529 -0.45603529
 -0.45603529 -0.45603529  2.85347807 -0.45603529 -0.45603529  1.10101672
 -0.45603529 -0.45603529 -0.45603529 -0.45603529 -0.45603529  0.51657022
 -0.45603529 -0.45603529 -0.45603529 -0.45603529 -0.45603529  1.74039987
 -0.45603529 -0.45603529 -0.45603529 -0.45603529 -0.45603529 -0.45603529
 -0.45603529 -0.45603529 -0.45603529 -0.45603529 -0.45603529  2.09904029
 -0.45603529 -0.45603529 -0.45603529 -0.45603529 -0.45603529 -0.45603529
 -0.45603529  1.29910662 -0.45603529 -0.45603529 -0.45603529 -0.45603529
 -0.45603529 -0.45603529 -0.45603529 -0.45603529 -0.45603529 -0.45603529
 -0.45603529  1.40008364 -0.45603529 -0.45603529  1.60274335 -0.45603529
 -0.45603529 -0.45603529 -0.45603529 -0.45603529 -0.45603529 -0.45603529
 -0.45603529 -0.45603529 -0.45603529 -0.45603529 -0.45603529 -0.45603529
 -0.45603529 -0.45603529 -0.45603529 -0.45603529 -0.45603529 -0.45603529
 -0.45603529 -0.45603529 -0.45603529 -0.45603529]",[0.16638938754514143]
1,"[-0.54148609  0.7033952  -0.54148609 -0.54148609 -0.54148609 -0.54148609
  0.88276684 -0.54148609 -0.54148609 -0.54148609 -0.54148609 -0.54148609
 -0.54148609 -0.54148609 -0.54148609 -0.54148609  1.57307421 -0.54148609
 -0.54148609 -0.54148609  3.97398764 -0.54148609  3.31063775 -0.54148609
  0.40012192  1.00036048 -0.54148609 -0.54148609 -0.54148609 -0.54148609
  0.53515934 -0.54148609  0.33221982 -0.54148609  2.08998357  2.383352
 -0.54148609  1.52321365  3.30944489  1.79261836 -0.54148609 -0.54148609
  2.27160919 -0.54148609 -0.54148609 -0.54148609 -0.54148609  1.59926215
 -0.54148609 -0.54148609 -0.54148609 -0.54148609 -0.1300752   0.33221982
 -0.54148609 -0.54148609 -0.54148609 -0.54148609  0.31350894 -0.54148609
  0.35203168  2.53371738 -0.54148609  3.37279189 -0.54148609 -0.54148609
 -0.54148609 -0.54148609 -0.54148609 -0.54148609 -0.54148609 -0.54148609
 -0.54148609 -0.54148609 -0.54148609 -0.54148609 -0.54148609 -0.54148609
 -0.54148609 -0.54148609 -0.54148609 -0.54148609 -0.54148609 -0.54148609
 -0.54148609 -0.54148609 -0.54148609 -0.54148609  1.64745808  1.57307421
 -0.54148609 -0.54148609 -0.54148609  1.8436015   2.73029238 -0.54148609
 -0.54148609 -0.54148609  1.82836636 -0.54148609 -0.54148609 -0.54148609
 -0.54148609 -0.54148609  2.28423409 -0.54148609 -0.54148609 -0.54148609
 -0.54148609 -0.54148609 -0.54148609 -0.54148609 -0.54148609 -0.54148609
  1.83843396  3.10502624 -0.54148609 -0.54148609  1.26376586  0.77826253
 -0.54148609 -0.54148609 -0.54148609 -0.54148609 -0.54148609 -0.54148609
 -0.54148609 -0.54148609 -0.54148609 -0.54148609 -0.54148609 -0.54148609
 -0.54148609  1.86147689 -0.54148609  0.65400524  1.11940448  0.76593552
 -0.54148609  1.51780008 -0.54148609 -0.54148609 -0.54148609  0.88276684
 -0.54148609 -0.54148609 -0.54148609  0.98758591 -0.54148609  1.39303995
 -0.54148609 -0.54148609 -0.54148609 -0.54148609 -0.54148609 -0.54148609
 -0.54148609  2.68845018 -0.54148609 -0.54148609  1.34388405  1.03518382
  2.00581345  1.27904876 -0.54148609 -0.54148609 -0.54148609 -0.54148609
 -0.54148609  1.47136419  1.01227089  0.76858135 -0.54148609 -0.54148609
  1.62861256 -0.54148609  0.91236395  2.00581345  1.15246854 -0.54148609
  1.75377606  1.4584981  -0.54148609 -0.54148609 -0.54148609 -0.54148609
 -0.54148609 -0.54148609  2.56051728 -0.54148609  0.47714378  1.8185684
  1.57307421 -0.54148609  0.06462563 -0.54148609  0.82549236  0.73061541
 -0.54148609 -0.54148609 -0.54148609 -0.54148609 -0.54148609 -0.54148609
 -0.54148609  1.12589297 -0.54148609 -0.54148609 -0.54148609  1.12589297
 -0.54148609 -0.54148609 -0.54148609 -0.54148609 -0.54148609  2.30053338
 -0.54148609 -0.54148609 -0.54148609 -0.54148609 -0.54148609 -0.54148609
 -0.54148609  1.34807638 -0.54148609 -0.54148609 -0.54148609 -0.54148609
 -0.54148609 -0.54148609  0.65400524 -0.54148609 -0.54148609 -0.54148609
 -0.54148609  1.43160407 -0.54148609 -0.54148609  2.75785594 -0.54148609
 -0.54148609 -0.54148609 -0.54148609 -0.54148609 -0.54148609 -0.54148609
 -0.54148609 -0.54148609 -0.54148609 -0.54148609 -0.54148609 -0.54148609
 -0.54148609 -0.54148609 -0.54148609 -0.54148609 -0.54148609 -0.54148609
 -0.54148609 -0.54148609  0.65400524  1.47136419]",[-0.00283642652265792]
1,"[-0.40904936 -0.40904936 -0.40904936  0.37306047 -0.40904936 -0.40904936
  1.18184792 -0.40904936 -0.40904936  0.71732224 -0.40904936 -0.40904936
 -0.40904936 -0.40904936 -0.40904936 -0.40904936  1.20400927 -0.40904936
 -0.40904936 -0.40904936  4.45129644 -0.40904936  3.17088087 -0.40904936
  0.37306047 -0.40904936 -0.40904936 -0.40904936  0.71732224 -0.40904936
 -0.40904936 -0.40904936 -0.40904936 -0.40904936 -0.40904936 -0.40904936
 -0.40904936  2.84933493  2.8182166  -0.40904936 -0.40904936 -0.40904936
  5.08824898 -0.40904936 -0.40904936  3.28477061 -0.40904936 -0.40904936
 -0.40904936 -0.40904936 -0.40904936 -0.40904936 -0.40904936  2.67553628
 -0.40904936 -0.40904936 -0.40904936 -0.40904936 -0.40904936 -0.40904936
 -0.40904936 -0.40904936 -0.40904936 -0.40904936 -0.40904936 -0.40904936
 -0.40904936 -0.40904936 -0.40904936 -0.40904936 -0.40904936 -0.40904936
 -0.40904936 -0.40904936 -0.40904936 -0.40904936 -0.40904936 -0.40904936
 -0.40904936 -0.40904936 -0.40904936 -0.40904936 -0.40904936 -0.40904936
 -0.40904936 -0.40904936  1.12138754 -0.40904936  3.07410636 -0.40904936
 -0.40904936 -0.40904936 -0.40904936  2.12288226 -0.40904936 -0.40904936
 -0.40904936 -0.40904936 -0.40904936 -0.40904936  1.60632292 -0.40904936
 -0.40904936 -0.40904936 -0.40904936  2.39465218 -0.40904936 -0.40904936
 -0.40904936 -0.40904936  1.65517037 -0.40904936 -0.40904936  2.41808514
  2.04565861 -0.40904936 -0.40904936  1.7098522   1.34724732 -0.40904936
 -0.40904936 -0.40904936 -0.40904936  1.02106464 -0.40904936 -0.40904936
 -0.40904936  0.93987459  2.41521916  2.3394757  -0.40904936  2.71964553
  1.75882708 -0.40904936 -0.40904936 -0.40904936 -0.40904936 -0.40904936
 -0.40904936 -0.40904936 -0.40904936 -0.40904936 -0.40904936  1.08098442
 -0.40904936 -0.40904936 -0.40904936  0.3387163  -0.40904936 -0.40904936
  1.20400927  1.20400927 -0.40904936 -0.40904936 -0.40904936 -0.40904936
 -0.40904936 -0.40904936 -0.40904936 -0.40904936 -0.40904936  3.10356424
 -0.40904936  1.98748222 -0.40904936 -0.40904936  2.9974829  -0.40904936
 -0.40904936 -0.40904936 -0.40904936 -0.40904936 -0.40904936 -0.40904936
  1.57775269 -0.40904936 -0.40904936 -0.40904936 -0.40904936 -0.40904936
 -0.40904936 -0.40904936 -0.40904936 -0.40904936  0.57604796  2.16080083
 -0.40904936 -0.40904936 -0.40904936 -0.40904936  1.03574501  1.78322525
 -0.40904936 -0.40904936 -0.40904936 -0.40904936 -0.40904936 -0.40904936
 -0.40904936 -0.40904936 -0.40904936 -0.40904936 -0.40904936 -0.40904936
 -0.40904936 -0.40904936 -0.40904936 -0.40904936 -0.40904936 -0.40904936
 -0.40904936 -0.40904936 -0.40904936 -0.40904936 -0.40904936 -0.40904936
 -0.40904936 -0.40904936 -0.40904936 -0.40904936 -0.40904936 -0.40904936
 -0.40904936  2.28712332 -0.40904936 -0.40904936 -0.40904936 -0.40904936
 -0.40904936 -0.40904936  1.35405658 -0.40904936 -0.40904936 -0.40904936
 -0.40904936 -0.40904936 -0.40904936 -0.40904936  2.7560862  -0.40904936
 -0.40904936 -0.40904936 -0.40904936 -0.40904936 -0.40904936 -0.40904936
 -0.40904936  3.72224519 -0.40904936 -0.40904936 -0.40904936 -0.40904936
 -0.40904936 -0.40904936 -0.40904936 -0.40904936 -0.40904936 -0.40904936
 -0.40904936 -0.40904936 -0.40904936 -0.40904936]",[0.07174622518936313]
1,"[-4.90823133e-01  7.68494267e-01 -4.90823133e-01  3.74086740e-01
 -4.90823133e-01 -4.90823133e-01  1.37634705e+00 -4.90823133e-01
  1.19589148e+00 -4.90823133e-01 -4.90823133e-01 -4.90823133e-01
 -4.90823133e-01 -4.90823133e-01 -4.90823133e-01 -4.90823133e-01
  2.17116204e+00 -4.90823133e-01 -4.90823133e-01 -4.90823133e-01
  4.94406155e+00  2.19223274e+00  4.14150112e+00 -4.90823133e-01
 -4.90823133e-01  6.62385761e-01 -4.90823133e-01 -4.90823133e-01
  3.29808480e+00 -4.90823133e-01 -4.90823133e-01  1.87781499e+00
 -4.90823133e-01 -4.90823133e-01 -4.90823133e-01 -4.90823133e-01
 -4.90823133e-01  9.89013248e-01  1.89055784e+00 -4.90823133e-01
  1.60537726e+00 -4.90823133e-01  2.77485923e+00 -4.90823133e-01
 -4.90823133e-01 -4.90823133e-01 -4.90823133e-01 -4.90823133e-01
 -4.90823133e-01 -4.90823133e-01 -4.90823133e-01 -4.90823133e-01
  8.16958120e-03  3.22998931e-01 -4.90823133e-01 -4.90823133e-01
 -4.90823133e-01 -4.90823133e-01 -4.90823133e-01 -4.90823133e-01
 -1.64195646e-01  2.12488584e+00 -4.90823133e-01 -4.90823133e-01
 -4.90823133e-01 -4.90823133e-01 -4.90823133e-01 -4.90823133e-01
  2.65427959e-01 -4.90823133e-01 -4.90823133e-01 -4.90823133e-01
  1.19589148e+00 -4.90823133e-01 -4.90823133e-01 -4.90823133e-01
 -4.90823133e-01 -4.90823133e-01 -4.90823133e-01 -4.90823133e-01
 -4.90823133e-01 -4.90823133e-01  1.19589148e+00 -4.90823133e-01
 -4.90823133e-01 -4.90823133e-01 -4.90823133e-01 -4.90823133e-01
  3.49308680e+00 -4.90823133e-01 -4.90823133e-01  1.84453455e+00
 -4.90823133e-01  4.88991762e-01 -4.90823133e-01 -4.90823133e-01
 -4.90823133e-01 -4.90823133e-01  1.44529776e+00 -4.90823133e-01
  1.88516074e+00 -4.90823133e-01 -4.90823133e-01  2.76153515e+00
  2.62387856e+00  3.22163726e+00 -4.90823133e-01 -4.90823133e-01
 -4.90823133e-01 -4.90823133e-01 -4.90823133e-01  1.19589148e+00
 -4.90823133e-01 -4.90823133e-01  2.10387003e+00  1.78803913e+00
 -4.90823133e-01 -4.90823133e-01 -6.05199399e-02  4.56508564e-02
 -4.90823133e-01 -4.90823133e-01 -4.90823133e-01 -4.90823133e-01
 -4.90823133e-01  8.92007307e-01 -4.90823133e-01 -4.90823133e-01
 -4.90823133e-01 -4.90823133e-01 -4.90823133e-01 -4.90823133e-01
 -4.90823133e-01  8.92007307e-01 -4.90823133e-01  2.69450787e+00
  8.45024897e-02  1.53876647e-03 -4.90823133e-01  1.05831532e+00
 -4.90823133e-01 -4.90823133e-01 -4.90823133e-01 -4.90823133e-01
 -4.90823133e-01 -4.90823133e-01 -4.90823133e-01  2.70734126e-01
 -4.90823133e-01  1.15737666e+00  2.46996808e+00 -4.90823133e-01
 -4.90823133e-01 -4.90823133e-01 -4.90823133e-01 -4.90823133e-01
 -4.90823133e-01  1.66827057e+00 -4.90823133e-01 -4.90823133e-01
  5.43517912e-01  1.60537726e+00 -4.90823133e-01  2.13527347e+00
 -4.90823133e-01 -4.90823133e-01 -4.90823133e-01 -4.90823133e-01
 -4.90823133e-01 -4.90823133e-01 -4.90823133e-01 -4.90823133e-01
 -4.90823133e-01 -4.90823133e-01  1.21262276e+00 -4.90823133e-01
  3.09755931e-01  8.92007307e-01 -4.90823133e-01 -4.90823133e-01
  9.89013248e-01 -4.90823133e-01 -4.90823133e-01 -4.90823133e-01
 -4.90823133e-01 -4.90823133e-01 -4.90823133e-01 -4.90823133e-01
  1.47620783e+00 -4.90823133e-01  1.02804854e+00  2.15184433e+00
  1.37634705e+00 -4.90823133e-01 -4.90823133e-01 -4.90823133e-01
 -4.90823133e-01  6.74183898e-01 -4.90823133e-01 -4.90823133e-01
 -4.90823133e-01 -4.90823133e-01 -4.90823133e-01  2.54591324e+00
 -4.90823133e-01 -4.90823133e-01 -4.90823133e-01 -4.90823133e-01
  1.91795250e+00 -4.90823133e-01 -4.90823133e-01 -4.90823133e-01
 -4.90823133e-01 -4.90823133e-01 -4.90823133e-01 -4.90823133e-01
 -4.90823133e-01 -4.90823133e-01  4.34334224e-01 -4.90823133e-01
 -4.90823133e-01 -4.90823133e-01 -4.90823133e-01 -4.90823133e-01
 -4.90823133e-01 -4.90823133e-01 -4.90823133e-01 -4.90823133e-01
 -4.90823133e-01 -4.90823133e-01 -4.90823133e-01 -4.90823133e-01
 -4.90823133e-01 -4.90823133e-01 -4.90823133e-01  1.78803913e+00
 -4.90823133e-01 -4.90823133e-01  2.55406185e+00 -4.90823133e-01
 -4.90823133e-01 -4.90823133e-01 -4.90823133e-01 -4.90823133e-01
  1.75691718e+00 -4.90823133e-01 -4.90823133e-01 -4.90823133e-01
 -4.90823133e-01 -4.90823133e-01 -4.90823133e-01 -4.90823133e-01
 -4.90823133e-01 -4.90823133e-01 -4.90823133e-01  1.29502285e+00
  7.68494267e-01 -4.90823133e-01 -4.90823133e-01 -4.90823133e-01
 -4.90823133e-01 -4.90823133e-01]",[0.05784098176431274]
1,"[-0.67845736 -0.67845736 -0.67845736 -0.67845736 -0.67845736 -0.67845736
  1.03225885 -0.67845736 -0.67845736  0.73129643 -0.67845736 -0.67845736
 -0.67845736 -0.67845736 -0.67845736 -0.67845736  1.65468825 -0.67845736
 -0.67845736 -0.67845736  3.38786612  1.77177512  3.08707673 -0.67845736
  0.85192128  1.28990632 -0.67845736 -0.67845736 -0.67845736 -0.67845736
  0.59504858 -0.67845736  0.59504858 -0.67845736  0.14385976 -0.09102069
 -0.67845736  1.74942024  2.41382407  2.28282081 -0.67845736 -0.67845736
  2.48351738 -0.67845736 -0.67845736 -0.67845736 -0.67845736  1.14586071
  0.71694568 -0.67845736 -0.67845736 -0.67845736  0.18769803  0.51005742
 -0.67845736 -0.67845736 -0.67845736 -0.67845736  0.95381017 -0.67845736
 -0.35356916  2.54609236 -0.67845736 -0.67845736 -0.67845736 -0.67845736
 -0.67845736 -0.67845736  0.60679401 -0.67845736 -0.67845736 -0.67845736
  1.3313989  -0.67845736 -0.67845736  0.36560947 -0.67845736 -0.67845736
 -0.67845736 -0.67845736 -0.67845736 -0.67845736  1.01863509 -0.67845736
  0.59504858 -0.67845736 -0.67845736 -0.67845736  1.50716351 -0.67845736
 -0.67845736 -0.67845736  1.32434823  2.05113164  2.12210406 -0.67845736
  0.90421918 -0.67845736  1.0746113  -0.67845736  1.11546175 -0.67845736
 -0.67845736 -0.67845736  2.27821844 -0.67845736 -0.67845736 -0.67845736
 -0.67845736 -0.67845736 -0.67845736 -0.67845736 -0.67845736 -0.67845736
  1.83148727  2.03809762 -0.67845736  1.0847881   1.1986946   0.80959233
  0.86846466 -0.67845736 -0.67845736 -0.67845736 -0.67845736 -0.67845736
 -0.67845736 -0.67845736  1.23306878  1.12271986 -0.67845736  1.2164021
 -0.67845736  1.66221727 -0.67845736  0.82854372  1.01911165  0.92637002
 -0.67845736  1.26287686 -0.67845736  0.40418187 -0.67845736  1.36080734
 -0.67845736 -0.67845736 -0.67845736  1.29134159 -0.67845736 -0.67845736
  1.04962075 -0.67845736 -0.67845736 -0.67845736 -0.67845736 -0.67845736
  1.01863509  2.12283376 -0.67845736 -0.67845736  1.57855728  1.47336481
  0.14385976  1.58918248 -0.67845736  0.55044909 -0.67845736 -0.67845736
 -0.67845736  1.27727126  0.9697014   0.96617688  0.96617688 -0.67845736
  1.68787061 -0.67845736  0.84839656  1.84315616  1.18792659  1.12271986
  1.26711169  1.43224582 -0.67845736 -0.67845736 -0.67845736 -0.67845736
 -0.67845736 -0.67845736  2.21792351 -0.67845736  1.16753824  2.30700923
  1.99577182 -0.67845736 -0.67845736  0.73129643 -0.67845736 -0.67845736
 -0.67845736 -0.67845736 -0.67845736  0.86846466 -0.67845736 -0.67845736
 -0.67845736 -0.67845736  0.70196807 -0.67845736 -0.67845736 -0.67845736
  0.66989491 -0.67845736 -0.67845736 -0.67845736  1.46684498  1.4096763
 -0.67845736 -0.67845736 -0.67845736 -0.67845736  0.95901727 -0.67845736
 -0.67845736  1.22316628 -0.67845736 -0.67845736 -0.67845736  0.33128756
 -0.67845736  0.7833557  -0.67845736 -0.67845736 -0.67845736 -0.67845736
 -0.67845736  2.26755191 -0.67845736 -0.67845736  2.39277081 -0.67845736
 -0.67845736  0.86846466 -0.67845736 -0.67845736  0.66989491 -0.67845736
 -0.67845736 -0.67845736 -0.67845736 -0.67845736 -0.67845736 -0.67845736
 -0.67845736 -0.67845736 -0.67845736  0.96617688 -0.67845736 -0.67845736
 -0.67845736 -0.67845736  0.23463154  1.19161804]",[0.16801262869551692]
1,"[-0.37269639 -0.37269639 -0.37269639 -0.37269639 -0.37269639 -0.37269639
  2.23297488 -0.37269639 -0.37269639  0.72601768 -0.37269639 -0.37269639
 -0.37269639 -0.37269639 -0.37269639 -0.37269639  2.86050514 -0.37269639
 -0.37269639 -0.37269639  5.47923852 -0.37269639 -0.37269639 -0.37269639
 -0.37269639 -0.37269639 -0.37269639 -0.37269639  1.47962996 -0.37269639
 -0.37269639  1.85352034 -0.37269639 -0.37269639 -0.37269639 -0.37269639
 -0.37269639 -0.37269639  3.54494789 -0.37269639  5.083654   -0.37269639
  3.38280596 -0.37269639 -0.37269639  1.74816889 -0.37269639 -0.37269639
 -0.37269639 -0.37269639  1.4182673  -0.37269639  0.71416204  2.93571862
 -0.37269639 -0.37269639 -0.37269639 -0.37269639 -0.37269639 -0.37269639
 -0.37269639  1.63044077 -0.37269639 -0.37269639 -0.37269639 -0.37269639
 -0.37269639 -0.37269639 -0.37269639 -0.37269639 -0.37269639 -0.37269639
 -0.37269639 -0.37269639 -0.37269639 -0.37269639 -0.37269639 -0.37269639
 -0.37269639 -0.37269639 -0.37269639 -0.37269639 -0.37269639 -0.37269639
  1.26954885 -0.37269639 -0.37269639 -0.37269639  3.22352543 -0.37269639
 -0.37269639 -0.37269639 -0.37269639  0.27990204 -0.37269639 -0.37269639
 -0.37269639 -0.37269639 -0.37269639 -0.37269639 -0.37269639 -0.37269639
 -0.37269639 -0.37269639 -0.37269639 -0.37269639  2.81856098 -0.37269639
 -0.37269639 -0.37269639 -0.37269639 -0.37269639 -0.37269639 -0.37269639
  2.31755851 -0.37269639 -0.37269639 -0.37269639 -0.37269639 -0.15981605
 -0.37269639 -0.37269639 -0.37269639 -0.37269639 -0.37269639 -0.37269639
 -0.37269639 -0.37269639 -0.37269639  2.30931679 -0.37269639 -0.37269639
 -0.37269639 -0.37269639 -0.37269639  2.87379177 -0.37269639 -0.37269639
 -0.37269639 -0.37269639 -0.37269639 -0.37269639 -0.37269639 -0.37269639
 -0.37269639 -0.37269639 -0.37269639 -0.37269639 -0.37269639 -0.37269639
  1.53471961 -0.37269639 -0.37269639 -0.37269639 -0.37269639 -0.37269639
 -0.37269639  1.63044077 -0.37269639 -0.37269639 -0.37269639 -0.37269639
 -0.37269639 -0.37269639 -0.37269639 -0.37269639  1.47962996 -0.37269639
 -0.37269639 -0.37269639 -0.37269639 -0.37269639 -0.37269639 -0.37269639
  1.24941928 -0.37269639 -0.37269639  1.12286514 -0.37269639 -0.37269639
 -0.37269639 -0.37269639 -0.37269639 -0.37269639  1.04530454 -0.37269639
 -0.37269639 -0.37269639  1.26954885 -0.37269639 -0.37269639  2.59439737
  2.48795825 -0.37269639 -0.37269639 -0.37269639  2.29671319  1.94161948
  1.26954885 -0.37269639 -0.37269639 -0.37269639 -0.37269639 -0.37269639
 -0.37269639 -0.37269639 -0.37269639 -0.37269639 -0.37269639 -0.37269639
 -0.37269639 -0.37269639 -0.37269639 -0.37269639 -0.37269639 -0.37269639
 -0.37269639 -0.37269639 -0.37269639 -0.37269639 -0.37269639 -0.37269639
 -0.37269639  0.78167627 -0.37269639 -0.37269639 -0.37269639 -0.37269639
 -0.37269639 -0.37269639  2.98950028 -0.37269639 -0.37269639 -0.37269639
 -0.37269639 -0.37269639 -0.37269639 -0.37269639  2.8015761  -0.37269639
 -0.37269639  2.78866913 -0.37269639 -0.37269639 -0.37269639 -0.37269639
 -0.37269639 -0.37269639 -0.37269639 -0.37269639 -0.37269639 -0.37269639
 -0.37269639 -0.37269639 -0.37269639  3.80526748 -0.37269639 -0.37269639
 -0.37269639 -0.37269639 -0.37269639 -0.37269639]",[0.02873299073219393]
1,"[-0.398992    1.24170087 -0.398992    0.77646955 -0.398992   -0.398992
 -0.398992   -0.398992   -0.398992   -0.398992   -0.398992   -0.398992
 -0.398992   -0.398992   -0.398992    1.96917626 -0.398992   -0.398992
 -0.398992   -0.398992    4.68331589 -0.398992    1.96917626 -0.398992
 -0.398992   -0.398992   -0.398992   -0.398992   -0.398992   -0.398992
 -0.398992   -0.398992   -0.398992   -0.398992   -0.398992   -0.398992
 -0.398992   -0.398992    2.06892745 -0.398992   -0.398992   -0.398992
 -0.398992   -0.398992   -0.398992   -0.398992   -0.398992   -0.398992
 -0.398992   -0.398992   -0.398992   -0.398992   -0.398992    0.78509213
 -0.398992   -0.398992   -0.398992   -0.398992   -0.398992   -0.398992
 -0.398992    2.05509186 -0.398992    1.60225166 -0.398992   -0.398992
 -0.398992   -0.398992    2.22234236 -0.398992   -0.398992   -0.398992
  1.4515834   2.06073484 -0.398992   -0.398992   -0.398992   -0.398992
 -0.398992   -0.398992   -0.398992   -0.398992   -0.398992   -0.398992
 -0.398992   -0.398992   -0.398992   -0.398992   -0.398992   -0.398992
 -0.398992   -0.398992    2.23409637  2.72872593 -0.398992   -0.398992
 -0.398992   -0.398992   -0.398992   -0.398992   -0.398992   -0.398992
 -0.398992   -0.398992    4.65164211  2.5786741  -0.398992   -0.398992
 -0.398992   -0.398992    1.89816581 -0.398992   -0.398992   -0.398992
  4.03491592  2.28667317 -0.398992   -0.398992    0.11155171 -0.24832374
 -0.398992   -0.398992   -0.398992   -0.398992   -0.398992   -0.398992
 -0.398992    2.79884653  2.15097613  1.96917626 -0.398992   -0.398992
 -0.398992   -0.398992   -0.398992   -0.398992   -0.398992   -0.398992
 -0.398992    0.68168209 -0.398992   -0.398992   -0.398992   -0.398992
 -0.398992   -0.398992   -0.398992   -0.398992   -0.398992   -0.398992
 -0.398992   -0.398992   -0.398992   -0.398992   -0.398992   -0.398992
 -0.398992    1.24170087 -0.398992   -0.398992    0.89323355 -0.398992
  1.09515582 -0.398992   -0.398992   -0.398992    1.39027875 -0.398992
 -0.398992   -0.398992   -0.398992   -0.398992   -0.398992   -0.398992
 -0.398992   -0.398992   -0.398992    1.4515834  -0.398992   -0.398992
  0.89323355  1.66426251 -0.398992   -0.398992   -0.398992   -0.398992
 -0.398992   -0.398992    1.4515834  -0.398992    1.25854287  2.82595953
 -0.398992   -0.398992    0.32848339 -0.398992    2.75165334  2.10902682
 -0.398992   -0.398992   -0.398992   -0.398992   -0.398992   -0.398992
 -0.398992   -0.398992   -0.398992   -0.398992   -0.398992   -0.398992
 -0.398992   -0.398992   -0.398992   -0.398992   -0.398992   -0.398992
 -0.398992   -0.398992   -0.398992   -0.398992    2.10127273 -0.398992
 -0.398992   -0.398992   -0.398992   -0.398992   -0.398992   -0.398992
 -0.398992   -0.398992   -0.398992   -0.398992   -0.398992   -0.398992
 -0.398992    1.60225166  3.04921024 -0.398992    5.0411448  -0.398992
 -0.398992   -0.398992   -0.398992   -0.398992   -0.398992   -0.398992
 -0.398992   -0.398992   -0.398992   -0.398992   -0.398992   -0.398992
 -0.398992   -0.398992   -0.398992    2.90629566 -0.398992   -0.398992
 -0.398992    2.16271733 -0.398992   -0.398992  ]",[0.08476234371579167]
1,"[-0.4399334   1.23778173 -0.4399334  -0.4399334  -0.4399334  -0.4399334
 -0.4399334  -0.4399334  -0.4399334  -0.4399334  -0.4399334  -0.4399334
 -0.4399334  -0.4399334  -0.4399334  -0.4399334   1.93656386 -0.4399334
 -0.4399334  -0.4399334   4.86768813  2.4053279  -0.4399334  -0.4399334
 -0.4399334   0.48271021 -0.4399334  -0.4399334   0.98777569 -0.4399334
 -0.4399334   1.04842655 -0.4399334  -0.4399334   0.98777569 -0.4399334
 -0.4399334   0.71022633  2.04196458 -0.4399334  -0.4399334  -0.4399334
  1.7174757  -0.4399334  -0.4399334  -0.4399334  -0.4399334  -0.4399334
 -0.4399334  -0.4399334  -0.4399334  -0.4399334   0.52392718 -0.4399334
 -0.4399334  -0.4399334  -0.4399334  -0.4399334  -0.4399334  -0.4399334
 -0.4399334   2.05451876 -0.4399334   2.23696613 -0.4399334  -0.4399334
 -0.4399334  -0.4399334  -0.4399334  -0.4399334  -0.4399334  -0.4399334
 -0.4399334  -0.4399334  -0.4399334  -0.4399334  -0.4399334  -0.4399334
 -0.4399334  -0.4399334  -0.4399334  -0.4399334  -0.4399334  -0.4399334
 -0.4399334  -0.4399334  -0.4399334  -0.4399334   2.6202351  -0.4399334
 -0.4399334  -0.4399334   2.44480601  3.13636097 -0.4399334  -0.4399334
 -0.4399334  -0.4399334   1.47232302 -0.4399334  -0.4399334  -0.4399334
 -0.4399334  -0.4399334  -0.4399334   2.88002426 -0.4399334  -0.4399334
 -0.4399334  -0.4399334  -0.4399334  -0.4399334  -0.4399334  -0.4399334
  2.74025043 -0.4399334   3.60297866 -0.4399334  -0.4399334  -0.4399334
  0.98777569 -0.4399334  -0.4399334  -0.4399334  -0.4399334  -0.4399334
 -0.4399334   0.31513811 -0.4399334  -0.4399334  -0.4399334  -0.4399334
 -0.4399334  -0.4399334  -0.4399334   1.6769085  -0.4399334   1.25887137
 -0.4399334   2.25493785 -0.4399334   0.98777569 -0.4399334  -0.4399334
 -0.4399334  -0.4399334  -0.4399334   2.36835259 -0.4399334   1.42865813
 -0.4399334  -0.4399334  -0.4399334  -0.4399334  -0.4399334  -0.4399334
 -0.4399334   1.65535987 -0.4399334  -0.4399334  -0.4399334   2.44953458
 -0.4399334   1.03880128 -0.4399334   1.7174757   1.51257297 -0.4399334
 -0.4399334   0.28976661 -0.4399334  -0.4399334  -0.4399334  -0.4399334
  1.00000755 -0.4399334   0.32861891  0.98777569  0.66206629  1.82293197
  1.32835437  1.63286995 -0.4399334  -0.4399334   0.63996258 -0.4399334
 -0.4399334  -0.4399334   2.08977538 -0.4399334  -0.4399334   2.81164945
  3.05769746 -0.4399334   1.53951097 -0.4399334   3.31935167  2.76327992
 -0.4399334  -0.4399334  -0.4399334  -0.4399334  -0.4399334   2.42544519
 -0.4399334  -0.4399334  -0.4399334  -0.4399334  -0.4399334  -0.4399334
 -0.4399334  -0.4399334  -0.4399334  -0.4399334  -0.4399334  -0.4399334
 -0.4399334  -0.4399334  -0.4399334  -0.4399334  -0.4399334  -0.4399334
 -0.4399334  -0.4399334  -0.4399334  -0.4399334  -0.4399334  -0.4399334
 -0.4399334  -0.4399334  -0.4399334  -0.4399334  -0.4399334  -0.4399334
 -0.4399334  -0.4399334  -0.4399334  -0.4399334   4.33861509 -0.4399334
 -0.4399334  -0.4399334  -0.4399334  -0.4399334  -0.4399334  -0.4399334
 -0.4399334  -0.4399334  -0.4399334  -0.4399334  -0.4399334  -0.4399334
 -0.4399334  -0.4399334  -0.4399334  -0.4399334  -0.4399334  -0.4399334
 -0.4399334  -0.4399334  -0.4399334  -0.4399334 ]",[-0.011095364611381942]
1,"[-0.26918806 -0.26918806 -0.26918806 -0.26918806 -0.26918806 -0.26918806
  1.61628128 -0.26918806 -0.26918806  2.14089134 -0.26918806 -0.26918806
 -0.26918806 -0.26918806 -0.26918806 -0.26918806  3.51398529 -0.26918806
 -0.26918806 -0.26918806  6.48964352 -0.26918806  3.98856278 -0.26918806
 -0.26918806  1.54045958 -0.26918806 -0.26918806  1.15610789 -0.26918806
 -0.26918806 -0.26918806 -0.26918806 -0.26918806 -0.26918806 -0.26918806
 -0.26918806 -0.26918806 -0.26918806 -0.26918806 -0.26918806 -0.26918806
 -0.26918806 -0.26918806 -0.26918806 -0.26918806 -0.26918806 -0.26918806
 -0.26918806 -0.26918806 -0.26918806 -0.26918806 -0.26918806  1.12845665
 -0.26918806 -0.26918806 -0.26918806 -0.26918806 -0.26918806 -0.26918806
 -0.26918806 -0.26918806 -0.26918806 -0.26918806  0.94152352 -0.26918806
 -0.26918806 -0.26918806 -0.26918806 -0.26918806 -0.26918806 -0.26918806
 -0.26918806 -0.26918806 -0.26918806 -0.26918806 -0.26918806 -0.26918806
 -0.26918806 -0.26918806  2.71305588 -0.26918806 -0.26918806 -0.26918806
 -0.26918806 -0.26918806 -0.26918806 -0.26918806 -0.26918806 -0.26918806
 -0.26918806 -0.26918806 -0.26918806 -0.26918806 -0.26918806 -0.26918806
 -0.26918806 -0.26918806 -0.26918806 -0.26918806 -0.26918806 -0.26918806
 -0.26918806 -0.26918806 -0.26918806 -0.26918806 -0.26918806  1.93813905
 -0.26918806 -0.26918806 -0.26918806 -0.26918806 -0.26918806 -0.26918806
  3.86505255 -0.26918806  5.46768432 -0.26918806 -0.26918806 -0.26918806
 -0.26918806 -0.26918806 -0.26918806 -0.26918806 -0.26918806 -0.26918806
 -0.26918806 -0.26918806 -0.26918806 -0.26918806 -0.26918806 -0.26918806
 -0.26918806 -0.26918806 -0.26918806 -0.26918806 -0.26918806 -0.26918806
 -0.26918806 -0.26918806 -0.26918806 -0.26918806 -0.26918806  1.8243588
 -0.26918806 -0.26918806 -0.26918806 -0.26918806 -0.26918806 -0.26918806
 -0.26918806 -0.26918806 -0.26918806 -0.26918806 -0.26918806 -0.26918806
 -0.26918806 -0.26918806 -0.26918806 -0.26918806 -0.26918806 -0.26918806
 -0.26918806 -0.26918806 -0.26918806 -0.26918806 -0.26918806 -0.26918806
 -0.26918806 -0.26918806 -0.26918806 -0.26918806 -0.26918806 -0.26918806
 -0.26918806 -0.26918806 -0.26918806 -0.26918806 -0.26918806 -0.26918806
 -0.26918806 -0.26918806 -0.26918806 -0.26918806 -0.26918806 -0.26918806
 -0.26918806 -0.26918806 -0.26918806 -0.26918806  3.06794753  5.74783333
 -0.26918806 -0.26918806 -0.26918806 -0.26918806 -0.26918806 -0.26918806
 -0.26918806 -0.26918806 -0.26918806 -0.26918806 -0.26918806 -0.26918806
 -0.26918806 -0.26918806 -0.26918806 -0.26918806 -0.26918806 -0.26918806
 -0.26918806 -0.26918806 -0.26918806 -0.26918806 -0.26918806 -0.26918806
 -0.26918806 -0.26918806 -0.26918806 -0.26918806 -0.26918806 -0.26918806
 -0.26918806 -0.26918806 -0.26918806 -0.26918806 -0.26918806 -0.26918806
 -0.26918806 -0.26918806  0.60239475 -0.26918806 -0.26918806 -0.26918806
 -0.26918806 -0.26918806 -0.26918806 -0.26918806  4.55481118 -0.26918806
 -0.26918806 -0.26918806 -0.26918806  2.53013116 -0.26918806 -0.26918806
 -0.26918806 -0.26918806 -0.26918806 -0.26918806 -0.26918806 -0.26918806
  3.060681   -0.26918806 -0.26918806  3.40171397  3.31541857 -0.26918806
 -0.26918806 -0.26918806 -0.26918806 -0.26918806]",[0.03229729056278838]
1,"[-0.31624521 -0.31624521 -0.31624521 -0.31624521 -0.31624521 -0.31624521
  1.06869584 -0.31624521 -0.31624521 -0.31624521 -0.31624521 -0.31624521
 -0.31624521 -0.31624521 -0.31624521 -0.31624521  2.87506454 -0.31624521
 -0.31624521 -0.31624521  5.27937555  2.42090488  5.02769912 -0.31624521
 -0.31624521 -0.31624521 -0.31624521 -0.31624521  2.28907061 -0.31624521
 -0.31624521 -0.31624521 -0.31624521 -0.31624521 -0.31624521 -0.31624521
 -0.31624521 -0.31624521 -0.31624521 -0.31624521 -0.31624521 -0.31624521
  4.27650268 -0.31624521 -0.31624521 -0.31624521 -0.31624521 -0.31624521
 -0.31624521 -0.31624521 -0.31624521 -0.31624521 -0.31624521 -0.31624521
 -0.31624521 -0.31624521 -0.31624521 -0.31624521 -0.31624521 -0.31624521
  0.09909507 -0.31624521 -0.31624521 -0.31624521 -0.31624521 -0.31624521
 -0.31624521 -0.31624521  1.54942901 -0.31624521 -0.31624521 -0.31624521
 -0.31624521 -0.31624521 -0.31624521 -0.31624521 -0.31624521 -0.31624521
 -0.31624521 -0.31624521 -0.31624521 -0.31624521 -0.31624521 -0.31624521
 -0.31624521 -0.31624521 -0.31624521 -0.31624521  1.7534709  -0.31624521
 -0.31624521 -0.31624521 -0.31624521 -0.31624521 -0.31624521 -0.31624521
 -0.31624521 -0.31624521 -0.31624521 -0.31624521 -0.31624521 -0.31624521
 -0.31624521  2.71728554 -0.31624521  2.77480221 -0.31624521 -0.31624521
 -0.31624521 -0.31624521 -0.31624521 -0.31624521 -0.31624521 -0.31624521
  3.24804674 -0.31624521  3.41296074 -0.31624521  1.7981398  -0.31624521
 -0.31624521 -0.31624521 -0.31624521  3.82184849 -0.31624521 -0.31624521
 -0.31624521 -0.31624521  2.76095106  2.28907061 -0.31624521  3.01713878
 -0.31624521 -0.31624521 -0.31624521 -0.31624521 -0.31624521 -0.31624521
 -0.31624521 -0.31624521 -0.31624521 -0.31624521 -0.31624521 -0.31624521
 -0.31624521 -0.31624521 -0.31624521 -0.31624521 -0.31624521 -0.31624521
 -0.31624521 -0.31624521 -0.31624521 -0.31624521 -0.31624521 -0.31624521
  2.28907061 -0.31624521 -0.31624521 -0.31624521 -0.31624521 -0.31624521
 -0.31624521  2.34928815 -0.31624521 -0.31624521 -0.31624521 -0.31624521
 -0.31624521 -0.31624521 -0.31624521 -0.31624521 -0.31624521 -0.31624521
 -0.31624521 -0.31624521 -0.31624521 -0.31624521 -0.31624521 -0.31624521
 -0.31624521 -0.31624521 -0.31624521 -0.31624521 -0.31624521 -0.31624521
 -0.31624521 -0.31624521 -0.31624521 -0.31624521 -0.31624521  4.42647044
  2.37719528 -0.31624521 -0.31624521 -0.31624521 -0.31624521 -0.31624521
 -0.31624521 -0.31624521 -0.31624521 -0.31624521 -0.31624521 -0.31624521
 -0.31624521 -0.31624521 -0.31624521 -0.31624521 -0.31624521 -0.31624521
 -0.31624521 -0.31624521 -0.31624521 -0.31624521 -0.31624521 -0.31624521
 -0.31624521 -0.31624521 -0.31624521 -0.31624521  1.95464075 -0.31624521
 -0.31624521  3.30237522 -0.31624521 -0.31624521 -0.31624521 -0.31624521
 -0.31624521 -0.31624521 -0.31624521 -0.31624521 -0.31624521 -0.31624521
 -0.31624521 -0.31624521 -0.31624521 -0.31624521  2.4217462  -0.31624521
 -0.31624521 -0.31624521 -0.31624521 -0.31624521 -0.31624521 -0.31624521
 -0.31624521 -0.31624521 -0.31624521 -0.31624521 -0.31624521 -0.31624521
 -0.31624521 -0.31624521 -0.31624521  2.71728554 -0.31624521 -0.31624521
 -0.31624521 -0.31624521 -0.31624521 -0.31624521]",[0.07246174103268777]
1,"[-0.33839962 -0.33839962 -0.33839962 -0.33839962 -0.33839962 -0.33839962
 -0.33839962  2.43445878 -0.33839962 -0.33839962 -0.33839962 -0.33839962
 -0.33839962 -0.33839962 -0.33839962 -0.33839962  2.29495232 -0.33839962
 -0.33839962 -0.33839962  5.33650076  2.45178187 -0.33839962 -0.33839962
 -0.33839962 -0.33839962 -0.33839962 -0.33839962 -0.33839962 -0.33839962
 -0.33839962  1.4066587  -0.33839962 -0.33839962 -0.33839962 -0.33839962
 -0.33839962 -0.33839962 -0.33839962 -0.33839962 -0.33839962 -0.33839962
 -0.33839962 -0.33839962 -0.33839962 -0.33839962 -0.33839962 -0.33839962
 -0.33839962 -0.33839962 -0.33839962 -0.33839962  0.83670328 -0.33839962
 -0.33839962 -0.33839962 -0.33839962 -0.33839962 -0.33839962 -0.33839962
 -0.33839962 -0.33839962 -0.33839962 -0.33839962 -0.33839962 -0.33839962
 -0.33839962 -0.33839962 -0.33839962 -0.33839962 -0.33839962 -0.33839962
 -0.33839962 -0.33839962 -0.33839962 -0.33839962 -0.33839962 -0.33839962
 -0.33839962 -0.33839962 -0.33839962 -0.33839962 -0.33839962 -0.33839962
 -0.33839962 -0.33839962 -0.33839962 -0.33839962  3.1658334  -0.33839962
 -0.33839962 -0.33839962 -0.33839962  2.80387306 -0.33839962 -0.33839962
 -0.33839962 -0.33839962 -0.33839962 -0.33839962 -0.33839962 -0.33839962
 -0.33839962 -0.33839962 -0.33839962  2.83916564  2.57362669  4.17613351
 -0.33839962 -0.33839962  2.6956074  -0.33839962 -0.33839962 -0.33839962
  2.99741152 -0.33839962  3.41418576 -0.33839962 -0.33839962 -0.33839962
 -0.33839962 -0.33839962 -0.33839962 -0.33839962 -0.33839962  3.0264421
 -0.33839962  1.33333708  2.13849767  3.35076608  1.96212525 -0.33839962
 -0.33839962 -0.33839962 -0.33839962 -0.33839962  0.13600051  1.81348521
 -0.33839962 -0.33839962 -0.33839962 -0.33839962 -0.33839962  1.04532252
 -0.33839962 -0.33839962 -0.33839962 -0.33839962 -0.33839962 -0.33839962
 -0.33839962 -0.33839962 -0.33839962 -0.33839962 -0.33839962 -0.33839962
 -0.33839962 -0.33839962 -0.33839962 -0.33839962 -0.33839962 -0.33839962
 -0.33839962  2.56444426 -0.33839962 -0.33839962 -0.33839962 -0.33839962
 -0.33839962 -0.33839962 -0.33839962 -0.33839962 -0.33839962 -0.33839962
 -0.33839962 -0.33839962 -0.33839962 -0.33839962 -0.33839962 -0.33839962
 -0.33839962 -0.33839962 -0.33839962 -0.33839962 -0.33839962 -0.33839962
 -0.33839962  3.05842606 -0.33839962 -0.33839962  1.21730799  4.63734216
 -0.33839962 -0.33839962 -0.33839962  2.80440109 -0.33839962  2.17355829
 -0.33839962 -0.33839962 -0.33839962 -0.33839962 -0.33839962 -0.33839962
 -0.33839962 -0.33839962 -0.33839962 -0.33839962 -0.33839962 -0.33839962
 -0.33839962 -0.33839962  0.97827635 -0.33839962 -0.33839962 -0.33839962
 -0.33839962 -0.33839962 -0.33839962 -0.33839962 -0.33839962 -0.33839962
 -0.33839962 -0.33839962 -0.33839962 -0.33839962 -0.33839962 -0.33839962
 -0.33839962 -0.33839962 -0.33839962 -0.33839962 -0.33839962 -0.33839962
 -0.33839962 -0.33839962 -0.33839962 -0.33839962  3.83040379 -0.33839962
 -0.33839962 -0.33839962 -0.33839962 -0.33839962 -0.33839962 -0.33839962
 -0.33839962 -0.33839962 -0.33839962 -0.33839962 -0.33839962 -0.33839962
 -0.33839962 -0.33839962 -0.33839962  2.67328333 -0.33839962 -0.33839962
 -0.33839962 -0.33839962 -0.33839962 -0.33839962]",[0.03621469454964327]
1,"[-0.27171715 -0.27171715 -0.27171715 -0.27171715 -0.27171715 -0.27171715
 -0.27171715 -0.27171715 -0.27171715 -0.27171715 -0.27171715 -0.27171715
 -0.27171715 -0.27171715 -0.27171715 -0.27171715  3.73012016 -0.27171715
 -0.27171715 -0.27171715  7.46372698 -0.27171715  3.79420196 -0.27171715
  0.60300811 -0.27171715 -0.27171715 -0.27171715 -0.27171715 -0.27171715
 -0.27171715 -0.27171715 -0.27171715 -0.27171715 -0.27171715 -0.27171715
 -0.27171715 -0.27171715 -0.27171715 -0.27171715 -0.27171715 -0.27171715
 -0.27171715 -0.27171715 -0.27171715 -0.27171715 -0.27171715 -0.27171715
 -0.27171715 -0.27171715 -0.27171715 -0.27171715 -0.27171715 -0.27171715
 -0.27171715 -0.27171715 -0.27171715 -0.27171715 -0.27171715 -0.27171715
 -0.27171715 -0.27171715 -0.27171715 -0.27171715 -0.27171715 -0.27171715
 -0.27171715 -0.27171715  1.08718796 -0.27171715 -0.27171715 -0.27171715
 -0.27171715 -0.27171715 -0.27171715 -0.27171715 -0.27171715 -0.27171715
 -0.27171715 -0.27171715 -0.27171715  2.27602648 -0.27171715 -0.27171715
  2.39204612 -0.27171715 -0.27171715 -0.27171715  2.68588833 -0.27171715
 -0.27171715 -0.27171715 -0.27171715  2.97176148 -0.27171715 -0.27171715
 -0.27171715 -0.27171715 -0.27171715 -0.27171715  1.39031825 -0.27171715
 -0.27171715 -0.27171715 -0.27171715 -0.27171715 -0.27171715 -0.27171715
 -0.27171715 -0.27171715 -0.27171715 -0.27171715 -0.27171715 -0.27171715
  4.26737029 -0.27171715 -0.27171715 -0.27171715 -0.27171715 -0.27171715
 -0.27171715 -0.27171715 -0.27171715  2.39204612 -0.27171715 -0.27171715
 -0.27171715  2.50544836  2.33662948 -0.27171715 -0.27171715 -0.27171715
 -0.27171715 -0.27171715 -0.27171715 -0.27171715 -0.27171715 -0.27171715
 -0.27171715 -0.27171715 -0.27171715 -0.27171715 -0.27171715  2.94151146
 -0.27171715 -0.27171715 -0.27171715 -0.27171715 -0.27171715 -0.27171715
 -0.27171715 -0.27171715 -0.27171715 -0.27171715 -0.27171715 -0.27171715
 -0.27171715 -0.27171715 -0.27171715 -0.27171715 -0.27171715 -0.27171715
 -0.27171715 -0.27171715 -0.27171715 -0.27171715 -0.27171715 -0.27171715
 -0.27171715 -0.27171715 -0.27171715 -0.27171715 -0.27171715 -0.27171715
 -0.27171715 -0.27171715 -0.27171715 -0.27171715 -0.27171715 -0.27171715
 -0.27171715 -0.27171715 -0.27171715 -0.27171715 -0.27171715 -0.27171715
 -0.27171715 -0.27171715 -0.27171715 -0.27171715  1.28207058  3.90600688
  3.54415688 -0.27171715 -0.27171715 -0.27171715 -0.27171715 -0.27171715
 -0.27171715 -0.27171715 -0.27171715 -0.27171715 -0.27171715 -0.27171715
 -0.27171715 -0.27171715 -0.27171715 -0.27171715 -0.27171715 -0.27171715
 -0.27171715 -0.27171715 -0.27171715 -0.27171715 -0.27171715 -0.27171715
 -0.27171715 -0.27171715 -0.27171715 -0.27171715 -0.27171715 -0.27171715
 -0.27171715 -0.27171715 -0.27171715  2.49041335 -0.27171715 -0.27171715
 -0.27171715 -0.27171715 -0.27171715 -0.27171715 -0.27171715 -0.27171715
 -0.27171715 -0.27171715 -0.27171715 -0.27171715  5.58311135 -0.27171715
 -0.27171715 -0.27171715 -0.27171715 -0.27171715 -0.27171715 -0.27171715
 -0.27171715 -0.27171715 -0.27171715 -0.27171715 -0.27171715  1.52486437
 -0.27171715 -0.27171715 -0.27171715  4.04420108 -0.27171715 -0.27171715
 -0.27171715 -0.27171715 -0.27171715 -0.27171715]",[0.007504211096446944]
1,"[-0.30859955 -0.30859955 -0.30859955 -0.30859955 -0.30859955 -0.30859955
  1.47305417 -0.30859955 -0.30859955 -0.30859955 -0.30859955 -0.30859955
 -0.30859955 -0.30859955 -0.30859955 -0.30859955  2.15407006 -0.30859955
 -0.30859955 -0.30859955  6.55250902 -0.30859955  2.61194744 -0.30859955
 -0.30859955 -0.30859955 -0.30859955 -0.30859955 -0.30859955 -0.30859955
 -0.30859955 -0.30859955 -0.30859955 -0.30859955 -0.30859955 -0.30859955
 -0.30859955 -0.30859955  0.89609903 -0.30859955 -0.30859955 -0.30859955
 -0.30859955 -0.30859955 -0.30859955 -0.30859955 -0.30859955 -0.30859955
  1.69820175 -0.30859955 -0.30859955 -0.30859955 -0.30859955 -0.30859955
  1.51525911 -0.30859955 -0.30859955 -0.30859955 -0.30859955 -0.30859955
 -0.30859955 -0.30859955 -0.30859955 -0.30859955 -0.30859955 -0.30859955
 -0.30859955 -0.30859955  0.83215734 -0.30859955 -0.30859955 -0.30859955
 -0.30859955 -0.30859955 -0.30859955 -0.30859955 -0.30859955 -0.30859955
 -0.30859955 -0.30859955 -0.30859955 -0.30859955  1.74857277 -0.30859955
 -0.30859955 -0.30859955 -0.30859955 -0.30859955  2.9894371  -0.30859955
 -0.30859955 -0.30859955 -0.30859955 -0.30859955 -0.30859955 -0.30859955
 -0.30859955 -0.30859955 -0.30859955 -0.30859955 -0.30859955 -0.30859955
 -0.30859955 -0.30859955 -0.30859955 -0.30859955 -0.30859955  2.24501132
 -0.30859955 -0.30859955 -0.30859955 -0.30859955 -0.30859955 -0.30859955
  4.50475295 -0.30859955 -0.30859955  2.32394933  2.45301533  0.04566463
 -0.30859955 -0.30859955 -0.30859955  3.62355894 -0.30859955 -0.30859955
 -0.30859955 -0.30859955  2.75379969 -0.30859955 -0.30859955  3.43320763
 -0.30859955 -0.30859955 -0.30859955 -0.30859955 -0.30859955 -0.30859955
 -0.30859955 -0.30859955 -0.30859955 -0.30859955 -0.30859955 -0.30859955
 -0.30859955 -0.30859955 -0.30859955 -0.30859955 -0.30859955 -0.30859955
 -0.30859955 -0.30859955 -0.30859955 -0.30859955 -0.30859955 -0.30859955
 -0.30859955 -0.30859955 -0.30859955 -0.30859955 -0.30859955 -0.30859955
 -0.30859955  2.32394933 -0.30859955 -0.30859955 -0.30859955 -0.30859955
 -0.30859955 -0.30859955 -0.30859955 -0.30859955 -0.30859955 -0.30859955
  1.66921588 -0.30859955 -0.30859955 -0.30859955 -0.30859955 -0.30859955
 -0.30859955 -0.30859955 -0.30859955 -0.30859955 -0.30859955 -0.30859955
 -0.30859955  2.61194744 -0.30859955 -0.30859955  0.79716566  5.2905387
 -0.30859955 -0.30859955 -0.30859955 -0.30859955 -0.30859955 -0.30859955
 -0.30859955 -0.30859955 -0.30859955 -0.30859955 -0.30859955 -0.30859955
 -0.30859955 -0.30859955 -0.30859955 -0.30859955 -0.30859955 -0.30859955
 -0.30859955 -0.30859955 -0.30859955 -0.30859955 -0.30859955 -0.30859955
 -0.30859955 -0.30859955 -0.30859955 -0.30859955 -0.30859955 -0.30859955
 -0.30859955 -0.30859955 -0.30859955  2.61194744 -0.30859955 -0.30859955
 -0.30859955 -0.30859955  2.87826379 -0.30859955 -0.30859955 -0.30859955
 -0.30859955 -0.30859955 -0.30859955 -0.30859955  3.94277879 -0.30859955
 -0.30859955 -0.30859955 -0.30859955 -0.30859955 -0.30859955 -0.30859955
 -0.30859955 -0.30859955 -0.30859955 -0.30859955 -0.30859955 -0.30859955
 -0.30859955 -0.30859955 -0.30859955  3.9872095  -0.30859955  2.24501132
 -0.30859955 -0.30859955 -0.30859955 -0.30859955]",[-0.04123711047746231]
1,"[-0.25225115 -0.25225115 -0.25225115 -0.25225115 -0.25225115 -0.25225115
  2.42669323 -0.25225115 -0.25225115 -0.25225115 -0.25225115 -0.25225115
 -0.25225115 -0.25225115 -0.25225115 -0.25225115  3.02269496 -0.25225115
 -0.25225115 -0.25225115  6.85518407  3.33406144  5.79159817 -0.25225115
 -0.25225115  0.90253112 -0.25225115 -0.25225115 -0.25225115 -0.25225115
 -0.25225115  1.79599266 -0.25225115 -0.25225115 -0.25225115 -0.25225115
 -0.25225115 -0.25225115 -0.25225115 -0.25225115 -0.25225115 -0.25225115
 -0.25225115 -0.25225115 -0.25225115 -0.25225115 -0.25225115 -0.25225115
 -0.25225115 -0.25225115 -0.25225115 -0.25225115 -0.25225115 -0.25225115
 -0.25225115 -0.25225115 -0.25225115 -0.25225115 -0.25225115 -0.25225115
  0.35833257 -0.25225115 -0.25225115 -0.25225115 -0.25225115 -0.25225115
 -0.25225115 -0.25225115 -0.25225115 -0.25225115 -0.25225115 -0.25225115
 -0.25225115 -0.25225115 -0.25225115 -0.25225115 -0.25225115 -0.25225115
 -0.25225115 -0.25225115 -0.25225115 -0.25225115 -0.25225115 -0.25225115
 -0.25225115 -0.25225115 -0.25225115 -0.25225115  4.54024096 -0.25225115
 -0.25225115 -0.25225115 -0.25225115 -0.25225115 -0.25225115 -0.25225115
 -0.25225115 -0.25225115 -0.25225115 -0.25225115 -0.25225115 -0.25225115
 -0.25225115 -0.25225115 -0.25225115 -0.25225115 -0.25225115 -0.25225115
 -0.25225115 -0.25225115 -0.25225115 -0.25225115 -0.25225115 -0.25225115
  4.06784064 -0.25225115  3.52866557 -0.25225115  0.35833257 -0.25225115
 -0.25225115 -0.25225115 -0.25225115 -0.25225115 -0.25225115  1.84757988
 -0.25225115 -0.25225115 -0.25225115 -0.25225115 -0.25225115 -0.25225115
 -0.25225115 -0.25225115 -0.25225115 -0.25225115 -0.25225115 -0.25225115
 -0.25225115 -0.25225115 -0.25225115 -0.25225115 -0.25225115 -0.25225115
 -0.25225115 -0.25225115 -0.25225115 -0.25225115 -0.25225115 -0.25225115
 -0.25225115 -0.25225115 -0.25225115 -0.25225115 -0.25225115 -0.25225115
 -0.25225115 -0.25225115 -0.25225115 -0.25225115 -0.25225115  2.44796566
 -0.25225115 -0.25225115 -0.25225115 -0.25225115  5.20004279 -0.25225115
 -0.25225115 -0.25225115 -0.25225115 -0.25225115 -0.25225115 -0.25225115
 -0.25225115 -0.25225115 -0.25225115 -0.25225115 -0.25225115 -0.25225115
 -0.25225115 -0.25225115 -0.25225115 -0.25225115 -0.25225115 -0.25225115
 -0.25225115 -0.25225115 -0.25225115 -0.25225115  2.47661465  1.73311799
 -0.25225115 -0.25225115 -0.25225115 -0.25225115 -0.25225115 -0.25225115
 -0.25225115 -0.25225115 -0.25225115 -0.25225115 -0.25225115  3.72807221
 -0.25225115 -0.25225115 -0.25225115 -0.25225115 -0.25225115 -0.25225115
 -0.25225115 -0.25225115  1.8048824  -0.25225115 -0.25225115 -0.25225115
 -0.25225115 -0.25225115 -0.25225115 -0.25225115 -0.25225115 -0.25225115
 -0.25225115 -0.25225115 -0.25225115 -0.25225115 -0.25225115 -0.25225115
 -0.25225115 -0.25225115 -0.25225115 -0.25225115 -0.25225115 -0.25225115
 -0.25225115 -0.25225115 -0.25225115 -0.25225115  4.82433516 -0.25225115
 -0.25225115 -0.25225115 -0.25225115 -0.25225115 -0.25225115 -0.25225115
 -0.25225115 -0.25225115 -0.25225115 -0.25225115 -0.25225115 -0.25225115
 -0.25225115 -0.25225115 -0.25225115 -0.25225115 -0.25225115 -0.25225115
 -0.25225115 -0.25225115 -0.25225115 -0.25225115]",[-0.04458763320466447]
1,"[-0.40083409 -0.40083409 -0.40083409  0.01630295 -0.40083409 -0.40083409
  0.96169752 -0.40083409 -0.40083409 -0.40083409 -0.40083409 -0.40083409
 -0.40083409 -0.40083409 -0.40083409 -0.40083409  3.12581788 -0.40083409
 -0.40083409 -0.40083409  5.23994242  1.76881627  4.05895342 -0.40083409
  0.38191572 -0.40083409 -0.40083409 -0.40083409  1.69323391 -0.40083409
 -0.40083409 -0.40083409 -0.40083409 -0.40083409 -0.40083409 -0.40083409
 -0.40083409  1.61403574 -0.40083409 -0.40083409 -0.40083409 -0.40083409
 -0.40083409 -0.40083409 -0.40083409 -0.40083409 -0.40083409 -0.40083409
 -0.40083409 -0.40083409 -0.40083409 -0.40083409  0.85633082  0.95798116
 -0.40083409 -0.40083409 -0.40083409 -0.40083409 -0.40083409 -0.40083409
 -0.40083409 -0.40083409 -0.40083409 -0.40083409 -0.40083409 -0.40083409
 -0.40083409 -0.40083409 -0.40083409 -0.40083409 -0.40083409 -0.40083409
 -0.40083409 -0.40083409 -0.40083409 -0.40083409 -0.40083409 -0.40083409
 -0.40083409 -0.40083409 -0.40083409 -0.40083409  1.71980131 -0.40083409
 -0.40083409 -0.40083409 -0.40083409 -0.40083409  2.19677975 -0.40083409
 -0.40083409 -0.40083409  0.835012   -0.40083409 -0.40083409 -0.40083409
 -0.40083409 -0.40083409  3.22281592 -0.40083409  2.106172   -0.40083409
 -0.40083409  1.09971011 -0.40083409 -0.40083409 -0.40083409  2.3268451
 -0.40083409 -0.40083409  2.01635353 -0.40083409 -0.40083409 -0.40083409
  3.61280545 -0.40083409 -0.40083409  2.2716507   2.05388285 -0.40083409
 -0.40083409 -0.40083409 -0.40083409  3.65154866 -0.40083409  1.89997019
 -0.40083409 -0.40083409  3.20942744  1.81319994 -0.40083409  1.44758717
 -0.40083409 -0.40083409 -0.40083409 -0.40083409 -0.40083409 -0.40083409
 -0.40083409  0.66105978 -0.40083409 -0.40083409 -0.40083409  1.60312764
 -0.40083409 -0.40083409 -0.40083409 -0.40083409 -0.40083409 -0.40083409
 -0.40083409  1.34498228 -0.40083409 -0.40083409 -0.40083409 -0.40083409
 -0.40083409 -0.40083409 -0.40083409 -0.40083409 -0.40083409 -0.40083409
 -0.40083409 -0.40083409 -0.40083409 -0.40083409  2.03433346 -0.40083409
 -0.40083409  1.83137352 -0.40083409 -0.40083409 -0.40083409 -0.40083409
 -0.40083409 -0.40083409 -0.40083409 -0.40083409 -0.40083409 -0.40083409
 -0.40083409 -0.40083409 -0.40083409 -0.40083409 -0.40083409 -0.40083409
 -0.40083409 -0.40083409 -0.40083409 -0.40083409  2.64866444  3.2926597
  1.63512079 -0.40083409  0.66105978 -0.40083409 -0.40083409 -0.40083409
 -0.40083409 -0.40083409 -0.40083409 -0.40083409 -0.40083409 -0.40083409
 -0.40083409 -0.40083409 -0.40083409 -0.40083409 -0.40083409 -0.40083409
 -0.40083409 -0.40083409 -0.40083409 -0.40083409 -0.40083409 -0.40083409
 -0.40083409 -0.40083409  1.96814352 -0.40083409  0.9708619  -0.40083409
 -0.40083409 -0.40083409  1.81319994 -0.40083409 -0.40083409 -0.40083409
 -0.40083409 -0.40083409 -0.40083409 -0.40083409 -0.40083409 -0.40083409
  2.96304516 -0.40083409 -0.40083409 -0.40083409  2.97553892 -0.40083409
 -0.40083409 -0.40083409 -0.40083409 -0.40083409 -0.40083409 -0.40083409
 -0.40083409  2.39298175 -0.40083409 -0.40083409 -0.40083409 -0.40083409
 -0.40083409 -0.40083409 -0.40083409  2.82792301 -0.40083409 -0.40083409
 -0.40083409 -0.40083409 -0.40083409 -0.40083409]",[0.065128522930958]
1,"[-0.31930227 -0.31930227 -0.31930227 -0.31930227 -0.31930227 -0.31930227
  1.32090305 -0.31930227 -0.31930227 -0.31930227 -0.31930227 -0.31930227
 -0.31930227 -0.31930227 -0.31930227 -0.31930227  2.42290438 -0.31930227
 -0.31930227 -0.31930227  3.20997282 -0.31930227 -0.31930227 -0.31930227
 -0.31930227 -0.31930227 -0.31930227 -0.31930227 -0.31930227 -0.31930227
 -0.31930227 -0.31930227 -0.31930227 -0.31930227 -0.31930227 -0.31930227
 -0.31930227  0.83563254 -0.31930227 -0.31930227 -0.31930227 -0.31930227
 -0.31930227 -0.31930227 -0.31930227 -0.31930227 -0.31930227 -0.31930227
 -0.31930227 -0.31930227 -0.31930227 -0.31930227  0.15448881 -0.31930227
  2.1158783  -0.31930227 -0.31930227 -0.31930227 -0.31930227 -0.31930227
 -0.31930227 -0.31930227 -0.31930227 -0.31930227 -0.31930227 -0.31930227
 -0.31930227 -0.31930227  0.5416317  -0.31930227 -0.31930227 -0.31930227
 -0.31930227 -0.31930227 -0.31930227 -0.31930227 -0.31930227 -0.31930227
 -0.31930227 -0.31930227 -0.31930227 -0.31930227 -0.31930227 -0.31930227
 -0.31930227 -0.31930227 -0.31930227 -0.31930227 -0.31930227 -0.31930227
 -0.31930227 -0.31930227 -0.31930227 -0.31930227 -0.31930227 -0.31930227
 -0.31930227 -0.31930227 -0.31930227 -0.31930227 -0.31930227 -0.31930227
 -0.31930227 -0.31930227 -0.31930227 -0.31930227 -0.31930227 -0.31930227
 -0.31930227 -0.31930227 -0.31930227 -0.31930227 -0.31930227 -0.31930227
  2.4425354  -0.31930227 -0.31930227 -0.31930227  0.96784388 -0.31930227
 -0.31930227 -0.31930227 -0.31930227 -0.31930227 -0.31930227 -0.31930227
 -0.31930227  2.65684843  4.27959066  1.90854634 -0.31930227  3.45733284
  2.27500796 -0.31930227 -0.31930227 -0.31930227 -0.31930227 -0.31930227
 -0.31930227 -0.31930227 -0.31930227 -0.31930227 -0.31930227  0.98372581
 -0.31930227 -0.31930227 -0.31930227 -0.31930227 -0.31930227 -0.31930227
 -0.31930227 -0.31930227  2.354226    1.76210666 -0.31930227 -0.31930227
 -0.31930227 -0.31930227 -0.31930227 -0.31930227 -0.31930227 -0.31930227
 -0.31930227  3.10675137 -0.31930227 -0.31930227 -0.31930227 -0.31930227
 -0.31930227 -0.31930227 -0.31930227 -0.31930227 -0.31930227 -0.31930227
 -0.31930227 -0.31930227 -0.31930227 -0.31930227 -0.31930227 -0.31930227
 -0.31930227 -0.31930227 -0.31930227 -0.31930227 -0.31930227 -0.31930227
 -0.31930227  2.19157741 -0.31930227 -0.31930227  0.43890404  5.1114857
  2.87943187 -0.31930227 -0.31930227 -0.31930227 -0.31930227 -0.31930227
 -0.31930227 -0.31930227 -0.31930227 -0.31930227 -0.31930227  2.33932367
 -0.31930227 -0.31930227 -0.31930227 -0.31930227 -0.31930227 -0.31930227
 -0.31930227  4.88319061  1.93122871 -0.31930227 -0.31930227 -0.31930227
 -0.31930227 -0.31930227 -0.31930227 -0.31930227  1.02648363 -0.31930227
 -0.31930227 -0.31930227 -0.31930227  3.50229525 -0.31930227 -0.31930227
 -0.31930227 -0.31930227 -0.31930227 -0.31930227 -0.31930227 -0.31930227
 -0.31930227 -0.31930227 -0.31930227 -0.31930227  4.44838239 -0.31930227
 -0.31930227 -0.31930227 -0.31930227 -0.31930227 -0.31930227 -0.31930227
 -0.31930227 -0.31930227 -0.31930227  3.68566924 -0.31930227 -0.31930227
 -0.31930227 -0.31930227 -0.31930227  4.84422719 -0.31930227 -0.31930227
 -0.31930227 -0.31930227 -0.31930227 -0.31930227]",[-0.013843673674941825]
1,"[-0.29140722 -0.29140722 -0.29140722 -0.29140722 -0.29140722 -0.29140722
  2.04582986 -0.29140722 -0.29140722 -0.29140722 -0.29140722 -0.29140722
 -0.29140722 -0.29140722 -0.29140722 -0.29140722  2.74125383 -0.29140722
 -0.29140722 -0.29140722  7.29738008 -0.29140722 -0.29140722 -0.29140722
 -0.29140722 -0.29140722 -0.29140722 -0.29140722 -0.29140722 -0.29140722
 -0.29140722 -0.29140722 -0.29140722 -0.29140722 -0.29140722  0.79989942
 -0.29140722  3.24598513  2.65354197 -0.29140722 -0.29140722 -0.29140722
 -0.29140722 -0.29140722 -0.29140722 -0.29140722 -0.29140722 -0.29140722
  2.53991625  2.83500039 -0.29140722 -0.29140722  1.41456269 -0.29140722
 -0.29140722 -0.29140722 -0.29140722 -0.29140722  1.31559162 -0.29140722
  2.54166384 -0.29140722 -0.29140722 -0.29140722 -0.29140722 -0.29140722
 -0.29140722 -0.29140722 -0.29140722 -0.29140722 -0.29140722 -0.29140722
 -0.29140722 -0.29140722 -0.29140722 -0.29140722 -0.29140722 -0.29140722
 -0.29140722 -0.29140722 -0.29140722 -0.29140722  1.87460217 -0.29140722
 -0.29140722 -0.29140722 -0.29140722 -0.29140722 -0.29140722 -0.29140722
 -0.29140722 -0.29140722  4.15136689  4.5952122  -0.29140722 -0.29140722
 -0.29140722 -0.29140722 -0.29140722 -0.29140722 -0.29140722 -0.29140722
 -0.29140722  1.75163406 -0.29140722 -0.29140722 -0.29140722 -0.29140722
 -0.29140722 -0.29140722 -0.29140722 -0.29140722 -0.29140722 -0.29140722
  2.90023077 -0.29140722 -0.29140722  2.2243443  -0.29140722  0.39190835
 -0.29140722 -0.29140722 -0.29140722 -0.29140722 -0.29140722 -0.29140722
 -0.29140722  2.75776141  2.25806838 -0.29140722 -0.29140722 -0.29140722
 -0.29140722 -0.29140722 -0.29140722 -0.29140722 -0.29140722 -0.29140722
 -0.29140722 -0.29140722 -0.29140722 -0.29140722 -0.29140722  1.57883923
 -0.29140722 -0.29140722 -0.29140722 -0.29140722 -0.29140722 -0.29140722
 -0.29140722 -0.29140722 -0.29140722 -0.29140722 -0.29140722 -0.29140722
 -0.29140722 -0.29140722 -0.29140722 -0.29140722 -0.29140722 -0.29140722
 -0.29140722 -0.29140722 -0.29140722 -0.29140722 -0.29140722 -0.29140722
 -0.29140722 -0.29140722 -0.29140722 -0.29140722 -0.29140722 -0.29140722
 -0.29140722 -0.29140722  0.82355335 -0.29140722 -0.29140722 -0.29140722
 -0.29140722 -0.29140722 -0.29140722 -0.29140722 -0.29140722 -0.29140722
 -0.29140722 -0.29140722 -0.29140722 -0.29140722  2.65620407  2.88078929
 -0.29140722 -0.29140722 -0.29140722 -0.29140722 -0.29140722 -0.29140722
 -0.29140722 -0.29140722 -0.29140722 -0.29140722 -0.29140722 -0.29140722
 -0.29140722 -0.29140722 -0.29140722 -0.29140722 -0.29140722 -0.29140722
 -0.29140722 -0.29140722 -0.29140722 -0.29140722 -0.29140722 -0.29140722
 -0.29140722 -0.29140722 -0.29140722 -0.29140722 -0.29140722 -0.29140722
 -0.29140722 -0.29140722 -0.29140722 -0.29140722 -0.29140722 -0.29140722
 -0.29140722 -0.29140722 -0.29140722 -0.29140722 -0.29140722 -0.29140722
 -0.29140722 -0.29140722 -0.29140722 -0.29140722  6.29010117 -0.29140722
 -0.29140722 -0.29140722 -0.29140722 -0.29140722 -0.29140722 -0.29140722
 -0.29140722 -0.29140722 -0.29140722 -0.29140722 -0.29140722 -0.29140722
 -0.29140722 -0.29140722 -0.29140722 -0.29140722 -0.29140722 -0.29140722
 -0.29140722 -0.29140722 -0.29140722  2.20686321]",[0.09957073892460505]
1,"[-0.38987838 -0.38987838 -0.38987838 -0.38987838 -0.38987838 -0.38987838
  1.66348588 -0.38987838 -0.38987838 -0.38987838 -0.38987838 -0.38987838
 -0.38987838 -0.38987838 -0.38987838 -0.38987838  1.52298546 -0.38987838
 -0.38987838 -0.38987838  4.91482237  1.69869006  3.92925823 -0.38987838
  3.25587051 -0.38987838 -0.38987838 -0.38987838  3.16104933 -0.38987838
 -0.38987838 -0.38987838 -0.38987838 -0.38987838 -0.38987838 -0.38987838
 -0.38987838 -0.38987838  1.51554168 -0.38987838 -0.38987838 -0.38987838
 -0.38987838  2.08043703 -0.38987838 -0.38987838 -0.38987838 -0.38987838
 -0.38987838 -0.38987838 -0.38987838 -0.38987838 -0.03283773  4.61509575
 -0.38987838 -0.38987838 -0.38987838 -0.38987838 -0.38987838 -0.38987838
 -0.38987838 -0.38987838 -0.38987838 -0.38987838 -0.38987838 -0.38987838
 -0.38987838 -0.38987838 -0.38987838 -0.38987838 -0.38987838 -0.38987838
 -0.38987838 -0.38987838 -0.38987838 -0.38987838 -0.38987838 -0.38987838
 -0.38987838 -0.38987838 -0.38987838 -0.38987838  1.72763592 -0.38987838
 -0.38987838 -0.38987838 -0.38987838 -0.38987838 -0.38987838 -0.38987838
 -0.38987838 -0.38987838 -0.38987838 -0.38987838 -0.38987838 -0.38987838
 -0.38987838 -0.38987838 -0.38987838 -0.38987838  2.41351519 -0.38987838
 -0.38987838 -0.38987838 -0.38987838 -0.38987838 -0.38987838 -0.38987838
 -0.38987838 -0.38987838 -0.38987838 -0.38987838 -0.38987838 -0.38987838
  2.17126727 -0.38987838 -0.38987838  2.96534617  1.01221959 -0.38987838
 -0.38987838 -0.38987838 -0.38987838  1.61480126 -0.38987838 -0.38987838
 -0.38987838 -0.38987838  3.20723848  1.37897108 -0.38987838  3.34015498
 -0.38987838 -0.38987838 -0.38987838  0.65932108 -0.38987838  0.89381811
 -0.38987838  1.54062762 -0.38987838 -0.38987838 -0.38987838  1.32916412
 -0.38987838 -0.38987838 -0.38987838  1.4465779   1.87370577 -0.38987838
 -0.38987838 -0.38987838 -0.38987838 -0.38987838 -0.38987838 -0.38987838
 -0.38987838 -0.38987838 -0.38987838  1.52298546 -0.38987838  2.0586996
 -0.38987838 -0.38987838 -0.38987838 -0.38987838 -0.38987838 -0.38987838
 -0.38987838 -0.38987838  1.08932601 -0.38987838 -0.38987838 -0.38987838
  3.05351885 -0.38987838 -0.02403237 -0.38987838 -0.38987838 -0.38987838
 -0.38987838 -0.38987838 -0.38987838 -0.38987838  1.70292611  2.0944352
 -0.38987838 -0.38987838 -0.38987838 -0.38987838  2.68810862  3.08937723
 -0.38987838 -0.38987838 -0.38987838 -0.38987838 -0.38987838 -0.38987838
 -0.38987838 -0.38987838 -0.38987838 -0.38987838 -0.38987838 -0.38987838
 -0.38987838 -0.38987838 -0.38987838 -0.38987838 -0.38987838 -0.38987838
 -0.38987838 -0.38987838  1.17835748 -0.38987838 -0.38987838 -0.38987838
 -0.38987838 -0.38987838 -0.38987838 -0.38987838 -0.38987838 -0.38987838
 -0.38987838  1.59606826 -0.38987838 -0.38987838 -0.38987838 -0.38987838
 -0.38987838 -0.38987838  3.19881177 -0.38987838 -0.38987838 -0.38987838
 -0.38987838 -0.38987838 -0.38987838 -0.38987838  1.92222168 -0.38987838
 -0.38987838 -0.38987838 -0.38987838 -0.38987838 -0.38987838 -0.38987838
 -0.38987838 -0.38987838 -0.38987838 -0.38987838 -0.38987838 -0.38987838
 -0.38987838 -0.38987838 -0.38987838  2.75814317 -0.38987838 -0.38987838
 -0.38987838 -0.38987838 -0.38987838  2.33541117]",[0.01737276049358899]
1,"[-0.3196488  -0.3196488  -0.3196488  -0.3196488  -0.3196488  -0.3196488
  2.63599132 -0.3196488  -0.3196488  -0.3196488  -0.3196488  -0.3196488
 -0.3196488  -0.3196488  -0.3196488  -0.3196488   2.99446086 -0.3196488
 -0.3196488  -0.3196488   6.00733953 -0.3196488   4.42506271 -0.3196488
  3.64815619  1.20119367 -0.3196488  -0.3196488   3.05962427 -0.3196488
 -0.3196488  -0.3196488  -0.3196488  -0.3196488  -0.3196488  -0.3196488
 -0.3196488  -0.3196488   1.16072423 -0.3196488  -0.3196488  -0.3196488
  4.1924774  -0.3196488  -0.3196488  -0.3196488  -0.3196488  -0.3196488
 -0.3196488  -0.3196488  -0.3196488  -0.3196488   0.59964539 -0.3196488
  0.93538302 -0.3196488  -0.3196488  -0.3196488  -0.3196488  -0.3196488
 -0.3196488  -0.3196488  -0.3196488  -0.3196488  -0.3196488  -0.3196488
 -0.3196488  -0.3196488   1.37910949 -0.3196488  -0.3196488  -0.3196488
 -0.3196488  -0.3196488  -0.3196488  -0.3196488  -0.3196488  -0.3196488
 -0.3196488  -0.3196488  -0.3196488  -0.3196488  -0.3196488  -0.3196488
 -0.3196488  -0.3196488  -0.3196488  -0.3196488   1.97959021 -0.3196488
 -0.3196488  -0.3196488   1.55682239  2.20272544 -0.3196488  -0.3196488
 -0.3196488  -0.3196488  -0.3196488  -0.3196488  -0.3196488  -0.3196488
 -0.3196488  -0.3196488   3.18984612 -0.3196488  -0.3196488   2.25690723
 -0.3196488  -0.3196488   3.62656006 -0.3196488  -0.3196488  -0.3196488
  3.66309083 -0.3196488   3.52979017 -0.3196488  -0.3196488  -0.3196488
 -0.3196488  -0.3196488  -0.3196488  -0.3196488  -0.3196488  -0.3196488
 -0.3196488  -0.3196488  -0.3196488  -0.3196488  -0.3196488  -0.3196488
 -0.3196488  -0.3196488  -0.3196488  -0.3196488  -0.3196488  -0.3196488
 -0.3196488  -0.3196488  -0.3196488  -0.3196488  -0.3196488  -0.3196488
 -0.3196488  -0.3196488  -0.3196488  -0.3196488  -0.3196488  -0.3196488
 -0.3196488  -0.3196488  -0.3196488  -0.3196488  -0.3196488  -0.3196488
 -0.3196488  -0.3196488  -0.3196488  -0.3196488   0.39591638 -0.3196488
 -0.3196488  -0.3196488  -0.3196488  -0.3196488  -0.3196488  -0.3196488
 -0.3196488  -0.3196488  -0.3196488  -0.3196488  -0.3196488  -0.3196488
 -0.3196488  -0.3196488  -0.3196488  -0.3196488  -0.3196488  -0.3196488
 -0.3196488  -0.3196488  -0.3196488  -0.3196488   1.23793879 -0.3196488
 -0.3196488   1.483597   -0.3196488  -0.3196488  -0.3196488   4.40000895
 -0.3196488  -0.3196488  -0.3196488  -0.3196488  -0.3196488  -0.3196488
 -0.3196488  -0.3196488  -0.3196488  -0.3196488  -0.3196488  -0.3196488
 -0.3196488  -0.3196488  -0.3196488  -0.3196488  -0.3196488  -0.3196488
 -0.3196488  -0.3196488  -0.3196488   1.57683108 -0.3196488  -0.3196488
 -0.3196488  -0.3196488  -0.3196488  -0.3196488   1.64180897 -0.3196488
 -0.3196488   2.51707011 -0.3196488  -0.3196488  -0.3196488  -0.3196488
 -0.3196488  -0.3196488   0.51790768 -0.3196488  -0.3196488  -0.3196488
 -0.3196488  -0.3196488  -0.3196488  -0.3196488   3.8264818  -0.3196488
 -0.3196488  -0.3196488  -0.3196488  -0.3196488  -0.3196488  -0.3196488
 -0.3196488  -0.3196488  -0.3196488  -0.3196488  -0.3196488  -0.3196488
 -0.3196488  -0.3196488  -0.3196488  -0.3196488  -0.3196488   2.31646003
 -0.3196488  -0.3196488  -0.3196488  -0.3196488 ]",[-0.01662617705082331]
1,"[-0.3380255  -0.3380255  -0.3380255  -0.3380255  -0.3380255  -0.3380255
  1.34927533 -0.3380255  -0.3380255  -0.3380255  -0.3380255  -0.3380255
 -0.3380255  -0.3380255  -0.3380255  -0.3380255   2.12723134 -0.3380255
 -0.3380255  -0.3380255   4.63709189 -0.3380255   3.52769072 -0.3380255
  1.36046837 -0.3380255  -0.3380255  -0.3380255  -0.3380255  -0.3380255
 -0.3380255  -0.3380255  -0.3380255  -0.3380255  -0.3380255  -0.3380255
 -0.3380255  -0.3380255  -0.3380255  -0.3380255  -0.3380255  -0.3380255
  4.40979961 -0.3380255  -0.3380255  -0.3380255  -0.3380255  -0.3380255
 -0.3380255  -0.3380255  -0.3380255  -0.3380255  -0.3380255  -0.3380255
 -0.3380255  -0.3380255  -0.3380255  -0.3380255  -0.3380255  -0.3380255
 -0.3380255  -0.3380255  -0.3380255  -0.3380255  -0.3380255  -0.3380255
 -0.3380255  -0.3380255  -0.3380255  -0.3380255  -0.3380255  -0.3380255
 -0.3380255  -0.3380255   2.33612423 -0.3380255   2.12723134 -0.3380255
 -0.3380255  -0.3380255  -0.3380255  -0.3380255  -0.3380255  -0.3380255
 -0.3380255  -0.3380255  -0.3380255  -0.3380255   2.29162748 -0.3380255
 -0.3380255  -0.3380255  -0.3380255   2.56106669 -0.3380255  -0.3380255
 -0.3380255  -0.3380255  -0.3380255  -0.3380255   4.23687584 -0.3380255
 -0.3380255   4.39552983 -0.3380255   3.01032242 -0.3380255  -0.3380255
 -0.3380255  -0.3380255   1.34927533 -0.3380255  -0.3380255  -0.3380255
  3.00972277 -0.3380255  -0.3380255  -0.3380255   0.60309949 -0.3380255
 -0.3380255  -0.3380255  -0.3380255   2.50689035 -0.3380255   1.09563068
 -0.3380255  -0.3380255   2.41459389 -0.3380255  -0.3380255  -0.3380255
 -0.3380255  -0.3380255  -0.3380255  -0.3380255  -0.3380255  -0.3380255
 -0.3380255  -0.3380255  -0.3380255  -0.3380255  -0.3380255  -0.3380255
 -0.3380255  -0.3380255  -0.3380255  -0.3380255  -0.3380255  -0.3380255
  1.07298367 -0.3380255  -0.3380255  -0.3380255  -0.3380255  -0.3380255
 -0.3380255  -0.3380255  -0.3380255  -0.3380255  -0.3380255  -0.3380255
 -0.3380255  -0.3380255  -0.3380255  -0.3380255  -0.3380255  -0.3380255
 -0.3380255  -0.3380255  -0.3380255  -0.3380255  -0.3380255  -0.3380255
  2.67069561 -0.3380255  -0.3380255  -0.3380255  -0.3380255  -0.3380255
 -0.3380255  -0.3380255  -0.3380255  -0.3380255   1.12329389 -0.3380255
 -0.3380255  -0.3380255  -0.3380255  -0.3380255   2.40359298  4.19479484
  2.55549393 -0.3380255   1.46922457 -0.3380255  -0.3380255  -0.3380255
 -0.3380255  -0.3380255  -0.3380255  -0.3380255  -0.3380255  -0.3380255
 -0.3380255  -0.3380255  -0.3380255  -0.3380255  -0.3380255  -0.3380255
 -0.3380255  -0.3380255  -0.3380255  -0.3380255  -0.3380255  -0.3380255
 -0.3380255  -0.3380255  -0.3380255  -0.3380255   0.94081458 -0.3380255
 -0.3380255   2.32537208 -0.3380255  -0.3380255  -0.3380255  -0.3380255
 -0.3380255  -0.3380255   2.94504511 -0.3380255  -0.3380255  -0.3380255
 -0.3380255  -0.3380255  -0.3380255  -0.3380255   3.6275638  -0.3380255
 -0.3380255  -0.3380255  -0.3380255  -0.3380255  -0.3380255  -0.3380255
 -0.3380255  -0.3380255  -0.3380255  -0.3380255   3.40546846 -0.3380255
 -0.3380255  -0.3380255  -0.3380255  -0.3380255  -0.3380255  -0.3380255
 -0.3380255  -0.3380255  -0.3380255  -0.3380255 ]",[0.10139613078032642]
1,"[-0.32683584 -0.32683584 -0.32683584 -0.32683584 -0.32683584 -0.32683584
  2.02496511 -0.32683584 -0.32683584 -0.32683584 -0.32683584 -0.32683584
 -0.32683584 -0.32683584 -0.32683584 -0.32683584  1.56690363 -0.32683584
 -0.32683584 -0.32683584  6.54495265  2.62096805  4.83699178 -0.32683584
 -0.32683584  0.78766592 -0.32683584 -0.32683584 -0.32683584 -0.32683584
 -0.32683584 -0.32683584 -0.32683584 -0.32683584  1.48806213 -0.32683584
 -0.32683584  1.95724925  1.51230586 -0.32683584 -0.32683584 -0.32683584
  4.21416978 -0.32683584  2.0546376  -0.32683584 -0.32683584 -0.32683584
 -0.32683584 -0.32683584 -0.32683584 -0.32683584  1.5365554  -0.32683584
 -0.32683584 -0.32683584 -0.32683584 -0.32683584 -0.32683584 -0.32683584
 -0.32683584 -0.32683584 -0.32683584 -0.32683584 -0.32683584 -0.32683584
 -0.32683584 -0.32683584 -0.32683584 -0.32683584 -0.32683584 -0.32683584
 -0.32683584 -0.32683584 -0.32683584 -0.32683584 -0.32683584 -0.32683584
 -0.32683584 -0.32683584 -0.32683584 -0.32683584 -0.32683584  1.48806213
 -0.32683584 -0.32683584 -0.32683584 -0.32683584 -0.32683584 -0.32683584
 -0.32683584 -0.32683584 -0.32683584 -0.32683584 -0.32683584 -0.32683584
 -0.32683584 -0.32683584 -0.32683584 -0.32683584  4.36815349 -0.32683584
 -0.32683584 -0.32683584 -0.32683584 -0.32683584 -0.32683584 -0.32683584
 -0.32683584 -0.32683584 -0.32683584 -0.32683584 -0.32683584 -0.32683584
  2.79854912 -0.32683584 -0.32683584 -0.32683584  0.26244981 -0.32683584
 -0.32683584 -0.32683584 -0.32683584 -0.32683584 -0.32683584 -0.32683584
 -0.32683584 -0.32683584 -0.32683584 -0.32683584 -0.32683584 -0.32683584
  3.94514916 -0.32683584 -0.32683584 -0.32683584  0.03333207 -0.32683584
 -0.32683584 -0.32683584 -0.32683584 -0.32683584 -0.32683584  1.30831843
  2.54383963 -0.32683584  2.11881977  0.71609104 -0.32683584 -0.32683584
 -0.32683584 -0.32683584 -0.32683584 -0.32683584 -0.32683584 -0.32683584
 -0.32683584 -0.32683584 -0.32683584 -0.32683584  1.12830612 -0.32683584
 -0.32683584 -0.32683584 -0.32683584 -0.32683584 -0.32683584 -0.32683584
 -0.32683584 -0.32683584 -0.32683584  1.90216768 -0.32683584 -0.32683584
  2.02807441 -0.32683584  0.49674476 -0.32683584 -0.32683584 -0.32683584
 -0.32683584 -0.32683584 -0.32683584 -0.32683584 -0.32683584 -0.32683584
 -0.32683584 -0.32683584 -0.32683584 -0.32683584  1.89638145  3.47881946
 -0.32683584 -0.32683584  1.07816136 -0.32683584 -0.32683584 -0.32683584
 -0.32683584 -0.32683584 -0.32683584 -0.32683584 -0.32683584 -0.32683584
 -0.32683584 -0.32683584 -0.32683584 -0.32683584 -0.32683584 -0.32683584
 -0.32683584 -0.32683584  0.94013583 -0.32683584 -0.32683584 -0.32683584
 -0.32683584 -0.32683584 -0.32683584 -0.32683584 -0.32683584 -0.32683584
 -0.32683584 -0.32683584 -0.32683584 -0.32683584 -0.32683584 -0.32683584
 -0.32683584 -0.32683584  0.78766592 -0.32683584 -0.32683584  5.05803067
 -0.32683584 -0.32683584 -0.32683584 -0.32683584  1.76767361 -0.32683584
 -0.32683584 -0.32683584 -0.32683584 -0.32683584 -0.32683584 -0.32683584
 -0.32683584 -0.32683584 -0.32683584 -0.32683584 -0.32683584 -0.32683584
 -0.32683584 -0.32683584 -0.32683584 -0.32683584 -0.32683584 -0.32683584
 -0.32683584 -0.32683584 -0.32683584  3.22821883]",[-0.04566514555704371]
1,"[-0.30663605 -0.30663605 -0.30663605 -0.30663605 -0.30663605 -0.30663605
  2.51983462 -0.30663605 -0.30663605 -0.30663605 -0.30663605 -0.30663605
 -0.30663605 -0.30663605 -0.30663605 -0.30663605  3.82389522 -0.30663605
 -0.30663605 -0.30663605  6.47713586  2.97512461  5.61026553 -0.30663605
  3.97374043  1.58417743 -0.30663605 -0.30663605 -0.30663605 -0.30663605
 -0.30663605  2.11302459 -0.30663605 -0.30663605 -0.30663605 -0.30663605
 -0.30663605 -0.30663605 -0.30663605 -0.30663605 -0.30663605 -0.30663605
 -0.30663605 -0.30663605 -0.30663605 -0.30663605 -0.30663605 -0.30663605
 -0.30663605 -0.30663605 -0.30663605 -0.30663605 -0.30663605 -0.30663605
  2.04047012 -0.30663605 -0.30663605 -0.30663605 -0.30663605 -0.30663605
 -0.30663605 -0.30663605 -0.30663605 -0.30663605 -0.30663605 -0.30663605
 -0.30663605 -0.30663605  2.0727421  -0.30663605 -0.30663605 -0.30663605
 -0.30663605 -0.30663605 -0.30663605 -0.30663605  2.17712217 -0.30663605
 -0.30663605 -0.30663605 -0.30663605 -0.30663605 -0.30663605 -0.30663605
  1.85829598 -0.30663605 -0.30663605 -0.30663605  3.9581364  -0.30663605
 -0.30663605 -0.30663605 -0.30663605 -0.30663605 -0.30663605 -0.30663605
 -0.30663605 -0.30663605 -0.30663605 -0.30663605 -0.30663605 -0.30663605
 -0.30663605 -0.30663605 -0.30663605  2.11302459 -0.30663605 -0.30663605
 -0.30663605  1.36973131  2.04047012 -0.30663605 -0.30663605 -0.30663605
  3.72901169 -0.30663605 -0.30663605 -0.30663605 -0.30663605 -0.30663605
 -0.30663605 -0.30663605 -0.30663605 -0.30663605 -0.30663605 -0.30663605
 -0.30663605 -0.30663605 -0.30663605 -0.30663605 -0.30663605 -0.30663605
 -0.30663605 -0.30663605 -0.30663605 -0.30663605 -0.30663605 -0.30663605
 -0.30663605  1.50225174 -0.30663605 -0.30663605 -0.30663605 -0.30663605
 -0.30663605 -0.30663605 -0.30663605 -0.30663605 -0.30663605 -0.30663605
 -0.30663605  1.64041171 -0.30663605 -0.30663605 -0.30663605  2.11302459
 -0.30663605 -0.30663605 -0.30663605 -0.30663605 -0.30663605 -0.30663605
 -0.30663605 -0.30663605 -0.30663605 -0.30663605 -0.30663605 -0.30663605
 -0.30663605 -0.30663605 -0.30663605 -0.30663605 -0.30663605 -0.30663605
 -0.30663605 -0.30663605 -0.30663605 -0.30663605 -0.30663605 -0.30663605
 -0.30663605 -0.30663605 -0.30663605 -0.30663605 -0.30663605 -0.30663605
 -0.30663605 -0.30663605 -0.30663605 -0.30663605  4.19682013  4.17362207
 -0.30663605 -0.30663605  0.61014638 -0.30663605 -0.30663605  0.57954864
 -0.30663605 -0.30663605 -0.30663605 -0.30663605 -0.30663605 -0.30663605
 -0.30663605 -0.30663605 -0.30663605 -0.30663605 -0.30663605 -0.30663605
 -0.30663605 -0.30663605 -0.30663605 -0.30663605 -0.30663605 -0.30663605
 -0.30663605 -0.30663605  1.15943142 -0.30663605  2.28651373 -0.30663605
 -0.30663605 -0.30663605 -0.30663605 -0.30663605 -0.30663605 -0.30663605
 -0.30663605 -0.30663605 -0.30663605 -0.30663605 -0.30663605 -0.30663605
 -0.30663605 -0.30663605 -0.30663605 -0.30663605  2.18313991 -0.30663605
 -0.30663605 -0.30663605 -0.30663605 -0.30663605 -0.30663605 -0.30663605
 -0.30663605 -0.30663605 -0.30663605 -0.30663605 -0.30663605 -0.30663605
 -0.30663605 -0.30663605 -0.30663605 -0.30663605 -0.30663605 -0.30663605
 -0.30663605 -0.30663605 -0.30663605  0.87172185]",[0.0364876933233233]
1,"[-0.29880745 -0.29880745 -0.29880745 -0.29880745 -0.29880745 -0.29880745
  1.11066889 -0.29880745 -0.29880745 -0.29880745 -0.29880745 -0.29880745
 -0.29880745 -0.29880745 -0.29880745 -0.29880745  3.36611807 -0.29880745
 -0.29880745 -0.29880745  5.72615427 -0.29880745  4.5008516  -0.29880745
 -0.29880745  0.52133901 -0.29880745 -0.29880745 -0.29880745 -0.29880745
 -0.29880745 -0.29880745 -0.29880745 -0.29880745 -0.29880745 -0.29880745
 -0.29880745 -0.29880745 -0.29880745 -0.29880745 -0.29880745 -0.29880745
 -0.29880745 -0.29880745 -0.29880745 -0.29880745 -0.29880745 -0.29880745
 -0.29880745 -0.29880745 -0.29880745 -0.29880745  0.60137767 -0.29880745
 -0.29880745 -0.29880745 -0.29880745 -0.29880745 -0.29880745 -0.29880745
 -0.29880745 -0.29880745 -0.29880745 -0.29880745 -0.29880745 -0.29880745
 -0.29880745 -0.29880745 -0.29880745 -0.29880745 -0.29880745 -0.29880745
 -0.29880745 -0.29880745 -0.29880745 -0.29880745 -0.29880745 -0.29880745
 -0.29880745 -0.29880745 -0.29880745  2.46911541  2.22419052 -0.29880745
 -0.29880745 -0.29880745 -0.29880745 -0.29880745 -0.29880745 -0.29880745
 -0.29880745 -0.29880745  2.40302488 -0.29880745 -0.29880745 -0.29880745
 -0.29880745 -0.29880745 -0.29880745 -0.29880745 -0.29880745 -0.29880745
 -0.29880745 -0.29880745 -0.29880745 -0.29880745 -0.29880745 -0.29880745
 -0.29880745 -0.29880745 -0.29880745 -0.29880745 -0.29880745 -0.29880745
  3.15931947 -0.29880745 -0.29880745 -0.29880745  1.31289712  0.03195244
 -0.29880745 -0.29880745 -0.29880745  1.45492607 -0.29880745 -0.29880745
 -0.29880745 -0.29880745  3.42656186  2.48218415 -0.29880745  1.40404406
 -0.29880745 -0.29880745 -0.29880745 -0.29880745 -0.29880745 -0.29880745
 -0.29880745 -0.29880745 -0.29880745 -0.29880745 -0.29880745  2.72407766
 -0.29880745 -0.29880745 -0.29880745 -0.29880745 -0.29880745 -0.29880745
 -0.29880745 -0.29880745 -0.29880745 -0.29880745 -0.29880745 -0.29880745
 -0.29880745 -0.29880745 -0.29880745 -0.29880745 -0.29880745 -0.29880745
 -0.29880745  1.90032734 -0.29880745 -0.29880745 -0.29880745 -0.29880745
 -0.29880745 -0.29880745 -0.29880745 -0.29880745 -0.29880745 -0.29880745
 -0.29880745 -0.29880745 -0.29880745 -0.29880745 -0.29880745 -0.29880745
 -0.29880745 -0.29880745 -0.29880745 -0.29880745 -0.29880745 -0.29880745
 -0.29880745  2.23934908 -0.29880745 -0.29880745  3.61250101  4.7024812
  3.65071309 -0.29880745 -0.29880745 -0.29880745 -0.29880745 -0.29880745
 -0.29880745 -0.29880745 -0.29880745 -0.29880745 -0.29880745 -0.29880745
 -0.29880745 -0.29880745 -0.29880745 -0.29880745 -0.29880745 -0.29880745
 -0.29880745 -0.29880745  2.31825666 -0.29880745 -0.29880745 -0.29880745
 -0.29880745 -0.29880745 -0.29880745 -0.29880745 -0.29880745 -0.29880745
 -0.29880745 -0.29880745 -0.29880745 -0.29880745 -0.29880745 -0.29880745
 -0.29880745 -0.29880745  0.84045414 -0.29880745 -0.29880745 -0.29880745
 -0.29880745 -0.29880745 -0.29880745 -0.29880745  4.55128183 -0.29880745
 -0.29880745 -0.29880745 -0.29880745 -0.29880745 -0.29880745 -0.29880745
 -0.29880745 -0.29880745 -0.29880745 -0.29880745 -0.29880745 -0.29880745
 -0.29880745 -0.29880745  2.1760821   5.30950116 -0.29880745 -0.29880745
 -0.29880745 -0.29880745 -0.29880745 -0.29880745]",[-0.005680602443134786]
2,"[-0.29907906 -0.29907906 -0.29907906 -0.29907906 -0.29907906 -0.29907906
 -0.29907906 -0.29907906 -0.29907906 -0.29907906 -0.29907906 -0.29907906
 -0.29907906 -0.29907906 -0.29907906 -0.29907906 -0.29907906 -0.29907906
 -0.29907906 -0.29907906  5.79443092 -0.29907906  2.93197474 -0.29907906
 -0.29907906 -0.29907906 -0.29907906 -0.29907906  2.05619557 -0.29907906
 -0.29907906 -0.29907906 -0.29907906 -0.29907906 -0.29907906  0.33829613
 -0.29907906 -0.29907906 -0.29907906 -0.29907906 -0.29907906 -0.29907906
  3.57245897 -0.29907906 -0.29907906 -0.29907906 -0.29907906 -0.29907906
 -0.29907906 -0.29907906 -0.29907906 -0.29907906  0.12732597  5.01793053
 -0.29907906 -0.29907906 -0.29907906 -0.29907906 -0.29907906 -0.29907906
 -0.29907906 -0.29907906 -0.29907906 -0.29907906 -0.29907906 -0.29907906
 -0.29907906 -0.29907906  1.25115421 -0.29907906 -0.29907906 -0.29907906
 -0.29907906 -0.29907906 -0.29907906 -0.29907906 -0.29907906 -0.29907906
 -0.29907906 -0.29907906 -0.29907906 -0.29907906 -0.29907906 -0.29907906
 -0.29907906 -0.29907906 -0.29907906 -0.29907906  2.11967166 -0.29907906
 -0.29907906 -0.29907906 -0.29907906 -0.29907906 -0.29907906 -0.29907906
 -0.29907906 -0.29907906 -0.29907906 -0.29907906  1.62979053 -0.29907906
 -0.29907906 -0.29907906 -0.29907906 -0.29907906 -0.29907906 -0.29907906
 -0.29907906 -0.29907906 -0.29907906 -0.29907906 -0.29907906 -0.29907906
  2.70520366  3.11216122 -0.29907906  1.74343386 -0.29907906 -0.29907906
 -0.29907906 -0.29907906 -0.29907906  1.62979053 -0.29907906 -0.29907906
 -0.29907906  2.17720632  2.5087821  -0.29907906 -0.29907906 -0.29907906
 -0.29907906 -0.29907906 -0.29907906 -0.29907906 -0.29907906  0.49040026
 -0.29907906 -0.29907906 -0.29907906 -0.29907906 -0.29907906 -0.29907906
 -0.29907906 -0.29907906 -0.29907906 -0.29907906 -0.29907906 -0.29907906
 -0.29907906 -0.29907906 -0.29907906 -0.29907906 -0.29907906 -0.29907906
 -0.29907906 -0.29907906 -0.29907906 -0.29907906 -0.29907906 -0.29907906
 -0.29907906 -0.29907906 -0.29907906 -0.29907906 -0.29907906 -0.29907906
 -0.29907906 -0.29907906 -0.29907906 -0.29907906 -0.29907906 -0.29907906
 -0.29907906 -0.29907906 -0.29907906 -0.29907906 -0.29907906 -0.29907906
 -0.29907906 -0.29907906 -0.29907906 -0.29907906 -0.29907906  5.0290389
 -0.29907906  1.94670524 -0.29907906 -0.29907906  2.10337475  3.41705702
 -0.29907906 -0.29907906 -0.29907906 -0.29907906 -0.29907906 -0.29907906
 -0.29907906 -0.29907906 -0.29907906 -0.29907906 -0.29907906 -0.29907906
 -0.29907906 -0.29907906 -0.29907906 -0.29907906 -0.29907906 -0.29907906
  5.81029145 -0.29907906 -0.29907906 -0.29907906 -0.29907906 -0.29907906
 -0.29907906 -0.29907906  1.33887156 -0.29907906 -0.29907906 -0.29907906
 -0.29907906 -0.29907906 -0.29907906 -0.29907906 -0.29907906 -0.29907906
 -0.29907906 -0.29907906  2.61629577 -0.29907906 -0.29907906  2.54001584
 -0.29907906 -0.29907906 -0.29907906 -0.29907906  2.91895473 -0.29907906
 -0.29907906 -0.29907906 -0.29907906 -0.29907906 -0.29907906 -0.29907906
 -0.29907906  3.35676727 -0.29907906 -0.29907906 -0.29907906 -0.29907906
 -0.29907906 -0.29907906 -0.29907906 -0.29907906 -0.29907906 -0.29907906
 -0.29907906 -0.29907906 -0.29907906 -0.29907906]",[-0.09295292685980905]
2,"[-0.28334866 -0.28334866 -0.28334866 -0.28334866 -0.28334866 -0.28334866
  1.27545218 -0.28334866 -0.28334866 -0.28334866 -0.28334866 -0.28334866
 -0.28334866 -0.28334866 -0.28334866 -0.28334866  2.26912722 -0.28334866
 -0.28334866 -0.28334866  6.58351865 -0.28334866 -0.28334866 -0.28334866
 -0.28334866 -0.28334866 -0.28334866 -0.28334866 -0.28334866 -0.28334866
 -0.28334866 -0.28334866 -0.28334866 -0.28334866 -0.28334866 -0.28334866
 -0.28334866 -0.28334866  0.2947176  -0.28334866 -0.28334866 -0.28334866
  3.58068388 -0.28334866 -0.28334866  2.26912722 -0.28334866 -0.28334866
 -0.28334866 -0.28334866 -0.28334866 -0.28334866 -0.28334866  1.88542454
 -0.28334866 -0.28334866 -0.28334866 -0.28334866 -0.28334866 -0.28334866
 -0.28334866 -0.28334866 -0.28334866 -0.28334866 -0.28334866 -0.28334866
 -0.28334866 -0.28334866  1.74356459 -0.28334866 -0.28334866 -0.28334866
 -0.28334866 -0.28334866 -0.28334866 -0.28334866 -0.28334866 -0.28334866
 -0.28334866 -0.28334866 -0.28334866 -0.28334866 -0.28334866 -0.28334866
 -0.28334866 -0.28334866 -0.28334866 -0.28334866  2.38027386 -0.28334866
 -0.28334866 -0.28334866 -0.28334866 -0.28334866 -0.28334866 -0.28334866
 -0.28334866 -0.28334866 -0.28334866 -0.28334866  1.72953969 -0.28334866
 -0.28334866 -0.28334866 -0.28334866 -0.28334866 -0.28334866 -0.28334866
 -0.28334866 -0.28334866 -0.28334866 -0.28334866 -0.28334866 -0.28334866
  2.12233346  5.24820587 -0.28334866 -0.28334866 -0.28334866 -0.28334866
 -0.28334866 -0.28334866 -0.28334866 -0.28334866 -0.28334866  1.88542454
 -0.28334866 -0.28334866  2.80211108  2.58892758 -0.28334866  3.88069516
 -0.28334866 -0.28334866 -0.28334866 -0.28334866 -0.28334866  0.93208513
 -0.28334866 -0.28334866 -0.28334866 -0.28334866 -0.28334866 -0.28334866
 -0.28334866 -0.28334866 -0.28334866 -0.28334866 -0.28334866 -0.28334866
 -0.28334866 -0.28334866 -0.28334866 -0.28334866 -0.28334866 -0.28334866
 -0.28334866 -0.28334866 -0.28334866 -0.28334866 -0.28334866 -0.28334866
 -0.28334866 -0.28334866 -0.28334866 -0.28334866 -0.28334866 -0.28334866
 -0.28334866 -0.28334866 -0.28334866 -0.28334866 -0.28334866 -0.28334866
  2.19142751 -0.28334866 -0.28334866 -0.28334866 -0.28334866 -0.28334866
 -0.28334866 -0.28334866 -0.28334866 -0.28334866 -0.28334866 -0.28334866
 -0.28334866 -0.28334866 -0.28334866 -0.28334866 -0.28334866  4.54861769
 -0.28334866 -0.28334866 -0.28334866 -0.28334866 -0.28334866 -0.28334866
 -0.28334866 -0.28334866 -0.28334866 -0.28334866 -0.28334866 -0.28334866
 -0.28334866 -0.28334866 -0.28334866 -0.28334866 -0.28334866 -0.28334866
 -0.28334866 -0.28334866 -0.28334866 -0.28334866 -0.28334866 -0.28334866
 -0.28334866 -0.28334866  2.88509285 -0.28334866  2.60181002 -0.28334866
 -0.28334866 -0.28334866 -0.28334866 -0.28334866 -0.28334866 -0.28334866
 -0.28334866 -0.28334866  1.77751104 -0.28334866 -0.28334866 -0.28334866
 -0.28334866 -0.28334866 -0.28334866 -0.28334866  5.08027126 -0.28334866
 -0.28334866 -0.28334866 -0.28334866 -0.28334866 -0.28334866 -0.28334866
  4.8810392  -0.28334866 -0.28334866 -0.28334866 -0.28334866 -0.28334866
 -0.28334866 -0.28334866 -0.28334866 -0.28334866 -0.28334866 -0.28334866
 -0.28334866 -0.28334866 -0.28334866 -0.28334866]",[0.06904630272563106]
2,"[-0.33941652 -0.33941652 -0.33941652 -0.33941652 -0.33941652 -0.33941652
 -0.33941652 -0.33941652 -0.33941652 -0.33941652 -0.33941652 -0.33941652
 -0.33941652 -0.33941652 -0.33941652 -0.33941652  2.98158862 -0.33941652
 -0.33941652 -0.33941652  3.81557463 -0.33941652 -0.33941652 -0.33941652
 -0.33941652 -0.33941652 -0.33941652 -0.33941652 -0.33941652 -0.33941652
 -0.33941652 -0.33941652 -0.33941652 -0.33941652 -0.33941652 -0.33941652
 -0.33941652 -0.33941652 -0.33941652 -0.33941652 -0.33941652 -0.33941652
  1.47268095 -0.33941652 -0.33941652 -0.33941652 -0.33941652 -0.33941652
 -0.33941652 -0.33941652 -0.33941652 -0.33941652 -0.33941652  0.14410541
 -0.33941652 -0.33941652 -0.33941652 -0.33941652 -0.33941652 -0.33941652
 -0.33941652 -0.33941652 -0.33941652 -0.33941652 -0.33941652 -0.33941652
 -0.33941652 -0.33941652  1.49645501 -0.33941652 -0.33941652 -0.33941652
 -0.33941652 -0.33941652 -0.33941652 -0.33941652 -0.33941652 -0.33941652
 -0.33941652 -0.33941652 -0.33941652 -0.33941652 -0.33941652 -0.33941652
 -0.33941652 -0.33941652 -0.33941652 -0.33941652 -0.33941652 -0.33941652
 -0.33941652 -0.33941652 -0.33941652 -0.33941652 -0.33941652 -0.33941652
 -0.33941652 -0.33941652 -0.33941652 -0.33941652 -0.33941652 -0.33941652
 -0.33941652  2.86163767 -0.33941652  3.00074481 -0.33941652 -0.33941652
  2.30817637  2.14577846  3.59835611 -0.33941652 -0.33941652 -0.33941652
  3.71469821  3.35654478  4.00536095  1.52657417  1.65304388 -0.33941652
 -0.33941652 -0.33941652 -0.33941652  3.25658289 -0.33941652 -0.33941652
 -0.33941652  2.15364291  2.28129306 -0.33941652 -0.33941652  2.60696591
 -0.33941652 -0.33941652 -0.33941652 -0.33941652 -0.33941652 -0.33941652
 -0.33941652 -0.33941652 -0.33941652 -0.33941652 -0.33941652 -0.33941652
 -0.33941652 -0.33941652 -0.33941652 -0.33941652 -0.33941652 -0.33941652
 -0.33941652 -0.33941652 -0.33941652 -0.33941652 -0.33941652 -0.33941652
 -0.33941652 -0.33941652 -0.33941652 -0.33941652 -0.33941652 -0.33941652
 -0.33941652  2.34201456 -0.33941652 -0.33941652 -0.33941652 -0.33941652
 -0.33941652 -0.33941652 -0.33941652 -0.33941652 -0.33941652 -0.33941652
 -0.33941652 -0.33941652 -0.33941652 -0.33941652 -0.33941652 -0.33941652
 -0.33941652 -0.33941652 -0.33941652 -0.33941652 -0.33941652  2.07824941
 -0.33941652  1.68093795 -0.33941652 -0.33941652 -0.33941652  4.13185258
 -0.33941652 -0.33941652 -0.33941652 -0.33941652 -0.33941652 -0.33941652
 -0.33941652 -0.33941652 -0.33941652 -0.33941652 -0.33941652 -0.33941652
 -0.33941652 -0.33941652 -0.33941652 -0.33941652 -0.33941652 -0.33941652
 -0.33941652  2.04094095 -0.33941652 -0.33941652 -0.33941652 -0.33941652
 -0.33941652 -0.33941652  1.34490489 -0.33941652 -0.33941652 -0.33941652
 -0.33941652 -0.33941652 -0.33941652 -0.33941652 -0.33941652 -0.33941652
 -0.33941652 -0.33941652  3.30892729 -0.33941652 -0.33941652 -0.33941652
 -0.33941652 -0.33941652 -0.33941652 -0.33941652  3.87779507  4.19674852
 -0.33941652 -0.33941652 -0.33941652 -0.33941652 -0.33941652 -0.33941652
 -0.33941652 -0.33941652 -0.33941652 -0.33941652  2.32536665 -0.33941652
 -0.33941652 -0.33941652 -0.33941652  3.03708928 -0.33941652 -0.33941652
 -0.33941652 -0.33941652 -0.33941652 -0.33941652]",[0.05936418999900461]
2,"[-0.31068229 -0.31068229 -0.31068229 -0.31068229 -0.31068229 -0.31068229
  1.78028177 -0.31068229 -0.31068229 -0.31068229 -0.31068229 -0.31068229
 -0.31068229 -0.31068229 -0.31068229 -0.31068229  2.77122657 -0.31068229
 -0.31068229 -0.31068229  6.62391796 -0.31068229  4.51678873 -0.31068229
 -0.31068229 -0.31068229 -0.31068229 -0.31068229  3.65138903 -0.31068229
 -0.31068229 -0.31068229 -0.31068229 -0.31068229 -0.31068229 -0.31068229
 -0.31068229 -0.31068229 -0.31068229 -0.31068229 -0.31068229 -0.31068229
  1.86835329 -0.31068229 -0.31068229 -0.31068229 -0.31068229 -0.31068229
 -0.31068229 -0.31068229 -0.31068229 -0.31068229 -0.31068229  1.66516664
 -0.31068229 -0.31068229 -0.31068229 -0.31068229 -0.31068229 -0.31068229
 -0.31068229 -0.31068229 -0.31068229 -0.31068229 -0.31068229 -0.31068229
 -0.31068229 -0.31068229  1.2894086  -0.31068229 -0.31068229 -0.31068229
 -0.31068229 -0.31068229 -0.31068229 -0.31068229 -0.31068229 -0.31068229
 -0.31068229 -0.31068229 -0.31068229 -0.31068229 -0.31068229 -0.31068229
 -0.31068229 -0.31068229 -0.31068229 -0.31068229  3.28185056 -0.31068229
 -0.31068229 -0.31068229 -0.31068229  2.89022259 -0.31068229 -0.31068229
 -0.31068229 -0.31068229 -0.31068229 -0.31068229  2.15653112 -0.31068229
 -0.31068229 -0.31068229  2.36756844  2.39736043 -0.31068229 -0.31068229
 -0.31068229 -0.31068229  3.6682807  -0.31068229 -0.31068229 -0.31068229
  3.70763319 -0.31068229  2.99776984 -0.31068229 -0.31068229 -0.31068229
 -0.31068229 -0.31068229 -0.31068229 -0.31068229 -0.31068229 -0.31068229
 -0.31068229 -0.31068229  2.84340296  1.86835329 -0.31068229 -0.31068229
 -0.31068229 -0.31068229 -0.31068229 -0.31068229 -0.31068229  0.83837564
 -0.31068229 -0.31068229 -0.31068229 -0.31068229 -0.31068229  3.23099487
 -0.31068229 -0.31068229 -0.31068229 -0.31068229 -0.31068229 -0.31068229
 -0.31068229 -0.31068229 -0.31068229 -0.31068229 -0.31068229 -0.31068229
 -0.31068229 -0.31068229 -0.31068229 -0.31068229 -0.31068229 -0.31068229
 -0.31068229 -0.31068229 -0.31068229 -0.31068229 -0.31068229 -0.31068229
 -0.31068229 -0.31068229 -0.31068229 -0.31068229 -0.31068229 -0.31068229
  1.30192919 -0.31068229 -0.31068229 -0.31068229 -0.31068229 -0.31068229
 -0.31068229 -0.31068229 -0.31068229 -0.31068229 -0.31068229 -0.31068229
 -0.31068229 -0.31068229 -0.31068229 -0.31068229  1.22371378  2.80564473
 -0.31068229 -0.31068229 -0.31068229 -0.31068229 -0.31068229 -0.31068229
 -0.31068229 -0.31068229 -0.31068229 -0.31068229 -0.31068229 -0.31068229
 -0.31068229 -0.31068229 -0.31068229 -0.31068229 -0.31068229 -0.31068229
 -0.31068229 -0.31068229 -0.31068229 -0.31068229 -0.31068229 -0.31068229
 -0.31068229 -0.31068229 -0.31068229 -0.31068229 -0.31068229  3.01828858
 -0.31068229 -0.31068229 -0.31068229 -0.31068229 -0.31068229 -0.31068229
 -0.31068229 -0.31068229  2.8827987  -0.31068229 -0.31068229 -0.31068229
 -0.31068229 -0.31068229 -0.31068229 -0.31068229  4.41803058 -0.31068229
 -0.31068229 -0.31068229 -0.31068229 -0.31068229 -0.31068229 -0.31068229
 -0.31068229 -0.31068229 -0.31068229 -0.31068229 -0.31068229 -0.31068229
 -0.31068229 -0.31068229 -0.31068229 -0.31068229 -0.31068229 -0.31068229
 -0.31068229 -0.31068229 -0.31068229  0.94505752]",[0.03962405090661508]
2,"[-0.33931785 -0.33931785 -0.33931785 -0.33931785 -0.33931785 -0.33931785
  0.62514157 -0.33931785 -0.33931785 -0.33931785 -0.33931785 -0.33931785
 -0.33931785 -0.33931785 -0.33931785 -0.33931785  2.51639968 -0.33931785
 -0.33931785 -0.33931785  4.68806629 -0.33931785  2.43862566 -0.33931785
 -0.33931785 -0.33931785 -0.33931785 -0.33931785 -0.33931785 -0.33931785
 -0.33931785 -0.33931785 -0.33931785 -0.33931785 -0.33931785 -0.33931785
 -0.33931785  1.20267385  0.17573967 -0.33931785 -0.33931785 -0.33931785
 -0.33931785 -0.33931785 -0.33931785 -0.33931785 -0.33931785 -0.33931785
 -0.33931785 -0.33931785 -0.33931785 -0.33931785  0.36281342  0.93991483
 -0.33931785 -0.33931785 -0.33931785 -0.33931785 -0.33931785 -0.33931785
 -0.33931785 -0.33931785 -0.33931785 -0.33931785 -0.33931785 -0.33931785
 -0.33931785 -0.33931785  2.57009737 -0.33931785 -0.33931785 -0.33931785
 -0.33931785 -0.33931785 -0.33931785 -0.33931785 -0.33931785 -0.33931785
 -0.33931785 -0.33931785 -0.33931785 -0.33931785 -0.33931785 -0.33931785
 -0.33931785 -0.33931785 -0.33931785 -0.33931785  3.00062496 -0.33931785
 -0.33931785 -0.33931785 -0.33931785  2.07971132 -0.33931785 -0.33931785
 -0.33931785 -0.33931785 -0.33931785 -0.33931785 -0.33931785 -0.33931785
 -0.33931785  3.15304109 -0.33931785  3.78741918 -0.33931785  3.13388032
 -0.33931785 -0.33931785  3.16486739 -0.33931785 -0.33931785 -0.33931785
  3.6580774   4.33313201  4.20762494 -0.33931785  0.2345746  -0.33931785
 -0.33931785 -0.33931785 -0.33931785  0.95977936 -0.33931785 -0.33931785
 -0.33931785 -0.33931785  3.87961495  1.84288415 -0.33931785 -0.33931785
  2.12987525 -0.33931785 -0.33931785 -0.33931785 -0.33931785 -0.33931785
 -0.33931785 -0.33931785 -0.33931785 -0.33931785 -0.33931785  1.04181369
 -0.33931785 -0.33931785 -0.33931785 -0.33931785 -0.33931785 -0.33931785
 -0.33931785 -0.33931785 -0.33931785 -0.33931785 -0.33931785 -0.33931785
 -0.33931785 -0.33931785 -0.33931785 -0.33931785 -0.33931785 -0.33931785
 -0.33931785 -0.33931785 -0.33931785 -0.33931785 -0.33931785 -0.33931785
 -0.33931785 -0.33931785 -0.33931785 -0.33931785 -0.33931785 -0.33931785
 -0.33931785 -0.33931785 -0.33931785 -0.33931785 -0.33931785 -0.33931785
 -0.33931785 -0.33931785 -0.33931785 -0.33931785 -0.33931785  4.11080083
 -0.33931785  1.6763139  -0.33931785 -0.33931785  1.46139714  2.91990553
 -0.33931785 -0.33931785 -0.33931785 -0.33931785 -0.33931785 -0.33931785
 -0.33931785 -0.33931785 -0.33931785 -0.33931785 -0.33931785 -0.33931785
 -0.33931785 -0.33931785 -0.33931785 -0.33931785 -0.33931785 -0.33931785
 -0.33931785 -0.33931785 -0.33931785 -0.33931785 -0.33931785 -0.33931785
 -0.33931785 -0.33931785  1.39993022 -0.33931785  2.78334698 -0.33931785
 -0.33931785 -0.33931785 -0.33931785 -0.33931785 -0.33931785 -0.33931785
 -0.33931785 -0.33931785  2.40232928 -0.33931785 -0.33931785 -0.33931785
 -0.33931785 -0.33931785 -0.33931785 -0.33931785  3.42344037 -0.33931785
 -0.33931785 -0.33931785 -0.33931785 -0.33931785 -0.33931785 -0.33931785
 -0.33931785 -0.33931785 -0.33931785 -0.33931785 -0.33931785 -0.33931785
 -0.33931785 -0.33931785 -0.33931785 -0.33931785 -0.33931785  1.39993022
 -0.33931785 -0.33931785 -0.33931785 -0.33931785]",[0.056334346254618806]
2,"[-0.30424724 -0.30424724 -0.30424724 -0.30424724 -0.30424724 -0.30424724
 -0.30424724 -0.30424724 -0.30424724 -0.30424724 -0.30424724 -0.30424724
 -0.30424724 -0.30424724 -0.30424724 -0.30424724  2.88725054 -0.30424724
 -0.30424724 -0.30424724  4.28234356 -0.30424724  2.47021361 -0.30424724
  0.32898926 -0.30424724 -0.30424724 -0.30424724 -0.30424724 -0.30424724
 -0.30424724 -0.30424724 -0.30424724 -0.30424724 -0.30424724 -0.30424724
 -0.30424724 -0.30424724 -0.30424724 -0.30424724 -0.30424724 -0.30424724
  2.80372813 -0.30424724 -0.30424724 -0.30424724 -0.30424724 -0.30424724
 -0.30424724 -0.30424724 -0.30424724 -0.30424724 -0.30424724  1.06985913
 -0.30424724 -0.30424724 -0.30424724 -0.30424724 -0.30424724 -0.30424724
 -0.30424724 -0.30424724 -0.30424724 -0.30424724  0.82210994 -0.30424724
 -0.30424724 -0.30424724 -0.30424724 -0.30424724 -0.30424724 -0.30424724
 -0.30424724 -0.30424724 -0.30424724 -0.30424724 -0.30424724 -0.30424724
 -0.30424724 -0.30424724 -0.30424724 -0.30424724 -0.30424724 -0.30424724
 -0.30424724 -0.30424724 -0.30424724 -0.30424724  2.60016062 -0.30424724
 -0.30424724 -0.30424724 -0.30424724  3.11761217 -0.30424724 -0.30424724
 -0.30424724 -0.30424724 -0.30424724 -0.30424724 -0.30424724 -0.30424724
 -0.30424724 -0.30424724  3.55611689  3.22943498 -0.30424724 -0.30424724
 -0.30424724 -0.30424724  5.55936245  4.03563297 -0.30424724 -0.30424724
  2.70928225  3.27824605  4.80893432 -0.30424724  1.14035451 -0.30424724
 -0.30424724 -0.30424724 -0.30424724 -0.30424724 -0.30424724 -0.30424724
 -0.30424724 -0.30424724  2.34773422 -0.30424724 -0.30424724  1.74928787
 -0.30424724 -0.30424724 -0.30424724 -0.30424724 -0.30424724 -0.30424724
 -0.30424724 -0.30424724 -0.30424724 -0.30424724 -0.30424724 -0.30424724
 -0.30424724 -0.30424724 -0.30424724 -0.30424724 -0.30424724 -0.30424724
 -0.30424724 -0.30424724 -0.30424724 -0.30424724 -0.30424724 -0.30424724
 -0.30424724 -0.30424724 -0.30424724 -0.30424724 -0.30424724 -0.30424724
 -0.30424724  1.83260015 -0.30424724 -0.30424724 -0.30424724 -0.30424724
 -0.30424724 -0.30424724 -0.30424724 -0.30424724 -0.30424724 -0.30424724
 -0.30424724 -0.30424724 -0.30424724 -0.30424724 -0.30424724 -0.30424724
 -0.30424724 -0.30424724 -0.30424724 -0.30424724 -0.30424724 -0.30424724
 -0.30424724 -0.30424724 -0.30424724 -0.30424724 -0.30424724  2.42319807
 -0.30424724 -0.30424724 -0.30424724 -0.30424724 -0.30424724 -0.30424724
 -0.30424724 -0.30424724 -0.30424724 -0.30424724 -0.30424724 -0.30424724
 -0.30424724 -0.30424724 -0.30424724 -0.30424724 -0.30424724 -0.30424724
 -0.30424724 -0.30424724 -0.30424724 -0.30424724 -0.30424724 -0.30424724
 -0.30424724 -0.30424724 -0.30424724 -0.30424724  1.02174349 -0.30424724
 -0.30424724 -0.30424724 -0.30424724 -0.30424724 -0.30424724 -0.30424724
 -0.30424724 -0.30424724 -0.30424724 -0.30424724 -0.30424724 -0.30424724
 -0.30424724 -0.30424724 -0.30424724 -0.30424724  4.76131781 -0.30424724
  3.0628794  -0.30424724 -0.30424724 -0.30424724 -0.30424724  2.93665669
 -0.30424724 -0.30424724 -0.30424724 -0.30424724 -0.30424724 -0.30424724
 -0.30424724 -0.30424724 -0.30424724  2.9673006  -0.30424724 -0.30424724
 -0.30424724 -0.30424724 -0.30424724 -0.30424724]",[-0.12662509929336635]
2,"[-0.34319994 -0.34319994 -0.34319994 -0.34319994 -0.34319994 -0.34319994
  1.63215569 -0.34319994 -0.34319994 -0.34319994 -0.34319994 -0.34319994
 -0.34319994 -0.34319994 -0.34319994 -0.34319994  3.81242838 -0.34319994
 -0.34319994 -0.34319994  4.83403898 -0.34319994  2.96359137 -0.34319994
  0.81705587 -0.34319994 -0.34319994 -0.34319994 -0.34319994 -0.34319994
 -0.34319994 -0.34319994 -0.34319994 -0.34319994 -0.34319994 -0.34319994
 -0.34319994  1.27626897  0.38632927 -0.34319994 -0.34319994 -0.34319994
 -0.34319994 -0.34319994 -0.34319994 -0.34319994 -0.34319994 -0.34319994
 -0.34319994 -0.34319994 -0.34319994 -0.34319994  0.02550495 -0.34319994
 -0.34319994 -0.34319994 -0.34319994 -0.34319994 -0.34319994 -0.34319994
 -0.34319994 -0.34319994 -0.34319994 -0.34319994 -0.34319994 -0.34319994
 -0.34319994 -0.34319994 -0.34319994 -0.34319994 -0.34319994 -0.34319994
 -0.34319994 -0.34319994 -0.34319994 -0.34319994 -0.34319994 -0.34319994
 -0.34319994 -0.34319994 -0.34319994  2.1117152  -0.34319994 -0.34319994
 -0.34319994 -0.34319994 -0.34319994 -0.34319994  5.16317973 -0.34319994
 -0.34319994 -0.34319994 -0.34319994  1.24560177 -0.34319994 -0.34319994
 -0.34319994 -0.34319994 -0.34319994 -0.34319994 -0.34319994 -0.34319994
 -0.34319994  3.13973176 -0.34319994  3.09880414 -0.34319994  1.9242419
 -0.34319994 -0.34319994  2.32563529 -0.34319994 -0.34319994 -0.34319994
  3.73714175  2.93074583  2.73009925 -0.34319994 -0.34319994 -0.34319994
 -0.34319994 -0.34319994 -0.34319994 -0.34319994 -0.34319994 -0.34319994
 -0.34319994 -0.34319994  2.21869704  1.35463522 -0.34319994 -0.34319994
 -0.34319994 -0.34319994 -0.34319994 -0.34319994 -0.34319994 -0.34319994
 -0.34319994  0.37486485 -0.34319994 -0.34319994 -0.34319994 -0.34319994
 -0.34319994 -0.34319994 -0.34319994 -0.34319994 -0.34319994 -0.34319994
 -0.34319994 -0.34319994 -0.34319994 -0.34319994 -0.34319994 -0.34319994
 -0.34319994 -0.34319994 -0.34319994 -0.34319994 -0.34319994  0.93230942
 -0.34319994  1.42292485 -0.34319994  1.27626897 -0.34319994 -0.34319994
 -0.34319994 -0.34319994 -0.34319994 -0.34319994 -0.34319994 -0.34319994
  0.29312019 -0.34319994 -0.06419031 -0.34319994 -0.34319994 -0.34319994
 -0.34319994 -0.34319994 -0.34319994 -0.34319994 -0.34319994  2.54404667
 -0.34319994  1.48343647 -0.34319994 -0.34319994  1.07310699  4.02775906
  1.56297669 -0.34319994 -0.34319994 -0.34319994 -0.34319994 -0.34319994
 -0.34319994 -0.34319994 -0.34319994 -0.34319994 -0.34319994 -0.34319994
 -0.34319994 -0.34319994 -0.34319994 -0.34319994 -0.34319994 -0.34319994
  2.28918756 -0.34319994 -0.34319994 -0.34319994 -0.34319994 -0.34319994
 -0.34319994 -0.34319994  1.18432892 -0.34319994 -0.34319994 -0.34319994
 -0.34319994 -0.34319994 -0.34319994 -0.34319994 -0.34319994 -0.34319994
 -0.34319994 -0.34319994  3.98882841 -0.34319994 -0.34319994 -0.34319994
 -0.34319994 -0.34319994 -0.34319994 -0.34319994  4.73665512 -0.34319994
 -0.34319994 -0.34319994 -0.34319994 -0.34319994 -0.34319994 -0.34319994
 -0.34319994 -0.34319994 -0.34319994 -0.34319994 -0.34319994 -0.34319994
 -0.34319994 -0.34319994 -0.34319994  2.70996074 -0.34319994 -0.34319994
 -0.34319994 -0.34319994 -0.34319994 -0.34319994]",[0.1363612409442473]
2,"[-0.3224849  -0.3224849  -0.3224849  -0.3224849  -0.3224849  -0.3224849
  1.42023039 -0.3224849  -0.3224849  -0.3224849  -0.3224849  -0.3224849
 -0.3224849  -0.3224849  -0.3224849  -0.3224849   2.6943067  -0.3224849
 -0.3224849  -0.3224849   5.34371361 -0.3224849   3.32157633 -0.3224849
  0.91842353 -0.3224849  -0.3224849  -0.3224849  -0.3224849  -0.3224849
 -0.3224849  -0.3224849  -0.3224849  -0.3224849  -0.3224849  -0.3224849
 -0.3224849   1.76828335 -0.3224849  -0.3224849  -0.3224849  -0.3224849
 -0.3224849  -0.3224849  -0.3224849  -0.3224849  -0.3224849  -0.3224849
 -0.3224849  -0.3224849  -0.3224849  -0.3224849  -0.3224849   0.92434515
 -0.3224849  -0.3224849  -0.3224849  -0.3224849  -0.3224849  -0.3224849
 -0.3224849  -0.3224849  -0.3224849  -0.3224849  -0.3224849  -0.3224849
 -0.3224849  -0.3224849   1.56147776 -0.3224849  -0.3224849  -0.3224849
 -0.3224849  -0.3224849  -0.3224849  -0.3224849  -0.3224849  -0.3224849
 -0.3224849  -0.3224849  -0.3224849  -0.3224849  -0.3224849  -0.3224849
 -0.3224849  -0.3224849  -0.3224849  -0.3224849   3.17746545 -0.3224849
 -0.3224849  -0.3224849  -0.3224849   2.93897316 -0.3224849  -0.3224849
 -0.3224849  -0.3224849  -0.3224849  -0.3224849  -0.3224849  -0.3224849
 -0.3224849   2.28552253 -0.3224849  -0.3224849  -0.3224849  -0.3224849
 -0.3224849  -0.3224849   3.4861659  -0.3224849  -0.3224849  -0.3224849
  3.46007732 -0.3224849   4.64312936  1.45452194  1.46063665 -0.3224849
 -0.3224849  -0.3224849  -0.3224849   3.47288633 -0.3224849  -0.3224849
 -0.3224849  -0.3224849   3.54263094  3.2616259  -0.3224849  -0.3224849
 -0.3224849  -0.3224849  -0.3224849  -0.3224849  -0.3224849  -0.3224849
 -0.3224849   0.61798936 -0.3224849  -0.3224849  -0.3224849   2.468853
 -0.3224849  -0.3224849  -0.3224849  -0.3224849  -0.3224849  -0.3224849
 -0.3224849  -0.3224849  -0.3224849  -0.3224849  -0.3224849  -0.3224849
 -0.3224849  -0.3224849  -0.3224849  -0.3224849  -0.3224849   1.4830433
 -0.3224849  -0.3224849  -0.3224849  -0.3224849  -0.3224849  -0.3224849
 -0.3224849  -0.3224849  -0.3224849  -0.3224849  -0.3224849  -0.3224849
  0.74526764 -0.3224849  -0.3224849  -0.3224849  -0.3224849  -0.3224849
 -0.3224849  -0.3224849  -0.3224849  -0.3224849  -0.3224849  -0.3224849
 -0.3224849  -0.3224849  -0.3224849  -0.3224849   2.20071158  4.43524923
  3.04530494 -0.3224849  -0.3224849  -0.3224849  -0.3224849  -0.3224849
 -0.3224849  -0.3224849  -0.3224849  -0.3224849  -0.3224849  -0.3224849
 -0.3224849  -0.3224849  -0.3224849  -0.3224849  -0.3224849  -0.3224849
 -0.3224849  -0.3224849  -0.3224849  -0.3224849  -0.3224849  -0.3224849
 -0.3224849  -0.3224849  -0.3224849  -0.3224849  -0.3224849  -0.3224849
 -0.3224849  -0.3224849  -0.3224849  -0.3224849  -0.3224849  -0.3224849
 -0.3224849  -0.3224849   2.02385702 -0.3224849  -0.3224849  -0.3224849
 -0.3224849  -0.3224849  -0.3224849  -0.3224849   4.20048494 -0.3224849
 -0.3224849  -0.3224849  -0.3224849  -0.3224849  -0.3224849  -0.3224849
 -0.3224849  -0.3224849  -0.3224849  -0.3224849  -0.3224849  -0.3224849
 -0.3224849  -0.3224849  -0.3224849   2.78222793 -0.3224849  -0.3224849
 -0.3224849  -0.3224849  -0.3224849  -0.3224849 ]",[0.1017156248324669]
2,"[-0.19587549 -0.19587549 -0.19587549 -0.19587549 -0.19587549 -0.19587549
  2.88468155 -0.19587549 -0.19587549 -0.19587549 -0.19587549 -0.19587549
 -0.19587549 -0.19587549 -0.19587549 -0.19587549  4.55399975 -0.19587549
 -0.19587549 -0.19587549  9.00839077 -0.19587549  5.85708014 -0.19587549
 -0.19587549  1.25642274 -0.19587549 -0.19587549 -0.19587549 -0.19587549
 -0.19587549 -0.19587549 -0.19587549 -0.19587549 -0.19587549 -0.19587549
 -0.19587549 -0.19587549 -0.19587549 -0.19587549 -0.19587549 -0.19587549
 -0.19587549 -0.19587549 -0.19587549 -0.19587549 -0.19587549 -0.19587549
 -0.19587549 -0.19587549 -0.19587549 -0.19587549 -0.19587549  0.89221859
 -0.19587549 -0.19587549 -0.19587549 -0.19587549 -0.19587549 -0.19587549
 -0.19587549 -0.19587549 -0.19587549 -0.19587549 -0.19587549 -0.19587549
 -0.19587549 -0.19587549 -0.19587549 -0.19587549 -0.19587549 -0.19587549
 -0.19587549 -0.19587549 -0.19587549 -0.19587549 -0.19587549 -0.19587549
 -0.19587549 -0.19587549 -0.19587549 -0.19587549 -0.19587549 -0.19587549
 -0.19587549 -0.19587549 -0.19587549 -0.19587549  3.03102776 -0.19587549
 -0.19587549 -0.19587549 -0.19587549 -0.19587549 -0.19587549 -0.19587549
 -0.19587549 -0.19587549 -0.19587549 -0.19587549 -0.19587549 -0.19587549
 -0.19587549 -0.19587549 -0.19587549 -0.19587549 -0.19587549 -0.19587549
 -0.19587549 -0.19587549 -0.19587549 -0.19587549 -0.19587549 -0.19587549
  4.25348883 -0.19587549 -0.19587549 -0.19587549 -0.19587549 -0.19587549
 -0.19587549 -0.19587549 -0.19587549 -0.19587549 -0.19587549 -0.19587549
 -0.19587549 -0.19587549 -0.19587549 -0.19587549 -0.19587549 -0.19587549
 -0.19587549 -0.19587549 -0.19587549 -0.19587549 -0.19587549 -0.19587549
 -0.19587549 -0.19587549 -0.19587549 -0.19587549 -0.19587549 -0.19587549
 -0.19587549 -0.19587549 -0.19587549 -0.19587549 -0.19587549 -0.19587549
 -0.19587549 -0.19587549 -0.19587549 -0.19587549 -0.19587549 -0.19587549
 -0.19587549 -0.19587549 -0.19587549 -0.19587549 -0.19587549 -0.19587549
 -0.19587549 -0.19587549 -0.19587549 -0.19587549 -0.19587549 -0.19587549
 -0.19587549 -0.19587549 -0.19587549 -0.19587549 -0.19587549 -0.19587549
 -0.19587549 -0.19587549 -0.19587549 -0.19587549 -0.19587549 -0.19587549
 -0.19587549 -0.19587549 -0.19587549 -0.19587549 -0.19587549 -0.19587549
 -0.19587549 -0.19587549 -0.19587549 -0.19587549  2.88046696  5.39928322
 -0.19587549 -0.19587549 -0.19587549 -0.19587549 -0.19587549 -0.19587549
 -0.19587549 -0.19587549 -0.19587549 -0.19587549 -0.19587549 -0.19587549
 -0.19587549 -0.19587549 -0.19587549 -0.19587549 -0.19587549 -0.19587549
 -0.19587549 -0.19587549 -0.19587549 -0.19587549 -0.19587549 -0.19587549
 -0.19587549 -0.19587549 -0.19587549 -0.19587549 -0.19587549 -0.19587549
 -0.19587549 -0.19587549 -0.19587549 -0.19587549 -0.19587549 -0.19587549
 -0.19587549 -0.19587549 -0.19587549 -0.19587549 -0.19587549 -0.19587549
 -0.19587549 -0.19587549 -0.19587549 -0.19587549  5.07617154 -0.19587549
 -0.19587549 -0.19587549 -0.19587549 -0.19587549 -0.19587549 -0.19587549
 -0.19587549 -0.19587549 -0.19587549 -0.19587549 -0.19587549 -0.19587549
 -0.19587549 -0.19587549 -0.19587549  3.87564052 -0.19587549 -0.19587549
 -0.19587549 -0.19587549 -0.19587549 -0.19587549]",[-0.06566227689522613]
2,"[-0.24552152 -0.24552152 -0.24552152 -0.24552152 -0.24552152 -0.24552152
  2.33122816 -0.24552152 -0.24552152  1.15490115 -0.24552152 -0.24552152
 -0.24552152 -0.24552152 -0.24552152 -0.24552152  2.99243388 -0.24552152
 -0.24552152 -0.24552152  7.29283141 -0.24552152  5.91703108 -0.24552152
  3.97245384  1.15490115 -0.24552152 -0.24552152 -0.24552152 -0.24552152
 -0.24552152  1.7417032  -0.24552152 -0.24552152 -0.24552152 -0.24552152
 -0.24552152 -0.24552152 -0.24552152 -0.24552152 -0.24552152 -0.24552152
  3.655073   -0.24552152 -0.24552152 -0.24552152 -0.24552152 -0.24552152
 -0.24552152 -0.24552152 -0.24552152 -0.24552152  0.61579382  3.10895459
 -0.24552152 -0.24552152 -0.24552152 -0.24552152 -0.24552152 -0.24552152
 -0.24552152 -0.24552152 -0.24552152 -0.24552152 -0.24552152 -0.24552152
 -0.24552152 -0.24552152 -0.24552152 -0.24552152 -0.24552152 -0.24552152
 -0.24552152 -0.24552152 -0.24552152 -0.24552152 -0.24552152 -0.24552152
 -0.24552152 -0.24552152 -0.24552152 -0.24552152 -0.24552152 -0.24552152
 -0.24552152 -0.24552152 -0.24552152 -0.24552152  4.30691051 -0.24552152
 -0.24552152 -0.24552152 -0.24552152 -0.24552152 -0.24552152 -0.24552152
 -0.24552152 -0.24552152 -0.24552152 -0.24552152 -0.24552152 -0.24552152
 -0.24552152  5.29142382 -0.24552152 -0.24552152 -0.24552152 -0.24552152
 -0.24552152 -0.24552152 -0.24552152 -0.24552152 -0.24552152 -0.24552152
  3.48464475 -0.24552152 -0.24552152 -0.24552152 -0.24552152 -0.24552152
 -0.24552152 -0.24552152 -0.24552152  1.09235509 -0.24552152 -0.24552152
 -0.24552152 -0.24552152 -0.24552152 -0.24552152 -0.24552152 -0.24552152
 -0.24552152 -0.24552152 -0.24552152 -0.24552152 -0.24552152 -0.24552152
 -0.24552152 -0.24552152 -0.24552152 -0.24552152 -0.24552152 -0.24552152
 -0.24552152 -0.24552152 -0.24552152 -0.24552152 -0.24552152 -0.24552152
 -0.24552152 -0.24552152 -0.24552152 -0.24552152 -0.24552152 -0.24552152
 -0.24552152 -0.24552152 -0.24552152 -0.24552152 -0.24552152 -0.24552152
 -0.24552152 -0.24552152 -0.24552152 -0.24552152 -0.24552152 -0.24552152
 -0.24552152 -0.24552152 -0.24552152 -0.24552152 -0.24552152 -0.24552152
 -0.24552152 -0.24552152 -0.24552152 -0.24552152 -0.24552152 -0.24552152
 -0.24552152 -0.24552152 -0.24552152 -0.24552152 -0.24552152 -0.24552152
 -0.24552152 -0.24552152 -0.24552152 -0.24552152  1.70240493  2.8558413
 -0.24552152 -0.24552152 -0.24552152 -0.24552152 -0.24552152 -0.24552152
 -0.24552152 -0.24552152 -0.24552152 -0.24552152 -0.24552152 -0.24552152
 -0.24552152 -0.24552152 -0.24552152 -0.24552152 -0.24552152 -0.24552152
 -0.24552152 -0.24552152 -0.24552152 -0.24552152 -0.24552152 -0.24552152
 -0.24552152 -0.24552152 -0.24552152 -0.24552152  1.99452596 -0.24552152
 -0.24552152 -0.24552152 -0.24552152 -0.24552152 -0.24552152 -0.24552152
 -0.24552152 -0.24552152 -0.24552152 -0.24552152 -0.24552152 -0.24552152
 -0.24552152 -0.24552152 -0.24552152 -0.24552152  4.99631656 -0.24552152
 -0.24552152 -0.24552152 -0.24552152 -0.24552152 -0.24552152 -0.24552152
 -0.24552152 -0.24552152 -0.24552152 -0.24552152 -0.24552152 -0.24552152
 -0.24552152 -0.24552152 -0.24552152 -0.24552152 -0.24552152 -0.24552152
 -0.24552152 -0.24552152 -0.24552152 -0.24552152]",[-0.09751176605808415]
2,"[-0.39143207 -0.39143207 -0.39143207 -0.39143207 -0.39143207 -0.39143207
  1.07224017 -0.39143207 -0.39143207 -0.39143207 -0.39143207 -0.39143207
 -0.39143207 -0.39143207 -0.39143207 -0.39143207  2.36199086 -0.39143207
 -0.39143207 -0.39143207  6.12330738 -0.39143207 -0.39143207 -0.39143207
  2.40365668  0.50361822 -0.39143207 -0.39143207  3.6702542  -0.39143207
 -0.39143207 -0.39143207  1.40584976 -0.39143207 -0.39143207 -0.39143207
 -0.39143207  1.82356792 -0.39143207 -0.39143207 -0.39143207 -0.39143207
 -0.39143207 -0.39143207 -0.39143207  2.95648103 -0.39143207 -0.39143207
 -0.39143207 -0.39143207  1.55686739 -0.39143207 -0.39143207  3.50350371
 -0.39143207 -0.39143207 -0.39143207 -0.39143207  0.77091206 -0.39143207
 -0.39143207  2.09749162 -0.39143207 -0.39143207 -0.39143207 -0.39143207
 -0.39143207 -0.39143207 -0.39143207 -0.39143207 -0.39143207 -0.39143207
 -0.39143207 -0.39143207 -0.39143207 -0.39143207 -0.39143207 -0.39143207
 -0.39143207 -0.39143207 -0.39143207 -0.39143207  1.70466937 -0.39143207
 -0.39143207 -0.39143207 -0.39143207 -0.39143207 -0.39143207 -0.39143207
 -0.39143207 -0.39143207  2.32240495  2.79739111 -0.39143207 -0.39143207
 -0.39143207 -0.39143207 -0.39143207 -0.39143207 -0.39143207 -0.39143207
 -0.39143207  2.00854932 -0.39143207 -0.39143207 -0.39143207 -0.39143207
 -0.39143207 -0.39143207 -0.39143207 -0.39143207 -0.39143207 -0.39143207
  3.02180523 -0.39143207 -0.39143207 -0.39143207 -0.39143207 -0.15053565
 -0.39143207 -0.39143207 -0.39143207 -0.39143207 -0.39143207 -0.39143207
 -0.39143207 -0.39143207  3.35897106 -0.39143207 -0.39143207 -0.39143207
 -0.39143207 -0.39143207 -0.39143207 -0.39143207  0.75019225 -0.39143207
  1.59730593  2.47931859 -0.39143207 -0.39143207 -0.39143207 -0.39143207
 -0.39143207 -0.39143207 -0.39143207  2.55533975 -0.39143207 -0.39143207
 -0.39143207  1.70466937 -0.39143207 -0.39143207 -0.39143207 -0.39143207
 -0.39143207 -0.39143207 -0.39143207 -0.39143207 -0.39143207  1.8369251
 -0.39143207 -0.39143207 -0.39143207  1.30095258 -0.39143207 -0.39143207
 -0.39143207  1.76329393  0.55965743 -0.39143207 -0.39143207 -0.39143207
  2.71025072 -0.39143207 -0.39143207 -0.39143207 -0.39143207 -0.39143207
 -0.39143207 -0.39143207 -0.39143207 -0.39143207 -0.39143207 -0.39143207
 -0.39143207  3.08195613  2.5843822  -0.39143207  1.2881016   2.80712913
 -0.39143207  0.70225564 -0.39143207 -0.39143207 -0.39143207 -0.39143207
 -0.39143207 -0.39143207 -0.39143207 -0.39143207 -0.39143207  2.36199086
 -0.39143207 -0.39143207 -0.39143207 -0.39143207 -0.39143207 -0.39143207
 -0.39143207 -0.39143207  1.07224017 -0.39143207 -0.39143207 -0.39143207
 -0.39143207 -0.39143207 -0.39143207 -0.39143207 -0.39143207 -0.39143207
 -0.39143207 -0.39143207 -0.39143207 -0.39143207 -0.39143207 -0.39143207
 -0.39143207 -0.39143207  0.50361822 -0.39143207 -0.39143207  1.87532762
 -0.39143207 -0.39143207 -0.39143207 -0.39143207  2.79506651 -0.39143207
 -0.39143207 -0.39143207 -0.39143207 -0.39143207 -0.39143207 -0.39143207
 -0.39143207 -0.39143207 -0.39143207 -0.39143207 -0.39143207 -0.39143207
 -0.39143207 -0.39143207 -0.39143207 -0.39143207 -0.39143207 -0.39143207
  1.46694057 -0.39143207 -0.39143207  3.00514414]",[0.1457388515332026]
2,"[-0.40622069 -0.40622069 -0.40622069 -0.40622069 -0.40622069 -0.40622069
  1.58265027 -0.40622069 -0.40622069 -0.40622069 -0.40622069 -0.40622069
 -0.40622069 -0.40622069 -0.40622069 -0.40622069  2.89576739 -0.40622069
 -0.40622069 -0.40622069  5.49620883  4.49795939  4.04935693 -0.40622069
  1.16561025 -0.40622069 -0.40622069 -0.40622069  1.14123404 -0.40622069
 -0.40622069 -0.40622069 -0.40622069 -0.40622069 -0.40622069  0.77308026
 -0.40622069  1.5396059   0.56575497 -0.40622069 -0.40622069 -0.40622069
  3.40627    -0.40622069 -0.40622069 -0.40622069 -0.40622069  0.84040591
 -0.40622069 -0.40622069 -0.40622069 -0.40622069 -0.01935701  2.382855
  0.67984298 -0.40622069 -0.40622069 -0.40622069 -0.40622069 -0.40622069
 -0.40622069 -0.40622069  1.07983965 -0.40622069  1.29300741 -0.40622069
 -0.40622069 -0.40622069  1.45641069 -0.40622069 -0.40622069 -0.40622069
 -0.40622069  1.73064484 -0.40622069 -0.40622069 -0.40622069 -0.40622069
 -0.40622069 -0.40622069 -0.40622069 -0.40622069 -0.40622069 -0.40622069
 -0.40622069 -0.40622069 -0.40622069 -0.40622069 -0.40622069 -0.40622069
 -0.40622069 -0.40622069  1.72191029  1.93461755 -0.40622069 -0.40622069
 -0.40622069 -0.40622069 -0.40622069 -0.40622069  3.4895434  -0.40622069
 -0.40622069  3.23475112 -0.40622069 -0.40622069 -0.40622069 -0.40622069
 -0.40622069 -0.40622069 -0.40622069 -0.40622069 -0.40622069 -0.40622069
  3.39202612 -0.40622069 -0.40622069 -0.40622069  0.51506775  0.33028446
 -0.40622069 -0.40622069 -0.40622069  2.45026635 -0.40622069 -0.40622069
 -0.40622069 -0.40622069  1.35578433 -0.40622069 -0.40622069 -0.40622069
  2.22229206 -0.40622069 -0.40622069 -0.40622069  0.07598086  0.63285315
 -0.40622069  0.52306396 -0.40622069 -0.40622069 -0.40622069 -0.40622069
 -0.40622069  1.51037795 -0.40622069  1.03276212 -0.40622069 -0.40622069
 -0.40622069 -0.40622069 -0.40622069 -0.40622069 -0.40622069 -0.40622069
 -0.40622069 -0.40622069 -0.40622069 -0.40622069  0.59380742 -0.40622069
 -0.40622069 -0.40622069 -0.40622069 -0.40622069  0.93210777 -0.40622069
 -0.40622069 -0.40622069 -0.40622069 -0.40622069 -0.40622069 -0.40622069
  2.0723288  -0.40622069 -0.40622069 -0.40622069 -0.40622069 -0.40622069
 -0.40622069 -0.40622069 -0.40622069 -0.40622069 -0.40622069 -0.40622069
 -0.40622069  1.73064484 -0.40622069 -0.40622069  1.66642162  3.76768823
  1.73064484 -0.40622069  0.65658435 -0.40622069 -0.40622069 -0.40622069
 -0.40622069 -0.40622069 -0.40622069 -0.40622069 -0.40622069 -0.40622069
 -0.40622069 -0.40622069 -0.40622069 -0.40622069 -0.40622069 -0.40622069
 -0.40622069 -0.40622069 -0.40622069 -0.40622069 -0.40622069 -0.40622069
 -0.40622069 -0.40622069 -0.40622069 -0.40622069 -0.40622069 -0.40622069
 -0.40622069  1.46344894 -0.40622069 -0.40622069 -0.40622069 -0.40622069
 -0.40622069 -0.40622069  1.78823467 -0.40622069 -0.40622069 -0.40622069
 -0.40622069 -0.40622069 -0.40622069 -0.40622069  3.25209942 -0.40622069
 -0.40622069 -0.40622069 -0.40622069 -0.40622069 -0.40622069 -0.40622069
 -0.40622069 -0.40622069 -0.40622069 -0.40622069  2.39405523 -0.40622069
 -0.40622069 -0.40622069 -0.40622069  2.39405523 -0.40622069 -0.40622069
 -0.40622069 -0.40622069 -0.40622069  1.51037795]",[0.07490942289820213]
2,"[-0.24726561 -0.24726561 -0.24726561 -0.24726561 -0.24726561 -0.24726561
  2.50934207 -0.24726561 -0.24726561 -0.24726561 -0.24726561 -0.24726561
 -0.24726561 -0.24726561 -0.24726561 -0.24726561  4.12159472 -0.24726561
 -0.24726561 -0.24726561  8.42671226 -0.24726561 -0.24726561 -0.24726561
  1.08930698 -0.24726561 -0.24726561 -0.24726561 -0.24726561 -0.24726561
 -0.24726561 -0.24726561 -0.24726561 -0.24726561 -0.24726561 -0.24726561
 -0.24726561 -0.24726561 -0.24726561 -0.24726561 -0.24726561 -0.24726561
  1.97840936 -0.24726561 -0.24726561 -0.24726561 -0.24726561 -0.24726561
 -0.24726561 -0.24726561 -0.24726561 -0.24726561 -0.24726561  1.67762698
 -0.24726561 -0.24726561 -0.24726561 -0.24726561 -0.24726561 -0.24726561
 -0.24726561 -0.24726561 -0.24726561 -0.24726561 -0.24726561 -0.24726561
 -0.24726561 -0.24726561  0.83637802 -0.24726561 -0.24726561 -0.24726561
 -0.24726561  2.36814715 -0.24726561 -0.24726561 -0.24726561 -0.24726561
 -0.24726561 -0.24726561 -0.24726561 -0.24726561  2.73377674 -0.24726561
 -0.24726561 -0.24726561 -0.24726561 -0.24726561 -0.24726561 -0.24726561
 -0.24726561 -0.24726561 -0.24726561 -0.24726561 -0.24726561 -0.24726561
 -0.24726561 -0.24726561 -0.24726561 -0.24726561 -0.24726561 -0.24726561
 -0.24726561 -0.24726561 -0.24726561 -0.24726561 -0.24726561  3.60251957
 -0.24726561 -0.24726561  3.66626277 -0.24726561 -0.24726561 -0.24726561
  3.66626277 -0.24726561 -0.24726561 -0.24726561 -0.24726561 -0.24726561
 -0.24726561 -0.24726561 -0.24726561 -0.24726561 -0.24726561 -0.24726561
 -0.24726561 -0.24726561 -0.24726561 -0.24726561 -0.24726561 -0.24726561
 -0.24726561 -0.24726561 -0.24726561 -0.24726561 -0.24726561 -0.24726561
 -0.24726561 -0.24726561 -0.24726561 -0.24726561 -0.24726561 -0.24726561
 -0.24726561 -0.24726561 -0.24726561 -0.24726561 -0.24726561 -0.24726561
 -0.24726561 -0.24726561 -0.24726561 -0.24726561 -0.24726561 -0.24726561
 -0.24726561 -0.24726561 -0.24726561 -0.24726561 -0.24726561 -0.24726561
 -0.24726561 -0.24726561 -0.24726561 -0.24726561 -0.24726561 -0.24726561
 -0.24726561 -0.24726561 -0.24726561 -0.24726561 -0.24726561 -0.24726561
 -0.24726561 -0.24726561 -0.24726561 -0.24726561 -0.24726561 -0.24726561
 -0.24726561 -0.24726561 -0.24726561 -0.24726561 -0.24726561 -0.24726561
 -0.24726561 -0.24726561 -0.24726561 -0.24726561 -0.24726561  4.83606915
 -0.24726561 -0.24726561 -0.24726561 -0.24726561 -0.24726561 -0.24726561
 -0.24726561 -0.24726561 -0.24726561 -0.24726561 -0.24726561 -0.24726561
 -0.24726561 -0.24726561 -0.24726561 -0.24726561 -0.24726561 -0.24726561
  2.73377674 -0.24726561 -0.24726561 -0.24726561 -0.24726561 -0.24726561
 -0.24726561 -0.24726561  2.50934207 -0.24726561 -0.24726561 -0.24726561
 -0.24726561 -0.24726561 -0.24726561 -0.24726561 -0.24726561 -0.24726561
 -0.24726561 -0.24726561  1.19105597 -0.24726561 -0.24726561 -0.24726561
 -0.24726561 -0.24726561 -0.24726561 -0.24726561  5.5905981  -0.24726561
 -0.24726561 -0.24726561 -0.24726561 -0.24726561 -0.24726561 -0.24726561
 -0.24726561 -0.24726561 -0.24726561 -0.24726561 -0.24726561 -0.24726561
 -0.24726561 -0.24726561 -0.24726561  3.3737933  -0.24726561  3.17456895
 -0.24726561 -0.24726561 -0.24726561 -0.24726561]",[0.02126849078260476]
2,"[-0.31625652 -0.31625652 -0.31625652 -0.31625652 -0.31625652 -0.31625652
  2.18577902 -0.31625652 -0.31625652  1.29933598 -0.31625652 -0.31625652
 -0.31625652 -0.31625652 -0.31625652 -0.31625652  2.72295494 -0.31625652
 -0.31625652 -0.31625652  6.57321006 -0.31625652  4.89346131 -0.31625652
  3.22750639  0.89094931 -0.31625652 -0.31625652  5.47856954 -0.31625652
 -0.31625652 -0.31625652 -0.31625652 -0.31625652 -0.31625652 -0.31625652
 -0.31625652 -0.31625652 -0.31625652 -0.31625652 -0.31625652 -0.31625652
 -0.31625652 -0.31625652 -0.31625652 -0.31625652 -0.31625652 -0.31625652
 -0.31625652 -0.31625652 -0.31625652 -0.31625652 -0.31625652  0.83232502
 -0.31625652 -0.31625652 -0.31625652 -0.31625652 -0.31625652 -0.31625652
 -0.31625652 -0.31625652 -0.31625652 -0.31625652 -0.31625652 -0.31625652
 -0.31625652 -0.31625652 -0.31625652 -0.31625652 -0.31625652 -0.31625652
 -0.31625652 -0.31625652 -0.31625652 -0.31625652 -0.31625652 -0.31625652
 -0.31625652 -0.31625652 -0.31625652 -0.31625652 -0.31625652 -0.31625652
 -0.31625652 -0.31625652 -0.31625652 -0.31625652 -0.31625652 -0.31625652
 -0.31625652 -0.31625652 -0.31625652 -0.31625652 -0.31625652 -0.31625652
 -0.31625652 -0.31625652 -0.31625652 -0.31625652 -0.31625652 -0.31625652
 -0.31625652  3.98352013 -0.31625652 -0.31625652 -0.31625652 -0.31625652
 -0.31625652 -0.31625652  2.45346285 -0.31625652 -0.31625652 -0.31625652
  2.07703259 -0.31625652  2.2484991  -0.31625652  2.12234132 -0.31625652
 -0.31625652 -0.31625652 -0.31625652  2.21786863 -0.31625652 -0.31625652
 -0.31625652 -0.31625652  3.06415787 -0.31625652 -0.31625652  3.49449288
 -0.31625652 -0.31625652 -0.31625652 -0.31625652 -0.31625652  0.66033247
 -0.31625652  1.98170154 -0.31625652 -0.31625652 -0.31625652 -0.31625652
 -0.31625652 -0.31625652 -0.31625652  3.47632568 -0.31625652 -0.31625652
  1.92076194  1.99740749 -0.31625652 -0.31625652 -0.31625652 -0.31625652
 -0.31625652 -0.31625652 -0.31625652 -0.31625652  2.15424029 -0.31625652
 -0.31625652  2.79320126 -0.31625652 -0.31625652 -0.31625652 -0.31625652
 -0.31625652 -0.31625652 -0.31625652 -0.31625652 -0.31625652 -0.31625652
 -0.31625652 -0.31625652 -0.31625652 -0.31625652 -0.31625652 -0.31625652
 -0.31625652 -0.31625652 -0.31625652 -0.31625652 -0.31625652 -0.31625652
 -0.31625652  1.29933598 -0.31625652 -0.31625652 -0.31625652  2.26891746
 -0.31625652 -0.31625652 -0.31625652 -0.31625652 -0.31625652 -0.31625652
 -0.31625652  1.55178734 -0.31625652 -0.31625652 -0.31625652 -0.31625652
 -0.31625652 -0.31625652 -0.31625652 -0.31625652 -0.31625652 -0.31625652
 -0.31625652 -0.31625652 -0.31625652 -0.31625652 -0.31625652 -0.31625652
 -0.31625652 -0.31625652 -0.31625652 -0.31625652 -0.31625652 -0.31625652
 -0.31625652 -0.31625652 -0.31625652 -0.31625652 -0.31625652 -0.31625652
 -0.31625652 -0.31625652  2.33282832 -0.31625652 -0.31625652 -0.31625652
 -0.31625652 -0.31625652 -0.31625652 -0.31625652  1.48546291 -0.31625652
 -0.31625652 -0.31625652 -0.31625652 -0.31625652 -0.31625652 -0.31625652
 -0.31625652 -0.31625652 -0.31625652 -0.31625652 -0.31625652 -0.31625652
 -0.31625652 -0.31625652 -0.31625652 -0.31625652 -0.31625652 -0.31625652
 -0.31625652 -0.31625652 -0.31625652 -0.31625652]",[-0.01607090434253]
2,"[-0.3183612  -0.3183612  -0.3183612  -0.3183612  -0.3183612  -0.3183612
 -0.3183612  -0.3183612  -0.3183612  -0.3183612  -0.3183612  -0.3183612
 -0.3183612  -0.3183612  -0.3183612  -0.3183612   1.55863474 -0.3183612
 -0.3183612  -0.3183612   6.15179987 -0.3183612   4.76033735 -0.3183612
  1.9492498  -0.3183612  -0.3183612  -0.3183612   4.71378256 -0.3183612
 -0.3183612  -0.3183612  -0.3183612  -0.3183612  -0.3183612  -0.3183612
 -0.3183612   3.37956734  0.81579067 -0.3183612  -0.3183612  -0.3183612
  3.93790751 -0.3183612  -0.3183612   2.91974793 -0.3183612  -0.3183612
 -0.3183612  -0.3183612  -0.3183612  -0.3183612  -0.3183612   3.2417406
 -0.3183612  -0.3183612  -0.3183612  -0.3183612   0.51388984 -0.3183612
 -0.3183612  -0.3183612  -0.3183612  -0.3183612  -0.3183612  -0.3183612
 -0.3183612  -0.3183612  -0.3183612  -0.3183612  -0.3183612  -0.3183612
 -0.3183612  -0.3183612  -0.3183612  -0.3183612  -0.3183612  -0.3183612
 -0.3183612  -0.3183612  -0.3183612  -0.3183612  -0.3183612  -0.3183612
 -0.3183612  -0.3183612  -0.3183612  -0.3183612   2.88659394 -0.3183612
 -0.3183612  -0.3183612  -0.3183612  -0.3183612  -0.3183612  -0.3183612
 -0.3183612  -0.3183612  -0.3183612  -0.3183612  -0.3183612  -0.3183612
 -0.3183612   2.14470412 -0.3183612  -0.3183612  -0.3183612  -0.3183612
 -0.3183612  -0.3183612   2.4626546  -0.3183612  -0.3183612  -0.3183612
  2.13836783 -0.3183612  -0.3183612  -0.3183612  -0.3183612  -0.3183612
 -0.3183612  -0.3183612  -0.3183612  -0.3183612  -0.3183612  -0.3183612
 -0.3183612  -0.3183612  -0.3183612   1.45207443 -0.3183612  -0.3183612
 -0.3183612  -0.3183612  -0.3183612   2.71787718 -0.3183612  -0.3183612
 -0.3183612   2.98943567 -0.3183612  -0.3183612  -0.3183612  -0.3183612
 -0.3183612  -0.3183612  -0.3183612  -0.3183612  -0.3183612  -0.3183612
  3.12007701  2.36497795 -0.3183612  -0.3183612  -0.3183612  -0.3183612
 -0.3183612  -0.3183612  -0.3183612  -0.3183612  -0.3183612  -0.3183612
 -0.3183612  -0.3183612  -0.3183612  -0.3183612  -0.3183612  -0.3183612
 -0.3183612  -0.3183612   0.86646647 -0.3183612  -0.3183612  -0.3183612
  2.05733008  3.81122635  0.69065954 -0.3183612  -0.3183612  -0.3183612
 -0.3183612  -0.3183612  -0.3183612  -0.3183612   2.34578226 -0.3183612
 -0.3183612  -0.3183612  -0.3183612  -0.3183612  -0.3183612   1.82860721
 -0.3183612  -0.3183612  -0.3183612  -0.3183612  -0.3183612  -0.3183612
 -0.3183612  -0.3183612  -0.3183612  -0.3183612  -0.3183612  -0.3183612
 -0.3183612  -0.3183612  -0.3183612  -0.3183612  -0.3183612  -0.3183612
 -0.3183612  -0.3183612  -0.3183612  -0.3183612  -0.3183612  -0.3183612
 -0.3183612  -0.3183612   1.72861175 -0.3183612  -0.3183612  -0.3183612
 -0.3183612  -0.3183612  -0.3183612  -0.3183612  -0.3183612  -0.3183612
 -0.3183612  -0.3183612  -0.3183612  -0.3183612  -0.3183612  -0.3183612
 -0.3183612  -0.3183612  -0.3183612  -0.3183612   3.47028697 -0.3183612
 -0.3183612  -0.3183612  -0.3183612  -0.3183612  -0.3183612  -0.3183612
 -0.3183612  -0.3183612  -0.3183612  -0.3183612  -0.3183612  -0.3183612
 -0.3183612  -0.3183612  -0.3183612  -0.3183612  -0.3183612  -0.3183612
 -0.3183612  -0.3183612  -0.3183612   1.15997893]",[0.013741810247280273]
2,"[-0.21753092 -0.21753092 -0.21753092 -0.21753092 -0.21753092 -0.21753092
 -0.21753092 -0.21753092 -0.21753092 -0.21753092 -0.21753092 -0.21753092
 -0.21753092 -0.21753092 -0.21753092 -0.21753092  2.66743031 -0.21753092
 -0.21753092 -0.21753092  8.10408668  5.53430399  5.81711263 -0.21753092
  4.35426607 -0.21753092 -0.21753092 -0.21753092 -0.21753092 -0.21753092
 -0.21753092 -0.21753092 -0.21753092 -0.21753092 -0.21753092 -0.21753092
 -0.21753092 -0.21753092 -0.21753092 -0.21753092 -0.21753092 -0.21753092
  3.75976481 -0.21753092 -0.21753092 -0.21753092 -0.21753092 -0.21753092
 -0.21753092 -0.21753092 -0.21753092 -0.21753092 -0.21753092  1.74461489
 -0.21753092 -0.21753092 -0.21753092 -0.21753092 -0.21753092 -0.21753092
  0.82806361 -0.21753092 -0.21753092 -0.21753092 -0.21753092 -0.21753092
 -0.21753092 -0.21753092 -0.21753092 -0.21753092 -0.21753092 -0.21753092
 -0.21753092 -0.21753092 -0.21753092 -0.21753092 -0.21753092 -0.21753092
 -0.21753092 -0.21753092 -0.21753092 -0.21753092 -0.21753092 -0.21753092
 -0.21753092 -0.21753092 -0.21753092 -0.21753092  5.68846946 -0.21753092
 -0.21753092 -0.21753092 -0.21753092  2.45266823 -0.21753092 -0.21753092
 -0.21753092 -0.21753092 -0.21753092 -0.21753092 -0.21753092 -0.21753092
 -0.21753092 -0.21753092 -0.21753092 -0.21753092 -0.21753092 -0.21753092
 -0.21753092 -0.21753092 -0.21753092 -0.21753092 -0.21753092 -0.21753092
  2.72134986 -0.21753092 -0.21753092 -0.21753092 -0.21753092 -0.21753092
 -0.21753092 -0.21753092 -0.21753092 -0.21753092 -0.21753092 -0.21753092
 -0.21753092 -0.21753092 -0.21753092 -0.21753092 -0.21753092 -0.21753092
 -0.21753092 -0.21753092 -0.21753092 -0.21753092 -0.21753092 -0.21753092
 -0.21753092 -0.21753092 -0.21753092 -0.21753092 -0.21753092 -0.21753092
 -0.21753092 -0.21753092 -0.21753092 -0.21753092 -0.21753092 -0.21753092
 -0.21753092 -0.21753092 -0.21753092 -0.21753092 -0.21753092 -0.21753092
 -0.21753092 -0.21753092 -0.21753092 -0.21753092 -0.21753092 -0.21753092
 -0.21753092 -0.21753092 -0.21753092 -0.21753092 -0.21753092 -0.21753092
 -0.21753092 -0.21753092 -0.21753092 -0.21753092 -0.21753092 -0.21753092
 -0.21753092 -0.21753092 -0.21753092 -0.21753092 -0.21753092 -0.21753092
 -0.21753092 -0.21753092 -0.21753092 -0.21753092 -0.21753092  2.37708047
 -0.21753092  2.01637516 -0.21753092 -0.21753092 -0.21753092  1.30116155
 -0.21753092 -0.21753092 -0.21753092 -0.21753092 -0.21753092 -0.21753092
 -0.21753092 -0.21753092 -0.21753092 -0.21753092 -0.21753092 -0.21753092
 -0.21753092 -0.21753092 -0.21753092 -0.21753092 -0.21753092 -0.21753092
 -0.21753092 -0.21753092 -0.21753092 -0.21753092 -0.21753092 -0.21753092
 -0.21753092 -0.21753092 -0.21753092 -0.21753092 -0.21753092 -0.21753092
 -0.21753092 -0.21753092 -0.21753092 -0.21753092 -0.21753092 -0.21753092
 -0.21753092 -0.21753092 -0.21753092 -0.21753092 -0.21753092 -0.21753092
 -0.21753092 -0.21753092 -0.21753092 -0.21753092  4.36338868 -0.21753092
 -0.21753092 -0.21753092 -0.21753092 -0.21753092 -0.21753092 -0.21753092
 -0.21753092 -0.21753092 -0.21753092 -0.21753092 -0.21753092 -0.21753092
 -0.21753092 -0.21753092 -0.21753092 -0.21753092 -0.21753092 -0.21753092
 -0.21753092 -0.21753092 -0.21753092 -0.21753092]",[-0.0758314876550718]
2,"[-0.49619311 -0.49619311 -0.49619311 -0.49619311 -0.49619311 -0.49619311
  0.35526937 -0.49619311 -0.49619311 -0.49619311 -0.49619311 -0.49619311
 -0.49619311 -0.49619311 -0.49619311 -0.49619311  1.16429691 -0.49619311
 -0.49619311 -0.49619311  4.08375048  1.52079675 -0.49619311 -0.49619311
  0.18338317  1.6419993  -0.49619311 -0.49619311 -0.49619311 -0.49619311
 -0.49619311 -0.49619311 -0.49619311 -0.49619311  2.26760785  1.98248799
 -0.49619311  1.52891205  3.10044946 -0.49619311 -0.49619311 -0.49619311
 -0.49619311 -0.49619311 -0.49619311 -0.49619311 -0.49619311  1.43034013
 -0.49619311 -0.49619311 -0.49619311 -0.49619311 -0.49619311  1.78416585
 -0.49619311 -0.49619311 -0.49619311 -0.49619311  0.83363563 -0.49619311
 -0.49619311  3.15078807 -0.49619311  3.70331488 -0.49619311 -0.49619311
 -0.49619311 -0.49619311  1.3419468  -0.49619311  2.74965474 -0.49619311
 -0.49619311 -0.49619311 -0.49619311 -0.49619311 -0.49619311 -0.49619311
 -0.49619311 -0.49619311 -0.49619311 -0.49619311 -0.49619311 -0.49619311
 -0.49619311 -0.49619311 -0.49619311 -0.49619311 -0.49619311 -0.49619311
 -0.49619311 -0.49619311  1.97446299  1.63496456  2.80853533 -0.49619311
 -0.49619311 -0.49619311  1.03928308 -0.49619311 -0.49619311 -0.49619311
 -0.49619311 -0.49619311  2.22646801 -0.49619311 -0.49619311 -0.49619311
 -0.49619311 -0.49619311 -0.49619311 -0.49619311 -0.49619311 -0.49619311
  1.71659993  2.9563378  -0.49619311 -0.49619311  1.19747462  1.36722872
 -0.49619311 -0.49619311 -0.49619311 -0.49619311 -0.49619311 -0.49619311
 -0.49619311 -0.49619311 -0.49619311 -0.49619311 -0.49619311 -0.49619311
 -0.49619311  1.87513152 -0.49619311 -0.49619311  1.47305371  1.31738144
 -0.49619311  1.55782731 -0.49619311  0.96063517 -0.49619311  0.67925131
 -0.49619311 -0.49619311 -0.49619311  1.30543878 -0.49619311  1.3419468
 -0.49619311 -0.49619311 -0.49619311 -0.49619311 -0.49619311 -0.49619311
 -0.49619311  2.63557031 -0.49619311 -0.49619311  2.00977348  0.91543096
  2.18395231 -0.49619311 -0.49619311 -0.49619311 -0.49619311 -0.49619311
 -0.49619311  2.0179295   1.52689699 -0.49619311 -0.49619311 -0.49619311
  2.01629455 -0.49619311  1.37129408  2.0913655   1.58902133  1.52079675
  1.3419468   2.20571528 -0.49619311 -0.49619311 -0.49619311 -0.49619311
 -0.49619311 -0.49619311  3.28604504 -0.49619311 -0.49619311  1.51317268
 -0.49619311 -0.49619311 -0.49619311 -0.49619311  0.96063517 -0.49619311
 -0.49619311 -0.49619311 -0.49619311 -0.49619311 -0.49619311 -0.49619311
 -0.49619311 -0.49619311 -0.49619311 -0.49619311 -0.49619311 -0.49619311
 -0.49619311 -0.49619311 -0.49619311 -0.49619311 -0.49619311 -0.49619311
 -0.49619311 -0.49619311 -0.49619311  1.03928308  1.3419468  -0.49619311
 -0.49619311  1.5783492  -0.49619311 -0.49619311 -0.49619311 -0.49619311
 -0.49619311 -0.49619311  2.16497064 -0.49619311 -0.49619311 -0.49619311
 -0.49619311  1.46874492 -0.49619311 -0.49619311  1.72289779 -0.49619311
 -0.49619311 -0.49619311 -0.49619311 -0.49619311 -0.49619311 -0.49619311
 -0.49619311 -0.49619311 -0.49619311 -0.49619311 -0.49619311 -0.49619311
 -0.49619311 -0.49619311 -0.49619311 -0.49619311 -0.49619311 -0.49619311
 -0.49619311 -0.49619311  0.41458015  2.05196011]",[-0.11314433637946902]
2,"[-0.33353056 -0.33353056 -0.33353056 -0.33353056 -0.33353056 -0.33353056
 -0.33353056 -0.33353056 -0.33353056 -0.33353056 -0.33353056 -0.33353056
 -0.33353056 -0.33353056 -0.33353056 -0.33353056 -0.33353056 -0.33353056
 -0.33353056 -0.33353056  5.35470014  5.31437847  5.68817569 -0.33353056
  2.1919853  -0.33353056 -0.33353056 -0.33353056  2.45019428 -0.33353056
 -0.33353056  1.34113465 -0.33353056 -0.33353056 -0.33353056 -0.33353056
 -0.33353056 -0.33353056  2.18115097 -0.33353056 -0.33353056 -0.33353056
  2.89604939 -0.33353056 -0.33353056 -0.33353056 -0.33353056  0.87043641
 -0.33353056 -0.33353056 -0.33353056 -0.33353056 -0.33353056  2.36745018
 -0.33353056 -0.33353056 -0.33353056 -0.33353056 -0.33353056 -0.33353056
 -0.33353056  1.6145837  -0.33353056 -0.33353056 -0.33353056 -0.33353056
 -0.33353056 -0.33353056 -0.33353056 -0.33353056 -0.33353056 -0.33353056
 -0.33353056 -0.33353056 -0.33353056 -0.33353056 -0.33353056 -0.33353056
 -0.33353056 -0.33353056 -0.33353056 -0.33353056 -0.33353056 -0.33353056
 -0.33353056 -0.33353056 -0.33353056 -0.33353056 -0.33353056 -0.33353056
 -0.33353056 -0.33353056 -0.33353056  0.75383551 -0.33353056 -0.33353056
 -0.33353056 -0.33353056 -0.33353056 -0.33353056  1.46603593 -0.33353056
 -0.33353056  2.50118133 -0.33353056  2.22629377 -0.33353056 -0.33353056
 -0.33353056 -0.33353056 -0.33353056 -0.33353056 -0.33353056 -0.33353056
  2.59159896 -0.33353056 -0.33353056 -0.33353056  1.16310698 -0.10025704
 -0.33353056 -0.33353056 -0.33353056 -0.33353056 -0.33353056 -0.33353056
 -0.33353056 -0.33353056  2.04578776 -0.33353056 -0.33353056 -0.33353056
 -0.33353056 -0.33353056 -0.33353056  2.12778651 -0.0600815   0.45961025
 -0.33353056  2.8218051  -0.33353056 -0.33353056 -0.33353056 -0.33353056
 -0.33353056 -0.33353056 -0.33353056  0.49227509 -0.33353056 -0.33353056
  2.79128005 -0.33353056 -0.33353056 -0.33353056 -0.33353056 -0.33353056
 -0.33353056 -0.33353056 -0.33353056 -0.33353056 -0.33353056 -0.33353056
  1.59227602  2.37455342 -0.33353056 -0.33353056  2.56296948 -0.33353056
 -0.33353056  0.40695676 -0.33353056 -0.33353056 -0.33353056 -0.33353056
  1.46603593 -0.33353056 -0.33353056 -0.33353056  0.40695676 -0.33353056
 -0.33353056 -0.33353056 -0.33353056 -0.33353056 -0.33353056 -0.33353056
 -0.33353056 -0.33353056  1.78462778 -0.33353056 -0.33353056  1.56544464
 -0.33353056 -0.33353056 -0.33353056 -0.33353056 -0.33353056 -0.33353056
 -0.33353056 -0.33353056 -0.33353056 -0.33353056 -0.33353056 -0.33353056
 -0.33353056 -0.33353056 -0.33353056 -0.33353056 -0.33353056 -0.33353056
 -0.33353056 -0.33353056 -0.33353056 -0.33353056 -0.33353056 -0.33353056
 -0.33353056 -0.33353056 -0.33353056 -0.33353056 -0.33353056 -0.33353056
 -0.33353056 -0.33353056 -0.33353056 -0.33353056 -0.33353056 -0.33353056
 -0.33353056 -0.33353056  0.98670859 -0.33353056 -0.33353056 -0.33353056
 -0.33353056 -0.33353056 -0.33353056 -0.33353056  2.85320792 -0.33353056
 -0.33353056 -0.33353056 -0.33353056 -0.33353056 -0.33353056 -0.33353056
 -0.33353056 -0.33353056 -0.33353056 -0.33353056 -0.33353056 -0.33353056
 -0.33353056 -0.33353056 -0.33353056 -0.33353056 -0.33353056 -0.33353056
 -0.33353056 -0.33353056 -0.33353056  5.82767105]",[-0.13100314244820555]
2,"[-0.41173121 -0.41173121 -0.41173121 -0.41173121 -0.41173121 -0.41173121
  1.34920373 -0.41173121 -0.41173121 -0.41173121 -0.41173121 -0.41173121
 -0.41173121 -0.41173121 -0.41173121  1.95463195 -0.41173121 -0.41173121
 -0.41173121 -0.41173121  6.12252427  2.5504331   5.0049233  -0.41173121
  0.33766047  1.12743007  2.67732931 -0.41173121  3.17612321 -0.41173121
 -0.41173121 -0.41173121 -0.41173121 -0.41173121 -0.41173121 -0.41173121
 -0.41173121 -0.41173121  3.14683548 -0.41173121 -0.41173121 -0.41173121
  2.15028412 -0.41173121 -0.41173121 -0.41173121 -0.41173121 -0.41173121
 -0.41173121 -0.41173121 -0.41173121 -0.41173121  0.09693392  1.07278253
 -0.41173121 -0.41173121 -0.41173121 -0.41173121 -0.41173121 -0.41173121
  0.1141934   2.64672356 -0.41173121 -0.41173121 -0.41173121 -0.41173121
 -0.41173121 -0.41173121 -0.41173121 -0.41173121 -0.41173121 -0.41173121
 -0.41173121 -0.41173121 -0.41173121 -0.41173121 -0.41173121 -0.41173121
 -0.41173121 -0.41173121 -0.41173121 -0.41173121 -0.41173121  2.2839653
 -0.41173121 -0.41173121 -0.41173121 -0.41173121  3.81221985 -0.41173121
 -0.41173121 -0.41173121  0.75246541 -0.41173121  2.44258663 -0.41173121
 -0.41173121 -0.41173121 -0.41173121 -0.41173121 -0.41173121 -0.41173121
 -0.41173121 -0.41173121 -0.41173121 -0.41173121 -0.41173121 -0.41173121
 -0.41173121 -0.41173121 -0.41173121 -0.41173121 -0.41173121 -0.41173121
  1.70693662  2.99912181 -0.41173121 -0.41173121  0.65155978  0.29636746
 -0.41173121 -0.41173121 -0.41173121 -0.41173121 -0.41173121  1.53765087
 -0.41173121 -0.41173121 -0.41173121 -0.41173121 -0.41173121 -0.41173121
 -0.41173121 -0.41173121 -0.41173121  2.92488039  0.70463087  0.65807007
 -0.41173121 -0.41173121 -0.41173121 -0.41173121 -0.41173121  0.64537781
 -0.41173121 -0.41173121 -0.41173121  0.70841891 -0.41173121 -0.41173121
 -0.41173121 -0.41173121  0.91942459 -0.41173121 -0.41173121 -0.41173121
 -0.41173121 -0.41173121 -0.41173121 -0.41173121  1.14870222  1.84712831
  2.12209862  2.94712435 -0.41173121 -0.41173121 -0.41173121 -0.41173121
 -0.41173121  0.28372147 -0.41173121 -0.41173121 -0.41173121 -0.41173121
  1.70902085 -0.41173121  0.45826434  1.64980294  0.49992703 -0.41173121
  1.12743007  2.25058039 -0.41173121 -0.41173121 -0.41173121 -0.41173121
 -0.41173121 -0.41173121  2.75648594 -0.41173121 -0.41173121  1.62857148
 -0.41173121 -0.41173121 -0.41173121 -0.41173121 -0.41173121  0.66851179
 -0.41173121 -0.41173121 -0.41173121 -0.41173121 -0.41173121  1.95463195
 -0.41173121 -0.41173121 -0.41173121 -0.41173121 -0.41173121 -0.41173121
 -0.41173121 -0.41173121 -0.41173121 -0.41173121 -0.41173121 -0.41173121
 -0.41173121 -0.41173121 -0.41173121 -0.41173121 -0.41173121 -0.41173121
 -0.41173121 -0.41173121 -0.41173121 -0.41173121 -0.41173121 -0.41173121
 -0.41173121 -0.41173121  0.8282142  -0.41173121 -0.41173121 -0.41173121
 -0.41173121  1.27839002 -0.41173121  1.64980294  1.74306105 -0.41173121
 -0.41173121 -0.41173121 -0.41173121 -0.41173121 -0.41173121 -0.41173121
 -0.41173121 -0.41173121 -0.41173121 -0.41173121 -0.41173121 -0.41173121
 -0.41173121 -0.41173121 -0.41173121 -0.41173121 -0.41173121 -0.41173121
 -0.41173121 -0.41173121 -0.41173121  2.16385778]",[-0.13480412232066002]
2,"[-0.45976754 -0.45976754 -0.45976754 -0.45976754 -0.45976754 -0.45976754
  1.25784315 -0.45976754 -0.45976754 -0.45976754 -0.45976754 -0.45976754
 -0.45976754 -0.45976754 -0.45976754 -0.45976754  2.2271677  -0.45976754
 -0.45976754 -0.45976754  4.99465356  2.08821585  3.39722312  1.8653393
 -0.45976754 -0.45976754 -0.45976754 -0.45976754  1.04332081 -0.45976754
 -0.45976754 -0.45976754 -0.45976754 -0.45976754 -0.45976754 -0.45976754
 -0.45976754 -0.45976754  2.82671232 -0.45976754 -0.45976754 -0.45976754
 -0.45976754 -0.45976754 -0.45976754 -0.45976754 -0.45976754 -0.45976754
 -0.45976754 -0.45976754 -0.45976754 -0.45976754 -0.45976754  3.25446063
  0.93899698 -0.45976754 -0.45976754 -0.45976754 -0.45976754 -0.45976754
  0.09964601  3.06822287 -0.45976754  2.07868462 -0.45976754 -0.45976754
 -0.45976754 -0.45976754 -0.45976754 -0.45976754 -0.45976754 -0.45976754
 -0.45976754 -0.45976754 -0.45976754 -0.45976754 -0.45976754 -0.45976754
 -0.45976754 -0.45976754 -0.45976754 -0.45976754  1.37363228  1.50501125
 -0.45976754 -0.45976754 -0.45976754 -0.45976754 -0.45976754 -0.45976754
 -0.45976754 -0.45976754 -0.45976754  1.22614234  2.54640915 -0.45976754
 -0.45976754 -0.45976754  1.37363228 -0.45976754 -0.45976754 -0.45976754
 -0.45976754 -0.45976754 -0.45976754 -0.45976754 -0.45976754 -0.45976754
 -0.45976754 -0.45976754  2.2271677  -0.45976754 -0.45976754 -0.45976754
  2.12019667  2.65185122 -0.45976754 -0.45976754  0.86669892  0.36866555
 -0.45976754 -0.45976754 -0.45976754  0.93899698 -0.45976754 -0.45976754
 -0.45976754 -0.45976754 -0.45976754 -0.45976754 -0.45976754 -0.45976754
 -0.45976754  1.709783   -0.45976754 -0.45976754  0.76622973  0.68342244
  1.37363228  0.61710832 -0.45976754 -0.45976754 -0.45976754 -0.45976754
 -0.45976754 -0.45976754 -0.45976754  0.50702834 -0.45976754 -0.45976754
 -0.45976754 -0.45976754 -0.45976754 -0.45976754  0.65539902 -0.45976754
 -0.45976754  2.70939782 -0.45976754 -0.45976754  1.49333925  1.72479031
 -0.45976754  1.41222242  1.81872901 -0.45976754 -0.45976754 -0.45976754
 -0.45976754 -0.45976754  0.15872467 -0.45976754 -0.45976754 -0.45976754
  1.61154419 -0.45976754  0.51531387  1.81872901  1.11605539  1.9834476
  1.30942473  1.90792625 -0.45976754 -0.45976754 -0.45976754 -0.45976754
 -0.45976754 -0.45976754  2.8502186  -0.45976754  2.84228991  3.53997047
 -0.45976754 -0.45976754 -0.45976754 -0.45976754 -0.45976754 -0.45976754
 -0.45976754 -0.45976754 -0.45976754 -0.45976754 -0.45976754 -0.45976754
 -0.45976754 -0.45976754 -0.45976754 -0.45976754 -0.45976754 -0.45976754
 -0.45976754 -0.45976754  0.85475873 -0.45976754 -0.45976754  1.37363228
 -0.45976754 -0.45976754  0.54584617 -0.45976754 -0.45976754 -0.45976754
 -0.45976754  1.21528069 -0.45976754 -0.45976754 -0.45976754 -0.45976754
 -0.45976754 -0.45976754  0.26416674 -0.45976754 -0.45976754 -0.45976754
 -0.45976754  4.26401983 -0.45976754 -0.45976754  1.50501125 -0.45976754
 -0.45976754 -0.45976754 -0.45976754 -0.45976754 -0.45976754 -0.45976754
 -0.45976754 -0.45976754 -0.45976754 -0.45976754 -0.45976754 -0.45976754
  2.18245821 -0.45976754 -0.45976754 -0.45976754 -0.45976754 -0.45976754
 -0.45976754 -0.45976754 -0.45976754  1.04332081]",[-0.04426216424186202]
2,"[-0.35124221  2.0143307  -0.35124221 -0.35124221 -0.35124221 -0.35124221
  2.32949605 -0.35124221 -0.35124221 -0.35124221 -0.35124221 -0.35124221
 -0.35124221 -0.35124221 -0.35124221 -0.35124221  2.43309572 -0.35124221
 -0.35124221 -0.35124221  5.68602567 -0.35124221 -0.35124221 -0.35124221
 -0.35124221 -0.35124221 -0.35124221 -0.35124221 -0.35124221 -0.35124221
 -0.35124221  1.22104868 -0.35124221 -0.35124221  0.64309417  1.06435934
 -0.35124221  5.51994997  1.46307995 -0.35124221 -0.35124221 -0.35124221
 -0.35124221 -0.35124221 -0.35124221 -0.35124221 -0.35124221 -0.35124221
 -0.35124221 -0.35124221 -0.35124221 -0.35124221 -0.35124221  0.95365278
 -0.35124221 -0.35124221 -0.35124221 -0.35124221 -0.35124221 -0.35124221
 -0.35124221  1.58914361 -0.35124221 -0.35124221 -0.35124221 -0.35124221
 -0.35124221 -0.35124221 -0.35124221 -0.35124221 -0.35124221 -0.35124221
 -0.35124221 -0.35124221 -0.35124221 -0.35124221 -0.35124221 -0.35124221
 -0.35124221 -0.35124221 -0.35124221 -0.35124221  1.55444795 -0.35124221
  1.3383146  -0.35124221 -0.35124221 -0.35124221  3.77044918 -0.35124221
 -0.35124221 -0.35124221 -0.35124221 -0.35124221 -0.35124221 -0.35124221
 -0.35124221 -0.35124221 -0.35124221 -0.35124221 -0.35124221 -0.35124221
 -0.35124221 -0.35124221 -0.35124221  1.63743054 -0.35124221 -0.35124221
 -0.35124221 -0.35124221 -0.35124221 -0.35124221 -0.35124221 -0.35124221
  3.37910803  2.46868161 -0.35124221 -0.35124221 -0.35124221 -0.35124221
 -0.35124221 -0.35124221 -0.35124221 -0.35124221 -0.35124221 -0.35124221
 -0.35124221 -0.35124221 -0.35124221  4.36578104  3.33789044 -0.35124221
 -0.35124221 -0.35124221 -0.35124221 -0.35124221 -0.35124221 -0.35124221
 -0.35124221 -0.35124221 -0.35124221 -0.35124221 -0.35124221 -0.35124221
 -0.35124221 -0.35124221 -0.35124221 -0.35124221 -0.35124221 -0.35124221
 -0.35124221 -0.35124221 -0.35124221 -0.35124221 -0.35124221 -0.35124221
 -0.35124221 -0.35124221 -0.35124221 -0.35124221  1.03919865  1.45683748
 -0.35124221  1.3383146  -0.35124221 -0.35124221 -0.35124221 -0.35124221
 -0.35124221 -0.35124221 -0.35124221 -0.35124221 -0.35124221 -0.35124221
  3.60341208 -0.35124221 -0.35124221  1.3383146   0.19306869 -0.35124221
 -0.35124221 -0.35124221 -0.35124221 -0.35124221 -0.35124221 -0.35124221
 -0.35124221  1.70960349  1.45683748 -0.35124221 -0.35124221  3.24792529
  2.86864163 -0.35124221 -0.35124221 -0.35124221  1.18740506  1.43507196
 -0.35124221 -0.35124221 -0.35124221 -0.35124221 -0.35124221  3.13093508
 -0.35124221 -0.35124221 -0.35124221 -0.35124221 -0.35124221 -0.35124221
 -0.35124221 -0.35124221 -0.35124221 -0.35124221 -0.35124221 -0.35124221
 -0.35124221 -0.35124221  0.7791248  -0.35124221 -0.35124221 -0.35124221
 -0.35124221  0.74811396 -0.35124221 -0.35124221 -0.35124221 -0.35124221
 -0.35124221 -0.35124221 -0.35124221 -0.35124221 -0.35124221 -0.35124221
 -0.35124221 -0.35124221 -0.35124221 -0.35124221  4.06020165 -0.35124221
 -0.35124221 -0.35124221 -0.35124221 -0.35124221 -0.35124221 -0.35124221
 -0.35124221 -0.35124221 -0.35124221 -0.35124221 -0.35124221 -0.35124221
 -0.35124221 -0.35124221 -0.35124221  1.83072324 -0.35124221 -0.35124221
 -0.35124221 -0.35124221 -0.35124221  0.83638686]",[-0.022455673546662225]
2,"[-0.27419761 -0.27419761 -0.27419761 -0.27419761 -0.27419761 -0.27419761
  1.91412487 -0.27419761 -0.27419761 -0.27419761 -0.27419761 -0.27419761
 -0.27419761 -0.27419761 -0.27419761 -0.27419761  3.19400548 -0.27419761
 -0.27419761 -0.27419761  6.61341413 -0.27419761  4.55042691 -0.27419761
 -0.27419761  1.42254744 -0.27419761 -0.27419761  2.85641193 -0.27419761
 -0.27419761 -0.27419761 -0.27419761 -0.27419761 -0.27419761  0.38605623
 -0.27419761 -0.27419761  1.52685386 -0.27419761 -0.27419761 -0.27419761
  3.9059442  -0.27419761 -0.27419761 -0.27419761 -0.27419761 -0.27419761
 -0.27419761 -0.27419761 -0.27419761 -0.27419761 -0.27419761  2.10764774
 -0.27419761 -0.27419761 -0.27419761 -0.27419761 -0.27419761 -0.27419761
 -0.27419761 -0.27419761 -0.27419761 -0.27419761 -0.27419761 -0.27419761
 -0.27419761 -0.27419761  0.93928554 -0.27419761 -0.27419761 -0.27419761
 -0.27419761 -0.27419761 -0.27419761 -0.27419761 -0.27419761 -0.27419761
 -0.27419761 -0.27419761 -0.27419761 -0.27419761 -0.27419761 -0.27419761
 -0.27419761 -0.27419761 -0.27419761 -0.27419761  2.94384391 -0.27419761
 -0.27419761 -0.27419761 -0.27419761 -0.27419761 -0.27419761 -0.27419761
 -0.27419761 -0.27419761 -0.27419761 -0.27419761  3.75259083 -0.27419761
 -0.27419761 -0.27419761 -0.27419761  3.10535527 -0.27419761 -0.27419761
 -0.27419761 -0.27419761 -0.27419761 -0.27419761 -0.27419761 -0.27419761
  3.72442031 -0.27419761 -0.27419761 -0.27419761 -0.27419761 -0.27419761
 -0.27419761 -0.27419761 -0.27419761 -0.27419761 -0.27419761 -0.27419761
 -0.27419761 -0.27419761 -0.27419761 -0.27419761 -0.27419761 -0.27419761
 -0.27419761 -0.27419761 -0.27419761 -0.27419761 -0.27419761 -0.27419761
 -0.27419761 -0.27419761 -0.27419761 -0.27419761 -0.27419761 -0.27419761
 -0.27419761 -0.27419761 -0.27419761 -0.27419761 -0.27419761 -0.27419761
 -0.27419761 -0.27419761 -0.27419761 -0.27419761 -0.27419761 -0.27419761
 -0.27419761 -0.27419761 -0.27419761 -0.27419761 -0.27419761 -0.27419761
 -0.27419761 -0.27419761 -0.27419761 -0.27419761 -0.27419761 -0.27419761
 -0.27419761 -0.27419761 -0.27419761 -0.27419761 -0.27419761 -0.27419761
 -0.27419761 -0.27419761 -0.27419761 -0.27419761 -0.27419761 -0.27419761
 -0.27419761 -0.27419761 -0.27419761 -0.27419761 -0.27419761 -0.27419761
 -0.27419761 -0.27419761 -0.27419761 -0.27419761  5.11592889  4.98880811
 -0.27419761 -0.27419761 -0.27419761 -0.27419761 -0.27419761 -0.27419761
 -0.27419761 -0.27419761 -0.27419761 -0.27419761 -0.27419761 -0.27419761
 -0.27419761 -0.27419761 -0.27419761 -0.27419761 -0.27419761 -0.27419761
 -0.27419761 -0.27419761 -0.27419761 -0.27419761 -0.27419761 -0.27419761
 -0.27419761 -0.27419761 -0.27419761 -0.27419761 -0.27419761 -0.27419761
 -0.27419761 -0.27419761 -0.27419761 -0.27419761 -0.27419761 -0.27419761
 -0.27419761 -0.27419761  1.8789085  -0.27419761 -0.27419761 -0.27419761
 -0.27419761  2.44221268 -0.27419761 -0.27419761  3.90413638 -0.27419761
 -0.27419761 -0.27419761 -0.27419761 -0.27419761  2.09229147 -0.27419761
 -0.27419761 -0.27419761 -0.27419761 -0.27419761 -0.27419761 -0.27419761
 -0.27419761 -0.27419761  2.44221268 -0.27419761 -0.27419761 -0.27419761
 -0.27419761 -0.27419761 -0.27419761 -0.27419761]",[-0.32198218807309636]
2,"[-0.53723329  2.99687952  2.17498235 -0.53723329 -0.53723329 -0.53723329
 -0.53723329 -0.53723329 -0.53723329 -0.53723329 -0.53723329 -0.53723329
 -0.53723329 -0.53723329 -0.53723329 -0.53723329  1.27779462 -0.53723329
 -0.53723329 -0.53723329  3.63964803  1.32587528  2.15717669 -0.53723329
  0.78510876 -0.53723329 -0.53723329 -0.53723329 -0.53723329 -0.53723329
  0.30405476 -0.53723329  0.12750867 -0.53723329  1.64277269  2.36836011
 -0.53723329 -0.53723329  2.22360339 -0.53723329 -0.53723329 -0.53723329
  2.31832967 -0.53723329 -0.53723329  2.05441535 -0.53723329  1.71947896
  1.27779462 -0.53723329 -0.53723329 -0.53723329 -0.08347631 -0.53723329
 -0.53723329 -0.53723329 -0.53723329 -0.53723329  0.8411604  -0.53723329
  0.14454314  2.69579632 -0.53723329  2.89264845 -0.53723329  1.44355961
 -0.53723329 -0.53723329 -0.53723329 -0.53723329  1.94861062 -0.53723329
  1.60988842 -0.53723329 -0.53723329 -0.53723329 -0.53723329 -0.53723329
 -0.53723329 -0.53723329 -0.53723329 -0.53723329 -0.53723329 -0.53723329
 -0.53723329 -0.53723329 -0.53723329 -0.53723329  3.0256348  -0.53723329
 -0.53723329 -0.53723329  0.50359492 -0.53723329  1.76106611 -0.53723329
 -0.53723329 -0.53723329  1.47635679 -0.53723329  2.3667035  -0.53723329
 -0.53723329 -0.53723329  1.30253419 -0.53723329 -0.53723329 -0.53723329
 -0.53723329 -0.53723329 -0.53723329 -0.53723329 -0.53723329 -0.53723329
  1.26920746  2.21640254 -0.53723329 -0.53723329  0.90161634  0.81354273
 -0.53723329  1.97770909 -0.53723329 -0.53723329 -0.53723329 -0.53723329
 -0.53723329 -0.53723329  1.23766333 -0.53723329 -0.53723329 -0.53723329
 -0.53723329 -0.53723329 -0.53723329 -0.53723329  1.12462353  0.71593997
 -0.53723329  0.90870428 -0.53723329 -0.53723329 -0.53723329  0.24926895
 -0.53723329 -0.53723329 -0.53723329  0.81868227 -0.53723329  1.08671843
 -0.53723329 -0.53723329 -0.53723329 -0.53723329 -0.53723329 -0.53723329
 -0.53723329  2.14172884 -0.53723329 -0.53723329  1.23413617 -0.53723329
 -0.53723329  0.30405476 -0.53723329 -0.53723329 -0.53723329 -0.53723329
 -0.53723329 -0.53723329  0.70351386 -0.53723329 -0.53723329 -0.53723329
  0.97264653 -0.53723329  1.366108    1.53504076  1.37903691 -0.53723329
 -0.53723329 -0.53723329 -0.53723329 -0.53723329 -0.53723329 -0.53723329
 -0.53723329 -0.53723329  2.29293064 -0.53723329  1.99483184  1.99877573
 -0.53723329 -0.53723329  1.27779462 -0.53723329  3.28570173  3.09231861
 -0.53723329  2.86518062 -0.53723329 -0.53723329 -0.53723329 -0.53723329
 -0.53723329  1.16067025 -0.53723329 -0.53723329 -0.53723329  1.2233703
  1.27779462 -0.53723329 -0.53723329 -0.53723329 -0.53723329  2.3264604
 -0.53723329 -0.53723329 -0.53723329 -0.53723329 -0.53723329 -0.53723329
 -0.53723329  1.37401829 -0.53723329 -0.53723329 -0.53723329  1.83873683
 -0.53723329 -0.53723329  0.51143249 -0.53723329 -0.53723329 -0.53723329
 -0.53723329  0.99657373 -0.53723329 -0.53723329  1.33038929 -0.53723329
 -0.53723329 -0.53723329 -0.53723329 -0.53723329 -0.53723329 -0.53723329
 -0.53723329 -0.53723329 -0.53723329 -0.53723329 -0.53723329 -0.53723329
 -0.53723329 -0.53723329 -0.53723329 -0.53723329 -0.53723329 -0.53723329
 -0.53723329 -0.53723329  0.56248844  1.53504076]",[-0.036941187408888077]
2,"[-0.6967286   2.71393949  2.17889088 -0.6967286  -0.6967286  -0.6967286
  0.20407693 -0.6967286  -0.6967286   0.12495302 -0.6967286  -0.6967286
 -0.6967286  -0.6967286  -0.6967286  -0.6967286   0.65058163 -0.6967286
 -0.6967286  -0.6967286   3.04497815  1.57068991  2.21498678 -0.6967286
  0.69126189  0.73016702 -0.6967286  -0.6967286  -0.6967286  -0.6967286
  0.74747715 -0.6967286   0.31223597 -0.6967286   1.56179095  2.24671435
 -0.6967286   0.78727448  2.16198397 -0.6967286  -0.6967286  -0.6967286
 -0.6967286  -0.6967286  -0.6967286   1.86618692 -0.6967286   1.72099881
  1.02815875 -0.6967286  -0.6967286  -0.6967286  -0.6967286   0.01582916
 -0.6967286  -0.6967286  -0.6967286  -0.6967286   0.69549764 -0.6967286
 -0.254801    2.48753477 -0.6967286   2.62952253 -0.6967286   1.55345892
 -0.6967286  -0.6967286   0.02189424 -0.6967286   1.83373995 -0.6967286
  1.49586416 -0.6967286  -0.6967286  -0.6967286  -0.6967286  -0.6967286
 -0.6967286  -0.6967286  -0.6967286  -0.6967286  -0.6967286  -0.6967286
 -0.6967286  -0.6967286  -0.6967286  -0.6967286   2.61871794 -0.6967286
 -0.6967286  -0.6967286   1.01598598  0.95810164  1.66376371 -0.6967286
  0.90128204 -0.6967286   1.38979131 -0.6967286   0.50141212 -0.6967286
 -0.6967286   1.40990965  1.4753038  -0.6967286  -0.6967286  -0.6967286
 -0.6967286  -0.6967286  -0.6967286  -0.6967286  -0.6967286  -0.6967286
  1.09803651  2.13103003  1.40647313  0.3970148   0.98334886  0.85322323
  0.82963301  1.7387576  -0.6967286  -0.6967286   0.47998841  0.41971633
 -0.6967286  -0.6967286   1.01681109  0.34653135 -0.6967286  -0.6967286
 -0.6967286   0.94663463 -0.6967286   0.74747715  1.21185094  0.91841558
 -0.6967286   1.35475901 -0.6967286   0.63335852 -0.6967286   0.5875295
 -0.6967286  -0.6967286  -0.6967286   1.27863017 -0.6967286   1.10305664
  1.23535427 -0.6967286  -0.6967286  -0.6967286   0.6408461  -0.6967286
 -0.6967286   2.00538466 -0.6967286  -0.6967286   1.3103519   0.19512948
  0.25334841  0.62741958 -0.6967286  -0.6967286  -0.6967286  -0.6967286
 -0.6967286   0.63774613  0.90795154  0.81952408 -0.6967286  -0.6967286
  1.06822334 -0.6967286   1.35543669  1.55824486  1.40436972 -0.6967286
  0.25334841  1.20342543 -0.6967286  -0.6967286  -0.6967286   0.5149849
 -0.6967286  -0.6967286   2.17576931 -0.6967286   0.34653135  0.75644803
 -0.6967286   0.19512948  1.21563467  0.47998841  2.83525788  2.669143
 -0.6967286   2.46601024 -0.6967286   0.94663463 -0.6967286  -0.6967286
 -0.6967286   0.80910784  0.73893138 -0.6967286  -0.6967286   0.57579315
  1.24733688 -0.6967286  -0.6967286  -0.6967286   0.84899792  2.22053505
 -0.6967286  -0.6967286  -0.6967286  -0.6967286   0.12495302 -0.6967286
 -0.6967286   1.27693202 -0.6967286  -0.6967286  -0.6967286   1.55442147
 -0.6967286  -0.6967286  -0.6967286  -0.6967286  -0.6967286  -0.6967286
 -0.6967286   1.43350244 -0.6967286  -0.6967286   1.17627611 -0.6967286
 -0.6967286  -0.6967286  -0.6967286  -0.6967286  -0.6967286  -0.6967286
 -0.6967286  -0.6967286  -0.6967286  -0.6967286  -0.6967286  -0.6967286
 -0.6967286  -0.6967286   0.03660327 -0.6967286  -0.6967286  -0.6967286
 -0.6967286  -0.6967286   0.5149849   1.47831761]",[0.16127389620747778]
2,"[-0.64082998  1.05081142  0.81638554 -0.64082998 -0.64082998 -0.64082998
  0.70872503 -0.64082998 -0.64082998 -0.64082998 -0.64082998 -0.64082998
 -0.64082998 -0.64082998 -0.64082998 -0.64082998  1.19328231 -0.64082998
 -0.64082998 -0.64082998  3.58191078 -0.64082998  2.25907076 -0.64082998
  0.68729591  0.79133408 -0.64082998 -0.64082998  1.86170043 -0.64082998
 -0.64082998 -0.64082998  0.40921721 -0.64082998  2.0308257   2.22078609
 -0.64082998  1.21867721  2.90091341 -0.64082998 -0.64082998 -0.64082998
  1.15159566 -0.64082998 -0.64082998 -0.64082998 -0.64082998  1.5348011
 -0.64082998 -0.64082998 -0.64082998 -0.64082998  0.2306381   0.98554847
 -0.64082998 -0.64082998 -0.64082998 -0.64082998  0.5767322  -0.64082998
  0.32737519  2.44289938 -0.64082998  3.0015327   0.24787937 -0.64082998
 -0.64082998 -0.64082998 -0.64082998 -0.64082998  0.73549628 -0.64082998
 -0.64082998 -0.64082998 -0.64082998 -0.64082998 -0.64082998 -0.64082998
 -0.64082998 -0.64082998 -0.64082998 -0.64082998 -0.64082998 -0.64082998
 -0.64082998 -0.64082998 -0.64082998 -0.64082998  1.59426613  1.58065552
 -0.64082998 -0.64082998  0.74819     1.11239305  2.47104151 -0.64082998
  1.10461886 -0.64082998  1.62007381 -0.64082998  0.84437019 -0.64082998
 -0.64082998 -0.64082998  1.99028033 -0.64082998 -0.64082998 -0.64082998
 -0.64082998 -0.64082998 -0.64082998 -0.64082998 -0.64082998 -0.64082998
  1.56971274  2.76393617 -0.64082998 -0.64082998  1.29330818  0.89432131
 -0.64082998 -0.64082998 -0.64082998 -0.64082998  0.63187637 -0.64082998
 -0.64082998 -0.64082998  0.81638554 -0.64082998 -0.64082998 -0.64082998
 -0.64082998  1.84622803  0.8827445   0.54213428  1.2004285   0.74900295
 -0.64082998  1.37278798 -0.64082998 -0.64082998 -0.64082998  0.55636331
 -0.64082998 -0.64082998 -0.64082998  1.03275396 -0.64082998  1.06962869
  1.82929474  1.28584004 -0.64082998 -0.64082998 -0.64082998 -0.64082998
 -0.64082998  2.44326017 -0.64082998 -0.64082998  1.31297675 -0.64082998
  1.93599439  0.81638554 -0.64082998 -0.64082998 -0.64082998 -0.64082998
 -0.64082998  1.28965959  1.16601851 -0.64082998 -0.64082998 -0.64082998
  1.70305655 -0.64082998  1.1258733   1.79029847  1.35420761 -0.64082998
  1.4285287   1.70838347 -0.64082998 -0.64082998  0.40293535  0.86191764
 -0.64082998  0.38674848  2.41711643 -0.64082998  2.32653584  1.09154908
 -0.64082998 -0.64082998 -0.64082998 -0.64082998 -0.64082998  0.6550477
 -0.64082998 -0.64082998 -0.64082998  0.63187637 -0.64082998 -0.64082998
 -0.64082998  1.03098741  1.10461886 -0.64082998 -0.64082998  1.24244308
 -0.64082998 -0.64082998 -0.64082998 -0.64082998 -0.64082998  2.22086077
 -0.64082998 -0.64082998  1.11558477  1.13658872 -0.64082998 -0.64082998
 -0.64082998  1.39955922 -0.64082998 -0.64082998 -0.64082998 -0.64082998
 -0.64082998  0.48753271  1.08166288 -0.64082998 -0.64082998 -0.64082998
 -0.64082998  1.62420563 -0.64082998  0.98784334  1.63473763 -0.64082998
 -0.64082998 -0.64082998 -0.64082998 -0.64082998 -0.64082998 -0.64082998
 -0.64082998  2.4817586  -0.64082998 -0.64082998 -0.64082998  0.24787937
 -0.64082998 -0.64082998 -0.64082998 -0.64082998 -0.64082998 -0.64082998
 -0.64082998 -0.64082998  0.48753271  1.28584004]",[0.06196799330200198]
2,"[-0.28964591 -0.28964591 -0.28964591 -0.28964591 -0.28964591 -0.28964591
 -0.28964591 -0.28964591 -0.28964591 -0.28964591 -0.28964591 -0.28964591
 -0.28964591 -0.28964591 -0.28964591 -0.28964591  3.17099855 -0.28964591
 -0.28964591 -0.28964591  6.23312366  2.28085895  5.31647659 -0.28964591
  0.38019189 -0.28964591 -0.28964591 -0.28964591  4.65822593  3.10426603
 -0.28964591 -0.28964591 -0.28964591 -0.28964591 -0.28964591 -0.28964591
 -0.28964591 -0.28964591  1.11298756 -0.28964591  2.34895244 -0.28964591
  4.14344082 -0.28964591 -0.28964591 -0.28964591 -0.28964591 -0.28964591
 -0.28964591 -0.28964591 -0.28964591 -0.28964591  0.24633248  0.70753556
 -0.28964591 -0.28964591 -0.28964591 -0.28964591 -0.28964591 -0.28964591
 -0.28964591 -0.28964591 -0.28964591 -0.28964591 -0.28964591 -0.28964591
 -0.28964591 -0.28964591 -0.28964591 -0.28964591 -0.28964591 -0.28964591
 -0.28964591 -0.28964591 -0.28964591 -0.28964591 -0.28964591 -0.28964591
 -0.28964591 -0.28964591 -0.28964591 -0.28964591 -0.28964591 -0.28964591
 -0.28964591 -0.28964591 -0.28964591 -0.28964591  4.47214998 -0.28964591
 -0.28964591 -0.28964591 -0.28964591  1.99659871 -0.28964591 -0.28964591
 -0.28964591 -0.28964591 -0.28964591 -0.28964591  2.91377633 -0.28964591
 -0.28964591  3.69861366 -0.28964591  3.13019097 -0.28964591 -0.28964591
 -0.28964591 -0.28964591 -0.28964591 -0.28964591 -0.28964591 -0.28964591
  3.46706343 -0.28964591 -0.28964591 -0.28964591 -0.28964591 -0.28964591
 -0.28964591 -0.28964591 -0.28964591 -0.28964591 -0.28964591 -0.28964591
 -0.28964591 -0.28964591 -0.28964591 -0.28964591 -0.28964591 -0.28964591
 -0.28964591 -0.28964591 -0.28964591  3.9284201  -0.28964591 -0.28964591
 -0.28964591 -0.28964591 -0.28964591 -0.28964591 -0.28964591 -0.28964591
 -0.28964591 -0.28964591 -0.28964591 -0.28964591 -0.28964591 -0.28964591
  2.84088919 -0.28964591 -0.28964591 -0.28964591 -0.28964591 -0.28964591
 -0.28964591 -0.28964591 -0.28964591 -0.28964591 -0.28964591 -0.28964591
 -0.28964591 -0.28964591 -0.28964591 -0.28964591 -0.28964591 -0.28964591
 -0.28964591 -0.28964591 -0.28964591 -0.28964591 -0.28964591 -0.28964591
 -0.28964591 -0.28964591 -0.28964591 -0.28964591 -0.28964591 -0.28964591
 -0.28964591 -0.28964591 -0.28964591 -0.28964591  0.93706334 -0.28964591
 -0.28964591 -0.28964591 -0.28964591 -0.28964591 -0.28964591  1.76104252
 -0.28964591 -0.28964591 -0.28964591 -0.28964591 -0.28964591  0.84860176
 -0.28964591 -0.28964591 -0.28964591 -0.28964591 -0.28964591 -0.28964591
 -0.28964591 -0.28964591 -0.28964591 -0.28964591 -0.28964591 -0.28964591
 -0.28964591 -0.28964591 -0.28964591 -0.28964591 -0.28964591 -0.28964591
 -0.28964591 -0.28964591  1.49122797 -0.28964591 -0.28964591 -0.28964591
 -0.28964591 -0.28964591 -0.28964591 -0.28964591 -0.28964591 -0.28964591
 -0.28964591 -0.28964591  1.11298756 -0.28964591 -0.28964591 -0.28964591
 -0.28964591 -0.28964591 -0.28964591 -0.28964591  2.05441794 -0.28964591
 -0.28964591 -0.28964591 -0.28964591 -0.28964591 -0.28964591 -0.28964591
 -0.28964591 -0.28964591 -0.28964591 -0.28964591 -0.28964591 -0.28964591
 -0.28964591 -0.28964591 -0.28964591 -0.28964591 -0.28964591 -0.28964591
 -0.28964591 -0.28964591 -0.28964591 -0.28964591]",[-0.3271801499213564]
2,"[-0.54432251 -0.54432251  0.99899066 -0.54432251 -0.54432251 -0.54432251
  0.86319195 -0.54432251 -0.54432251 -0.54432251 -0.54432251 -0.54432251
 -0.54432251 -0.54432251 -0.54432251 -0.54432251 -0.54432251 -0.54432251
 -0.54432251 -0.54432251  3.9739462   1.44874686  3.27924263 -0.54432251
  0.89226585  0.68657655 -0.54432251  0.66826578  1.98620686 -0.54432251
  0.56221502 -0.54432251  0.45221217 -0.54432251  1.97907826  2.38784069
 -0.54432251  0.94494224  3.22501551 -0.54432251 -0.54432251 -0.54432251
  1.96195335 -0.54432251 -0.54432251 -0.54432251 -0.54432251  1.60838164
 -0.54432251 -0.54432251 -0.54432251 -0.54432251 -0.54432251 -0.54432251
 -0.54432251 -0.54432251 -0.54432251 -0.54432251  0.32722258 -0.54432251
 -0.15060292  2.5854718  -0.54432251  3.29448996 -0.54432251 -0.54432251
 -0.54432251  1.08969406 -0.54432251 -0.54432251 -0.54432251 -0.54432251
 -0.54432251 -0.54432251 -0.54432251 -0.54432251 -0.54432251 -0.54432251
 -0.54432251 -0.54432251 -0.54432251 -0.54432251 -0.54432251 -0.54432251
 -0.54432251 -0.54432251 -0.54432251 -0.54432251  2.57895882 -0.54432251
 -0.54432251 -0.54432251  1.54470826  1.47231031  2.62090777 -0.54432251
 -0.54432251 -0.54432251  1.86063821 -0.54432251  1.45555991 -0.54432251
 -0.54432251 -0.54432251  2.23682212 -0.54432251 -0.54432251 -0.54432251
 -0.54432251 -0.54432251  1.08969406 -0.54432251 -0.54432251 -0.54432251
  1.64801496  2.97364737 -0.54432251 -0.54432251  1.32549788  0.8560062
 -0.54432251 -0.54432251 -0.54432251 -0.54432251 -0.54432251 -0.54432251
 -0.54432251 -0.54432251 -0.54432251 -0.54432251 -0.54432251 -0.54432251
 -0.54432251  1.85421479 -0.54432251  1.95354377  1.16276621  0.6456876
 -0.54432251  1.38525584 -0.54432251 -0.54432251 -0.54432251  0.32722258
 -0.54432251 -0.54432251 -0.54432251  0.98555456 -0.54432251  0.9637503
  2.04197557 -0.54432251 -0.54432251 -0.54432251 -0.54432251 -0.54432251
 -0.54432251  2.65572786 -0.54432251 -0.54432251  1.2976864   1.54079498
  1.91993909 -0.54432251 -0.54432251 -0.54432251 -0.54432251 -0.54432251
 -0.54432251  1.08456962  1.08969406 -0.54432251 -0.54432251 -0.54432251
  1.67527117 -0.54432251  1.01945028  1.96691861  1.37021954 -0.54432251
  1.51231896  1.68957462 -0.54432251 -0.54432251 -0.54432251 -0.54432251
 -0.54432251 -0.54432251  2.62396582 -0.54432251 -0.54432251  1.15348839
 -0.54432251 -0.54432251 -0.54432251 -0.54432251 -0.54432251 -0.54432251
  0.88279876 -0.54432251 -0.54432251 -0.54432251 -0.54432251  1.3736627
 -0.54432251  1.3736627   0.99899066 -0.54432251 -0.54432251 -0.54432251
  0.88279876 -0.54432251 -0.54432251 -0.54432251 -0.54432251  2.44371742
 -0.54432251 -0.54432251  0.45221217 -0.54432251  0.34506168 -0.54432251
 -0.54432251  1.50861825 -0.54432251 -0.54432251 -0.54432251 -0.54432251
 -0.54432251 -0.54432251 -0.54432251 -0.54432251 -0.54432251 -0.54432251
 -0.54432251  1.69908504 -0.54432251 -0.54432251  0.95632891 -0.54432251
 -0.54432251 -0.54432251 -0.54432251 -0.54432251 -0.54432251 -0.54432251
 -0.54432251 -0.54432251 -0.54432251 -0.54432251 -0.54432251 -0.54432251
 -0.54432251 -0.54432251 -0.54432251 -0.54432251 -0.54432251 -0.54432251
 -0.54432251 -0.54432251 -0.54432251  1.48960363]",[0.11526956084790191]
2,"[-0.33730313 -0.33730313 -0.33730313 -0.33730313 -0.33730313 -0.33730313
  1.83862087 -0.33730313 -0.33730313 -0.33730313 -0.33730313 -0.33730313
 -0.33730313 -0.33730313 -0.33730313 -0.33730313  2.51666089 -0.33730313
 -0.33730313 -0.33730313  6.11571898 -0.33730313  3.81025349 -0.33730313
  1.6041856  -0.33730313 -0.33730313 -0.33730313  3.53165445 -0.33730313
 -0.33730313 -0.33730313 -0.33730313 -0.33730313 -0.33730313  0.84944043
 -0.33730313  1.62080363  1.72370975 -0.33730313 -0.33730313 -0.33730313
  2.71942355 -0.33730313 -0.33730313 -0.33730313 -0.33730313 -0.33730313
 -0.33730313 -0.33730313 -0.33730313 -0.33730313 -0.33730313  2.47315667
 -0.33730313 -0.33730313 -0.33730313 -0.33730313 -0.33730313 -0.33730313
 -0.33730313  1.8007038  -0.33730313 -0.33730313 -0.33730313 -0.33730313
 -0.33730313 -0.33730313 -0.33730313 -0.33730313 -0.33730313 -0.33730313
 -0.33730313 -0.33730313 -0.33730313 -0.33730313 -0.33730313 -0.33730313
 -0.33730313 -0.33730313 -0.33730313 -0.33730313 -0.33730313 -0.33730313
 -0.33730313 -0.33730313 -0.33730313 -0.33730313  3.46807224 -0.33730313
 -0.33730313 -0.33730313 -0.33730313  2.07513664 -0.33730313 -0.33730313
 -0.33730313 -0.33730313 -0.33730313 -0.33730313  1.82512716 -0.33730313
 -0.33730313 -0.33730313 -0.33730313 -0.33730313 -0.33730313 -0.33730313
 -0.33730313 -0.33730313 -0.33730313 -0.33730313 -0.33730313 -0.33730313
  3.31084841  2.22625697 -0.33730313 -0.33730313  1.38655176 -0.33730313
 -0.33730313 -0.33730313 -0.33730313 -0.33730313 -0.33730313 -0.33730313
 -0.33730313 -0.33730313  1.49260246 -0.33730313 -0.33730313 -0.33730313
 -0.33730313 -0.33730313 -0.33730313  0.8067089  -0.33730313 -0.33730313
 -0.33730313  0.78898981 -0.33730313 -0.33730313 -0.33730313 -0.33730313
 -0.33730313 -0.33730313 -0.33730313 -0.33730313 -0.33730313 -0.33730313
  3.35610147  2.05682536 -0.33730313 -0.33730313 -0.33730313 -0.33730313
 -0.33730313 -0.33730313 -0.33730313 -0.33730313 -0.33730313 -0.33730313
 -0.33730313 -0.33730313 -0.33730313 -0.33730313 -0.33730313 -0.33730313
 -0.33730313 -0.33730313  0.86466219 -0.33730313 -0.33730313 -0.33730313
  1.43120691 -0.33730313 -0.33730313 -0.33730313 -0.33730313 -0.33730313
 -0.33730313 -0.33730313 -0.33730313 -0.33730313 -0.33730313  2.19621512
 -0.33730313 -0.33730313 -0.33730313 -0.33730313  4.65378855  2.78965525
 -0.33730313 -0.33730313 -0.33730313 -0.33730313 -0.33730313 -0.33730313
 -0.33730313 -0.33730313 -0.33730313 -0.33730313 -0.33730313 -0.33730313
 -0.33730313 -0.33730313 -0.33730313 -0.33730313 -0.33730313 -0.33730313
 -0.33730313 -0.33730313 -0.33730313 -0.33730313 -0.33730313 -0.33730313
 -0.33730313 -0.33730313 -0.33730313 -0.33730313 -0.33730313 -0.33730313
 -0.33730313 -0.33730313 -0.33730313 -0.33730313 -0.33730313 -0.33730313
 -0.33730313 -0.33730313  2.89243172 -0.33730313 -0.33730313 -0.33730313
 -0.33730313 -0.33730313 -0.33730313 -0.33730313  3.53507915 -0.33730313
 -0.33730313 -0.33730313 -0.33730313 -0.33730313 -0.33730313 -0.33730313
 -0.33730313  4.44647944 -0.33730313 -0.33730313 -0.33730313 -0.33730313
 -0.33730313 -0.33730313 -0.33730313 -0.33730313 -0.33730313 -0.33730313
  1.37264885 -0.33730313 -0.33730313 -0.33730313]",[-0.02528302456639986]
2,"[-0.43298215  1.43226573  1.15824213  0.33854104 -0.43298215 -0.43298215
  1.21824503 -0.43298215 -0.43298215 -0.43298215 -0.43298215 -0.43298215
 -0.43298215 -0.43298215 -0.43298215  1.78926793  3.01132013 -0.43298215
 -0.43298215 -0.43298215  5.16330208  2.16290041  4.3126386  -0.43298215
  0.85176652 -0.43298215 -0.43298215 -0.43298215  3.6732785  -0.43298215
  2.02443747 -0.43298215 -0.43298215 -0.43298215  0.67814289  0.83841184
 -0.43298215 -0.43298215  1.6450991  -0.43298215 -0.43298215 -0.43298215
  3.58252741 -0.43298215 -0.43298215 -0.43298215 -0.43298215 -0.43298215
 -0.43298215 -0.43298215 -0.43298215 -0.43298215 -0.43298215  0.50067381
 -0.43298215 -0.43298215 -0.43298215 -0.43298215 -0.43298215 -0.43298215
 -0.09975859  1.92161428 -0.43298215  1.38892808 -0.43298215 -0.43298215
 -0.43298215 -0.43298215 -0.43298215 -0.43298215 -0.43298215 -0.43298215
 -0.43298215 -0.43298215 -0.43298215 -0.43298215 -0.43298215 -0.43298215
 -0.43298215 -0.43298215 -0.43298215  1.82606306  1.2877948  -0.43298215
 -0.43298215 -0.43298215 -0.43298215 -0.43298215  3.74801733 -0.43298215
 -0.43298215 -0.43298215 -0.43298215  1.72922351 -0.43298215 -0.43298215
 -0.43298215 -0.43298215  1.07673877 -0.43298215  3.1048039  -0.43298215
 -0.43298215  3.48014557  2.47020264  2.79314835 -0.43298215 -0.43298215
 -0.43298215 -0.43298215 -0.43298215 -0.43298215 -0.43298215 -0.43298215
  3.43507147 -0.43298215 -0.43298215 -0.43298215  0.48915056  0.01207203
 -0.43298215 -0.43298215 -0.43298215 -0.43298215 -0.43298215 -0.43298215
 -0.43298215 -0.43298215 -0.43298215 -0.43298215 -0.43298215 -0.43298215
 -0.43298215 -0.43298215 -0.43298215  3.16005303 -0.43298215  0.26172596
 -0.43298215  0.49623956 -0.43298215 -0.43298215 -0.43298215  0.33854104
 -0.43298215 -0.43298215 -0.43298215  0.30466176 -0.43298215 -0.43298215
  2.43829598 -0.43298215 -0.43298215 -0.43298215 -0.43298215 -0.43298215
 -0.43298215  1.34111507 -0.43298215 -0.43298215  0.72801627 -0.43298215
 -0.43298215 -0.43298215 -0.43298215 -0.43298215 -0.43298215 -0.43298215
 -0.43298215 -0.43298215 -0.43298215 -0.43298215 -0.43298215 -0.43298215
  0.73880128 -0.43298215 -0.43298215  0.85176652 -0.43298215 -0.43298215
 -0.43298215 -0.43298215 -0.43298215 -0.43298215 -0.43298215 -0.43298215
 -0.43298215 -0.43298215  1.38892808 -0.43298215  0.64917251  1.761967
 -0.43298215 -0.43298215 -0.43298215 -0.43298215  1.57377199  1.51536785
 -0.43298215 -0.43298215 -0.43298215 -0.43298215 -0.43298215 -0.43298215
 -0.43298215 -0.43298215 -0.43298215 -0.43298215 -0.43298215 -0.43298215
 -0.43298215 -0.43298215 -0.43298215 -0.43298215 -0.43298215  1.15824213
 -0.43298215 -0.43298215 -0.43298215 -0.43298215  1.02989334 -0.43298215
 -0.43298215 -0.43298215 -0.43298215 -0.43298215 -0.43298215 -0.43298215
 -0.43298215 -0.43298215  1.04604045 -0.43298215 -0.43298215 -0.43298215
 -0.43298215  1.70554994 -0.43298215 -0.43298215  2.08182432 -0.43298215
 -0.43298215 -0.43298215 -0.43298215 -0.43298215 -0.43298215 -0.43298215
 -0.43298215 -0.43298215 -0.43298215 -0.43298215 -0.43298215 -0.43298215
 -0.43298215 -0.43298215  1.2877948  -0.43298215 -0.43298215  1.15824213
 -0.43298215 -0.43298215 -0.43298215 -0.43298215]",[-0.11673042303843378]
2,"[-0.51044473 -0.51044473 -0.51044473 -0.51044473 -0.51044473 -0.51044473
  0.67155447 -0.51044473 -0.51044473 -0.51044473 -0.51044473 -0.51044473
 -0.51044473 -0.51044473 -0.51044473 -0.51044473 -0.51044473 -0.51044473
 -0.51044473 -0.51044473  3.92243313  2.27780297  3.25256294 -0.51044473
  0.83327532  1.54100467 -0.51044473 -0.51044473  1.93102428 -0.51044473
  0.69481276 -0.51044473  0.56607662 -0.51044473 -0.51044473  0.13335308
 -0.51044473  1.64753573  3.10496774 -0.51044473 -0.51044473 -0.51044473
  1.8001689  -0.51044473 -0.51044473 -0.51044473 -0.51044473  0.42700447
 -0.51044473 -0.51044473 -0.51044473 -0.51044473 -0.51044473 -0.51044473
 -0.51044473 -0.51044473 -0.51044473 -0.51044473  1.06253385 -0.51044473
 -0.51044473  3.27964671 -0.51044473 -0.51044473 -0.51044473 -0.51044473
 -0.51044473 -0.51044473 -0.51044473 -0.51044473 -0.51044473 -0.51044473
  1.79155043 -0.51044473 -0.51044473 -0.51044473 -0.51044473 -0.51044473
 -0.51044473 -0.51044473 -0.51044473 -0.51044473 -0.51044473 -0.51044473
 -0.51044473 -0.51044473 -0.51044473 -0.51044473  2.41559749 -0.51044473
 -0.51044473 -0.51044473  1.66806328  1.66589721  2.71797154 -0.51044473
 -0.51044473 -0.51044473  1.46616732 -0.51044473  1.69395922 -0.51044473
 -0.51044473 -0.51044473  2.16446767 -0.51044473 -0.51044473 -0.51044473
 -0.51044473 -0.51044473  1.5953313  -0.51044473 -0.51044473 -0.51044473
  1.58910873  2.57969224 -0.51044473  1.29787802  1.3551952   1.07066004
 -0.51044473 -0.51044473 -0.51044473 -0.51044473 -0.51044473 -0.51044473
 -0.51044473 -0.51044473 -0.51044473 -0.51044473 -0.51044473 -0.51044473
 -0.51044473  2.17507576 -0.51044473  1.77977673  1.37456527  1.36538366
 -0.51044473  1.33392632 -0.51044473 -0.51044473 -0.51044473  0.73778681
 -0.51044473 -0.51044473 -0.51044473  1.6601499  -0.51044473  1.21490843
  1.92048368 -0.51044473 -0.51044473 -0.51044473 -0.51044473 -0.51044473
 -0.51044473  2.73486713 -0.51044473 -0.51044473  2.09289489  1.3827843
 -0.51044473  0.82918859 -0.51044473 -0.51044473 -0.51044473 -0.51044473
 -0.51044473  1.5953313   1.36911192  1.44682267 -0.51044473 -0.51044473
  2.17561261 -0.51044473  1.15645131  2.33080596  1.66358758 -0.51044473
  1.86340173  2.00524917 -0.51044473 -0.51044473 -0.51044473 -0.51044473
 -0.51044473 -0.51044473  2.84224202 -0.51044473 -0.51044473  1.38631718
 -0.51044473 -0.51044473 -0.51044473 -0.51044473 -0.51044473 -0.51044473
 -0.51044473 -0.51044473 -0.51044473 -0.51044473 -0.51044473 -0.51044473
 -0.51044473 -0.51044473 -0.51044473 -0.51044473 -0.51044473 -0.51044473
 -0.51044473 -0.51044473 -0.51044473 -0.51044473  1.62224467  1.7048049
 -0.51044473 -0.51044473 -0.51044473 -0.51044473 -0.51044473 -0.51044473
 -0.51044473  1.47086731 -0.51044473 -0.51044473 -0.51044473 -0.51044473
 -0.51044473 -0.51044473 -0.51044473 -0.51044473 -0.51044473 -0.51044473
 -0.51044473  2.78835008 -0.51044473 -0.51044473  1.14385576 -0.51044473
 -0.51044473 -0.51044473 -0.51044473 -0.51044473 -0.51044473 -0.51044473
 -0.51044473 -0.51044473 -0.51044473 -0.51044473 -0.51044473 -0.51044473
 -0.51044473 -0.51044473 -0.51044473 -0.51044473 -0.51044473 -0.51044473
 -0.51044473 -0.51044473 -0.51044473  1.72569004]",[-0.02377023783569976]
2,"[-0.3439634  -0.3439634  -0.3439634  -0.3439634  -0.3439634  -0.3439634
  2.11643118 -0.3439634  -0.3439634  -0.3439634  -0.3439634  -0.3439634
 -0.3439634  -0.3439634  -0.3439634  -0.3439634   2.80214004 -0.3439634
 -0.3439634  -0.3439634   5.53643373 -0.3439634  -0.3439634  -0.3439634
  0.17316582  0.70029202 -0.3439634  -0.3439634   1.55488799 -0.3439634
 -0.3439634  -0.3439634  -0.3439634  -0.3439634  -0.3439634   0.65437773
 -0.3439634  -0.3439634   3.45702652 -0.3439634   5.00802316 -0.3439634
  3.35023289 -0.3439634  -0.3439634  -0.3439634  -0.3439634  -0.3439634
 -0.3439634  -0.3439634  -0.3439634  -0.3439634  -0.3439634   4.11031617
 -0.3439634  -0.3439634  -0.3439634  -0.3439634  -0.3439634  -0.3439634
 -0.3439634   1.61853043 -0.3439634  -0.3439634  -0.3439634  -0.3439634
 -0.3439634  -0.3439634  -0.3439634  -0.3439634  -0.3439634  -0.3439634
 -0.3439634  -0.3439634  -0.3439634  -0.3439634  -0.3439634  -0.3439634
 -0.3439634  -0.3439634  -0.3439634  -0.3439634  -0.3439634  -0.3439634
 -0.3439634  -0.3439634  -0.3439634  -0.3439634   3.10405858 -0.3439634
 -0.3439634  -0.3439634  -0.3439634  -0.3439634   2.14036925 -0.3439634
 -0.3439634  -0.3439634  -0.3439634  -0.3439634  -0.3439634  -0.3439634
 -0.3439634  -0.3439634  -0.3439634  -0.3439634   2.71711431 -0.3439634
 -0.3439634  -0.3439634  -0.3439634  -0.3439634  -0.3439634  -0.3439634
  2.19267428 -0.3439634  -0.3439634  -0.3439634  -0.3439634  -0.3439634
 -0.3439634  -0.3439634  -0.3439634  -0.3439634  -0.3439634  -0.3439634
 -0.3439634  -0.3439634  -0.3439634   2.14036925 -0.3439634  -0.3439634
 -0.3439634  -0.3439634  -0.3439634   2.65264976 -0.3439634  -0.3439634
 -0.3439634  -0.3439634  -0.3439634  -0.3439634  -0.3439634   1.12471673
 -0.3439634  -0.3439634  -0.3439634  -0.3439634  -0.3439634  -0.3439634
 -0.3439634  -0.3439634  -0.3439634  -0.3439634  -0.3439634  -0.3439634
 -0.3439634  -0.3439634  -0.3439634  -0.3439634   0.56413893 -0.3439634
 -0.3439634  -0.3439634  -0.3439634  -0.3439634   1.59109901 -0.3439634
 -0.3439634  -0.3439634  -0.3439634  -0.3439634  -0.3439634  -0.3439634
  1.28577328 -0.3439634  -0.3439634   1.27192916 -0.3439634  -0.3439634
 -0.3439634  -0.3439634  -0.3439634  -0.3439634   0.76584531 -0.3439634
 -0.3439634  -0.3439634  -0.3439634  -0.3439634  -0.3439634   2.98516904
  2.98219778 -0.3439634  -0.3439634  -0.3439634   2.34577519  2.05189518
 -0.3439634  -0.3439634  -0.3439634  -0.3439634  -0.3439634  -0.3439634
 -0.3439634  -0.3439634  -0.3439634  -0.3439634  -0.3439634  -0.3439634
  1.65739883 -0.3439634  -0.3439634  -0.3439634  -0.3439634  -0.3439634
 -0.3439634  -0.3439634  -0.3439634  -0.3439634  -0.3439634  -0.3439634
 -0.3439634  -0.3439634  -0.3439634  -0.3439634  -0.3439634  -0.3439634
 -0.3439634  -0.3439634   4.10106763 -0.3439634  -0.3439634  -0.3439634
 -0.3439634  -0.3439634  -0.3439634  -0.3439634   2.69851241 -0.3439634
 -0.3439634   2.21716571 -0.3439634  -0.3439634  -0.3439634  -0.3439634
 -0.3439634  -0.3439634  -0.3439634  -0.3439634  -0.3439634  -0.3439634
 -0.3439634  -0.3439634  -0.3439634   3.84858895 -0.3439634  -0.3439634
 -0.3439634  -0.3439634  -0.3439634   0.90328866]",[-0.13738053841851522]
2,"[-0.31422965 -0.31422965 -0.31422965 -0.31422965 -0.31422965 -0.31422965
 -0.31422965 -0.31422965 -0.31422965 -0.31422965 -0.31422965 -0.31422965
 -0.31422965 -0.31422965 -0.31422965  2.69416871  2.49179767 -0.31422965
 -0.31422965 -0.31422965  5.66097017 -0.31422965 -0.31422965 -0.31422965
 -0.31422965 -0.31422965 -0.31422965 -0.31422965 -0.31422965 -0.31422965
 -0.31422965 -0.31422965 -0.31422965 -0.31422965 -0.31422965 -0.31422965
 -0.31422965 -0.31422965  1.75809183 -0.31422965 -0.31422965 -0.31422965
  1.92591663 -0.31422965 -0.31422965 -0.31422965 -0.31422965 -0.31422965
 -0.31422965 -0.31422965 -0.31422965 -0.31422965 -0.31422965  0.49689415
 -0.31422965 -0.31422965 -0.31422965 -0.31422965 -0.31422965 -0.31422965
 -0.31422965 -0.31422965  1.08878401 -0.31422965 -0.31422965 -0.31422965
 -0.31422965 -0.31422965  2.49866515 -0.31422965 -0.31422965 -0.31422965
 -0.31422965 -0.31422965 -0.31422965 -0.31422965 -0.31422965 -0.31422965
 -0.31422965 -0.31422965 -0.31422965 -0.31422965 -0.31422965 -0.31422965
 -0.31422965 -0.31422965 -0.31422965 -0.31422965  2.87014061 -0.31422965
 -0.31422965 -0.31422965 -0.31422965  3.85301395 -0.31422965 -0.31422965
 -0.31422965 -0.31422965 -0.31422965 -0.31422965 -0.31422965 -0.31422965
 -0.31422965 -0.31422965  5.81705852  3.84673132 -0.31422965  2.89493679
 -0.31422965 -0.31422965  2.17987348 -0.31422965 -0.31422965 -0.31422965
  4.50440091 -0.31422965 -0.31422965 -0.31422965  0.58928355 -0.31422965
 -0.31422965 -0.31422965 -0.31422965 -0.31422965 -0.31422965 -0.31422965
 -0.31422965 -0.31422965  1.30801795 -0.31422965 -0.31422965 -0.31422965
 -0.31422965 -0.31422965 -0.31422965  1.62844305 -0.31422965 -0.31422965
 -0.31422965 -0.31422965 -0.31422965 -0.31422965 -0.31422965 -0.31422965
 -0.31422965 -0.31422965 -0.31422965 -0.31422965 -0.31422965 -0.31422965
 -0.31422965 -0.31422965 -0.31422965 -0.31422965 -0.31422965 -0.31422965
 -0.31422965  1.30801795 -0.31422965 -0.31422965 -0.31422965 -0.31422965
 -0.31422965 -0.31422965 -0.31422965 -0.31422965  1.24365619 -0.31422965
 -0.31422965 -0.31422965 -0.31422965 -0.31422965 -0.31422965 -0.31422965
 -0.31422965 -0.31422965 -0.31422965 -0.31422965 -0.31422965 -0.31422965
 -0.31422965 -0.31422965 -0.31422965 -0.31422965 -0.31422965 -0.31422965
 -0.31422965 -0.31422965 -0.31422965 -0.31422965 -0.31422965  1.34876077
 -0.31422965 -0.31422965 -0.31422965 -0.31422965  2.53825875  1.91305673
 -0.31422965 -0.31422965 -0.31422965 -0.31422965 -0.31422965 -0.31422965
 -0.31422965 -0.31422965 -0.31422965 -0.31422965 -0.31422965 -0.31422965
 -0.31422965 -0.31422965 -0.31422965 -0.31422965 -0.31422965 -0.31422965
 -0.31422965 -0.31422965  0.87755433 -0.31422965  2.60168926 -0.31422965
 -0.31422965 -0.31422965 -0.31422965 -0.31422965 -0.31422965 -0.31422965
 -0.31422965 -0.31422965 -0.31422965 -0.31422965 -0.31422965 -0.31422965
 -0.31422965 -0.31422965  3.97288589 -0.31422965  4.1863088  -0.31422965
 -0.31422965 -0.31422965 -0.31422965 -0.31422965 -0.31422965 -0.31422965
 -0.31422965 -0.31422965 -0.31422965 -0.31422965 -0.31422965 -0.31422965
 -0.31422965 -0.31422965 -0.31422965  2.44132656 -0.31422965 -0.31422965
 -0.31422965  2.67680536 -0.31422965 -0.31422965]",[-0.14991986386115375]
2,"[-0.45102877  2.03001175 -0.45102877 -0.45102877 -0.45102877 -0.45102877
 -0.45102877 -0.45102877 -0.45102877 -0.45102877 -0.45102877 -0.45102877
 -0.45102877 -0.45102877 -0.45102877 -0.45102877 -0.45102877 -0.45102877
 -0.45102877 -0.45102877  3.97406647 -0.45102877 -0.45102877 -0.45102877
 -0.45102877 -0.45102877 -0.45102877 -0.45102877 -0.45102877 -0.45102877
 -0.45102877 -0.45102877 -0.45102877 -0.45102877  1.49740815  1.4038175
 -0.45102877  1.41772846  2.83149602 -0.45102877 -0.45102877 -0.45102877
 -0.45102877 -0.45102877 -0.45102877 -0.45102877 -0.45102877 -0.45102877
 -0.45102877 -0.45102877 -0.45102877 -0.45102877  0.01528147 -0.45102877
 -0.45102877 -0.45102877 -0.45102877 -0.45102877 -0.45102877 -0.45102877
  0.12561727  2.81201473 -0.45102877  2.63607909  0.76928601 -0.45102877
 -0.45102877 -0.45102877 -0.45102877 -0.45102877 -0.45102877 -0.45102877
  1.54991972 -0.45102877 -0.45102877 -0.45102877 -0.45102877 -0.45102877
 -0.45102877 -0.45102877 -0.45102877 -0.45102877 -0.45102877 -0.45102877
 -0.45102877 -0.45102877 -0.45102877 -0.45102877  2.39994994 -0.45102877
 -0.45102877 -0.45102877 -0.45102877  2.11213633  2.50173187 -0.45102877
 -0.45102877 -0.45102877  1.71829501 -0.45102877 -0.45102877 -0.45102877
 -0.45102877 -0.45102877 -0.45102877  2.8872302  -0.45102877 -0.45102877
 -0.45102877 -0.45102877 -0.45102877 -0.45102877 -0.45102877 -0.45102877
  1.65924914  2.6866189  -0.45102877 -0.45102877 -0.45102877 -0.30874502
 -0.45102877  1.29656437 -0.45102877 -0.45102877 -0.45102877  1.73590614
 -0.45102877 -0.45102877 -0.45102877 -0.45102877 -0.45102877 -0.45102877
 -0.45102877 -0.45102877 -0.45102877  1.8445963   0.46906529  0.9241684
 -0.45102877  2.15704435 -0.45102877  1.43884812 -0.45102877 -0.45102877
 -0.45102877 -0.45102877 -0.45102877  2.58537785 -0.45102877 -0.45102877
 -0.45102877 -0.45102877 -0.45102877 -0.45102877 -0.45102877 -0.45102877
  2.03001175  2.52795088 -0.45102877 -0.45102877  1.19466884  1.46896998
  1.20705171  1.76396787 -0.45102877 -0.45102877  2.36093385 -0.45102877
 -0.45102877 -0.45102877  0.42418887 -0.45102877 -0.45102877 -0.45102877
  1.35608432 -0.45102877  0.5778748   1.59751614  1.07775506 -0.45102877
 -0.45102877  1.96812457 -0.45102877 -0.45102877 -0.45102877 -0.45102877
 -0.45102877  2.61805203  2.39994994 -0.45102877 -0.45102877  2.42255308
  2.7024085  -0.45102877  1.62897923 -0.45102877  3.99506492  3.38863243
 -0.45102877 -0.45102877 -0.45102877 -0.45102877 -0.45102877 -0.45102877
 -0.45102877 -0.45102877 -0.45102877 -0.45102877 -0.45102877 -0.45102877
 -0.45102877 -0.45102877 -0.45102877 -0.45102877 -0.45102877 -0.45102877
 -0.45102877 -0.45102877 -0.45102877 -0.45102877 -0.45102877 -0.45102877
 -0.45102877  0.46081696 -0.45102877 -0.45102877 -0.45102877 -0.45102877
 -0.45102877 -0.45102877 -0.45102877 -0.45102877 -0.45102877 -0.45102877
 -0.45102877  2.16561929 -0.45102877 -0.45102877  3.33459452 -0.45102877
 -0.45102877 -0.45102877 -0.45102877 -0.45102877 -0.45102877 -0.45102877
 -0.45102877 -0.45102877 -0.45102877 -0.45102877 -0.45102877 -0.45102877
 -0.45102877 -0.45102877 -0.45102877 -0.45102877 -0.45102877 -0.45102877
 -0.45102877 -0.45102877 -0.45102877  0.87350809]",[0.37344989026010145]
2,"[-0.23689077 -0.23689077 -0.23689077 -0.23689077 -0.23689077 -0.23689077
 -0.23689077 -0.23689077 -0.23689077  1.36583468 -0.23689077 -0.23689077
 -0.23689077 -0.23689077 -0.23689077 -0.23689077  3.98179972 -0.23689077
 -0.23689077 -0.23689077  5.98214852 -0.23689077 -0.23689077 -0.23689077
 -0.23689077  1.12453753 -0.23689077 -0.23689077 -0.23689077 -0.23689077
 -0.23689077 -0.23689077 -0.23689077 -0.23689077 -0.23689077 -0.23689077
 -0.23689077 -0.23689077 -0.23689077 -0.23689077 -0.23689077 -0.23689077
 -0.23689077 -0.23689077 -0.23689077 -0.23689077 -0.23689077 -0.23689077
 -0.23689077 -0.23689077 -0.23689077 -0.23689077 -0.23689077 -0.23689077
 -0.23689077 -0.23689077 -0.23689077 -0.23689077 -0.23689077 -0.23689077
  0.62510808 -0.23689077 -0.23689077 -0.23689077  1.68250665 -0.23689077
 -0.23689077 -0.23689077 -0.23689077 -0.23689077 -0.23689077 -0.23689077
 -0.23689077 -0.23689077 -0.23689077 -0.23689077 -0.23689077 -0.23689077
 -0.23689077 -0.23689077 -0.23689077 -0.23689077  2.05834653  2.00214635
 -0.23689077 -0.23689077 -0.23689077 -0.23689077 -0.23689077 -0.23689077
 -0.23689077 -0.23689077 -0.23689077 -0.23689077 -0.23689077 -0.23689077
 -0.23689077 -0.23689077 -0.23689077 -0.23689077 -0.23689077 -0.23689077
 -0.23689077 -0.23689077 -0.23689077 -0.23689077 -0.23689077 -0.23689077
 -0.23689077 -0.23689077  5.53415192 -0.23689077 -0.23689077 -0.23689077
  4.18679942  4.01145802  7.09843357 -0.23689077 -0.23689077 -0.23689077
 -0.23689077 -0.23689077 -0.23689077 -0.23689077 -0.23689077 -0.23689077
 -0.23689077 -0.23689077  1.79803279 -0.23689077 -0.23689077 -0.23689077
 -0.23689077 -0.23689077 -0.23689077 -0.23689077 -0.23689077 -0.23689077
 -0.23689077 -0.23689077 -0.23689077 -0.23689077 -0.23689077 -0.23689077
 -0.23689077 -0.23689077 -0.23689077 -0.23689077 -0.23689077 -0.23689077
 -0.23689077 -0.23689077 -0.23689077 -0.23689077 -0.23689077 -0.23689077
 -0.23689077 -0.23689077 -0.23689077 -0.23689077 -0.23689077 -0.23689077
 -0.23689077 -0.23689077 -0.23689077 -0.23689077 -0.23689077 -0.23689077
 -0.23689077 -0.23689077 -0.23689077 -0.23689077 -0.23689077 -0.23689077
 -0.23689077 -0.23689077 -0.23689077 -0.23689077 -0.23689077 -0.23689077
 -0.23689077 -0.23689077 -0.23689077 -0.23689077 -0.23689077 -0.23689077
 -0.23689077 -0.23689077 -0.23689077 -0.23689077  1.44230523  4.86029467
 -0.23689077 -0.23689077 -0.23689077 -0.23689077 -0.23689077 -0.23689077
 -0.23689077 -0.23689077 -0.23689077 -0.23689077 -0.23689077 -0.23689077
 -0.23689077 -0.23689077 -0.23689077 -0.23689077 -0.23689077 -0.23689077
 -0.23689077 -0.23689077 -0.23689077 -0.23689077 -0.23689077 -0.23689077
 -0.23689077 -0.23689077 -0.23689077 -0.23689077 -0.23689077  2.9109047
 -0.23689077 -0.23689077 -0.23689077 -0.23689077 -0.23689077 -0.23689077
 -0.23689077 -0.23689077 -0.23689077 -0.23689077 -0.23689077 -0.23689077
 -0.23689077 -0.23689077 -0.23689077 -0.23689077  5.07819237 -0.23689077
 -0.23689077 -0.23689077 -0.23689077 -0.23689077 -0.23689077 -0.23689077
 -0.23689077 -0.23689077 -0.23689077 -0.23689077 -0.23689077 -0.23689077
 -0.23689077 -0.23689077 -0.23689077  2.05834653 -0.23689077 -0.23689077
 -0.23689077 -0.23689077 -0.23689077 -0.23689077]",[-0.00977488975924018]
2,"[-0.24378347 -0.24378347 -0.24378347 -0.24378347 -0.24378347 -0.24378347
 -0.24378347 -0.24378347 -0.24378347 -0.24378347 -0.24378347 -0.24378347
 -0.24378347 -0.24378347 -0.24378347 -0.24378347  3.9627852  -0.24378347
 -0.24378347 -0.24378347  6.56383259 -0.24378347 -0.24378347 -0.24378347
 -0.24378347  1.54511027 -0.24378347 -0.24378347 -0.24378347 -0.24378347
 -0.24378347 -0.24378347 -0.24378347 -0.24378347 -0.24378347 -0.24378347
 -0.24378347 -0.24378347 -0.24378347 -0.24378347 -0.24378347 -0.24378347
  2.36564024 -0.24378347 -0.24378347 -0.24378347 -0.24378347 -0.24378347
 -0.24378347 -0.24378347 -0.24378347 -0.24378347 -0.24378347 -0.24378347
 -0.24378347 -0.24378347 -0.24378347 -0.24378347 -0.24378347 -0.24378347
 -0.24378347 -0.24378347 -0.24378347 -0.24378347 -0.24378347 -0.24378347
 -0.24378347 -0.24378347  3.21715684 -0.24378347 -0.24378347 -0.24378347
 -0.24378347 -0.24378347 -0.24378347 -0.24378347 -0.24378347 -0.24378347
 -0.24378347 -0.24378347 -0.24378347 -0.24378347 -0.24378347 -0.24378347
 -0.24378347 -0.24378347 -0.24378347 -0.24378347  4.22806305 -0.24378347
 -0.24378347 -0.24378347 -0.24378347  1.22957259 -0.24378347 -0.24378347
 -0.24378347 -0.24378347 -0.24378347 -0.24378347 -0.24378347 -0.24378347
 -0.24378347 -0.24378347 -0.24378347 -0.24378347 -0.24378347 -0.24378347
 -0.24378347 -0.24378347 -0.24378347 -0.24378347 -0.24378347 -0.24378347
  3.53209832 -0.24378347 -0.24378347 -0.24378347 -0.24378347 -0.24378347
 -0.24378347 -0.24378347 -0.24378347 -0.24378347 -0.24378347 -0.24378347
 -0.24378347 -0.24378347  3.27575001 -0.24378347 -0.24378347  3.98348156
 -0.24378347 -0.24378347 -0.24378347 -0.24378347 -0.24378347  0.87516423
 -0.24378347 -0.24378347 -0.24378347 -0.24378347 -0.24378347 -0.24378347
 -0.24378347 -0.24378347 -0.24378347 -0.24378347 -0.24378347 -0.24378347
 -0.24378347 -0.24378347 -0.24378347 -0.24378347 -0.24378347 -0.24378347
 -0.24378347 -0.24378347 -0.24378347 -0.24378347 -0.24378347 -0.24378347
 -0.24378347  3.50368008 -0.24378347 -0.24378347 -0.24378347 -0.24378347
 -0.24378347 -0.24378347 -0.24378347 -0.24378347 -0.24378347 -0.24378347
 -0.24378347 -0.24378347 -0.24378347 -0.24378347 -0.24378347 -0.24378347
 -0.24378347 -0.24378347 -0.24378347 -0.24378347 -0.24378347 -0.24378347
 -0.24378347 -0.24378347 -0.24378347 -0.24378347  2.11443054  4.55834124
 -0.24378347 -0.24378347 -0.24378347 -0.24378347 -0.24378347  1.04522237
 -0.24378347 -0.24378347 -0.24378347 -0.24378347 -0.24378347 -0.24378347
 -0.24378347 -0.24378347 -0.24378347 -0.24378347 -0.24378347 -0.24378347
 -0.24378347 -0.24378347 -0.24378347 -0.24378347 -0.24378347 -0.24378347
 -0.24378347 -0.24378347 -0.24378347 -0.24378347  1.97679492 -0.24378347
 -0.24378347 -0.24378347 -0.24378347 -0.24378347 -0.24378347 -0.24378347
 -0.24378347 -0.24378347 -0.24378347 -0.24378347 -0.24378347 -0.24378347
 -0.24378347 -0.24378347 -0.24378347 -0.24378347  6.85512501 -0.24378347
 -0.24378347 -0.24378347 -0.24378347 -0.24378347 -0.24378347 -0.24378347
 -0.24378347 -0.24378347 -0.24378347 -0.24378347 -0.24378347 -0.24378347
 -0.24378347 -0.24378347 -0.24378347  4.65091735 -0.24378347 -0.24378347
 -0.24378347 -0.24378347 -0.24378347 -0.24378347]",[-0.08681506191320953]
2,"[-0.21290598 -0.21290598 -0.21290598 -0.21290598 -0.21290598 -0.21290598
  1.50125008 -0.21290598 -0.21290598 -0.21290598 -0.21290598 -0.21290598
 -0.21290598 -0.21290598 -0.21290598 -0.21290598 -0.21290598 -0.21290598
 -0.21290598 -0.21290598  8.53031022  3.28943961  6.97933979 -0.21290598
  4.19513155 -0.21290598 -0.21290598 -0.21290598 -0.21290598 -0.21290598
 -0.21290598  2.06051021 -0.21290598 -0.21290598 -0.21290598 -0.21290598
 -0.21290598 -0.21290598 -0.21290598 -0.21290598 -0.21290598 -0.21290598
  2.09753634 -0.21290598 -0.21290598 -0.21290598 -0.21290598 -0.21290598
 -0.21290598 -0.21290598 -0.21290598 -0.21290598 -0.21290598 -0.21290598
 -0.21290598 -0.21290598 -0.21290598 -0.21290598 -0.21290598 -0.21290598
 -0.21290598 -0.21290598 -0.21290598 -0.21290598 -0.21290598 -0.21290598
 -0.21290598 -0.21290598 -0.21290598 -0.21290598 -0.21290598 -0.21290598
 -0.21290598 -0.21290598 -0.21290598 -0.21290598 -0.21290598 -0.21290598
 -0.21290598 -0.21290598 -0.21290598 -0.21290598  2.09753634 -0.21290598
 -0.21290598 -0.21290598 -0.21290598 -0.21290598  4.14293659 -0.21290598
 -0.21290598 -0.21290598 -0.21290598 -0.21290598 -0.21290598 -0.21290598
 -0.21290598 -0.21290598 -0.21290598 -0.21290598 -0.21290598 -0.21290598
 -0.21290598 -0.21290598 -0.21290598 -0.21290598 -0.21290598 -0.21290598
 -0.21290598 -0.21290598 -0.21290598 -0.21290598 -0.21290598 -0.21290598
  3.49001953 -0.21290598 -0.21290598 -0.21290598 -0.21290598 -0.21290598
 -0.21290598 -0.21290598 -0.21290598 -0.21290598 -0.21290598 -0.21290598
 -0.21290598 -0.21290598 -0.21290598 -0.21290598 -0.21290598 -0.21290598
 -0.21290598 -0.21290598 -0.21290598 -0.21290598 -0.21290598 -0.21290598
 -0.21290598 -0.21290598 -0.21290598 -0.21290598 -0.21290598 -0.21290598
 -0.21290598 -0.21290598 -0.21290598 -0.21290598 -0.21290598 -0.21290598
 -0.21290598 -0.21290598 -0.21290598 -0.21290598 -0.21290598 -0.21290598
 -0.21290598 -0.21290598 -0.21290598 -0.21290598 -0.21290598 -0.21290598
 -0.21290598 -0.21290598 -0.21290598 -0.21290598  1.8076919  -0.21290598
 -0.21290598 -0.21290598  0.40249677 -0.21290598 -0.21290598 -0.21290598
 -0.21290598 -0.21290598 -0.21290598 -0.21290598 -0.21290598 -0.21290598
 -0.21290598 -0.21290598 -0.21290598 -0.21290598 -0.21290598 -0.21290598
 -0.21290598  3.7000397  -0.21290598 -0.21290598 -0.21290598 -0.21290598
 -0.21290598 -0.21290598 -0.21290598 -0.21290598 -0.21290598 -0.21290598
 -0.21290598 -0.21290598 -0.21290598 -0.21290598 -0.21290598  2.60526804
 -0.21290598 -0.21290598 -0.21290598 -0.21290598 -0.21290598 -0.21290598
 -0.21290598 -0.21290598 -0.21290598 -0.21290598 -0.21290598 -0.21290598
 -0.21290598 -0.21290598 -0.21290598 -0.21290598 -0.21290598 -0.21290598
 -0.21290598 -0.21290598 -0.21290598 -0.21290598 -0.21290598 -0.21290598
 -0.21290598 -0.21290598 -0.21290598 -0.21290598 -0.21290598 -0.21290598
 -0.21290598 -0.21290598 -0.21290598 -0.21290598  5.68827118 -0.21290598
 -0.21290598 -0.21290598 -0.21290598 -0.21290598 -0.21290598 -0.21290598
 -0.21290598 -0.21290598 -0.21290598 -0.21290598 -0.21290598 -0.21290598
 -0.21290598 -0.21290598 -0.21290598 -0.21290598 -0.21290598 -0.21290598
 -0.21290598 -0.21290598 -0.21290598 -0.21290598]",[-0.22853153196467663]
2,"[-0.30218493 -0.30218493 -0.30218493 -0.30218493 -0.30218493 -0.30218493
 -0.30218493 -0.30218493 -0.30218493 -0.30218493 -0.30218493 -0.30218493
 -0.30218493 -0.30218493 -0.30218493 -0.30218493  1.6890257  -0.30218493
 -0.30218493 -0.30218493  5.98739044 -0.30218493 -0.30218493 -0.30218493
 -0.30218493 -0.30218493 -0.30218493 -0.30218493 -0.30218493 -0.30218493
 -0.30218493 -0.30218493 -0.30218493 -0.30218493 -0.30218493 -0.30218493
 -0.30218493 -0.30218493 -0.30218493 -0.30218493 -0.30218493 -0.30218493
 -0.30218493 -0.30218493 -0.30218493 -0.30218493 -0.30218493 -0.30218493
 -0.30218493 -0.30218493 -0.30218493 -0.30218493  1.78373036 -0.30218493
  0.63105381 -0.30218493 -0.30218493 -0.30218493 -0.30218493 -0.30218493
 -0.30218493 -0.30218493 -0.30218493 -0.30218493 -0.30218493 -0.30218493
 -0.30218493 -0.30218493 -0.30218493 -0.30218493 -0.30218493 -0.30218493
 -0.30218493 -0.30218493 -0.30218493 -0.30218493 -0.30218493 -0.30218493
 -0.30218493 -0.30218493 -0.30218493 -0.30218493 -0.30218493 -0.30218493
 -0.30218493 -0.30218493 -0.30218493 -0.30218493  3.60633102 -0.30218493
 -0.30218493 -0.30218493 -0.30218493  3.40121407 -0.30218493 -0.30218493
  2.54643681 -0.30218493  1.46319306 -0.30218493 -0.30218493 -0.30218493
 -0.30218493  1.62306217 -0.30218493  2.98751328 -0.30218493 -0.30218493
 -0.30218493 -0.30218493 -0.30218493 -0.30218493 -0.30218493 -0.30218493
  2.95799203  2.72798428 -0.30218493 -0.30218493 -0.30218493 -0.30218493
 -0.30218493 -0.30218493 -0.30218493 -0.30218493 -0.30218493  2.7201377
 -0.30218493 -0.30218493 -0.30218493  4.27730818 -0.30218493  2.20900738
 -0.30218493 -0.30218493 -0.30218493 -0.30218493  0.09402623  2.23495595
 -0.30218493 -0.30218493 -0.30218493 -0.30218493 -0.30218493 -0.30218493
 -0.30218493 -0.30218493 -0.30218493 -0.30218493 -0.30218493 -0.30218493
 -0.30218493 -0.30218493  5.03939322 -0.30218493  1.63295753 -0.30218493
 -0.30218493 -0.30218493 -0.30218493 -0.30218493 -0.30218493 -0.30218493
 -0.30218493  3.23293744 -0.30218493 -0.30218493  2.93178218 -0.30218493
 -0.30218493 -0.30218493 -0.30218493 -0.30218493 -0.30218493 -0.30218493
 -0.30218493 -0.30218493 -0.30218493 -0.30218493 -0.30218493 -0.30218493
 -0.30218493 -0.30218493 -0.30218493 -0.30218493 -0.30218493 -0.30218493
 -0.30218493 -0.30218493 -0.30218493 -0.30218493  1.99266402  4.26304518
 -0.30218493 -0.30218493 -0.30218493 -0.30218493 -0.30218493  2.11834951
 -0.30218493 -0.30218493 -0.30218493 -0.30218493 -0.30218493 -0.30218493
 -0.30218493 -0.30218493 -0.30218493 -0.30218493 -0.30218493 -0.30218493
 -0.30218493 -0.30218493 -0.30218493 -0.30218493 -0.30218493 -0.30218493
 -0.30218493 -0.30218493 -0.30218493 -0.30218493 -0.30218493 -0.30218493
 -0.30218493 -0.30218493 -0.30218493 -0.30218493 -0.30218493 -0.30218493
 -0.30218493 -0.30218493 -0.30218493 -0.30218493 -0.30218493 -0.30218493
 -0.30218493 -0.30218493 -0.30218493 -0.30218493  4.63943419 -0.30218493
 -0.30218493 -0.30218493 -0.30218493 -0.30218493 -0.30218493 -0.30218493
 -0.30218493 -0.30218493 -0.30218493 -0.30218493 -0.30218493 -0.30218493
 -0.30218493 -0.30218493 -0.30218493  2.5247169  -0.30218493 -0.30218493
 -0.30218493 -0.30218493 -0.30218493 -0.30218493]",[0.014239948687498338]
2,"[-0.26421294 -0.26421294 -0.26421294 -0.26421294 -0.26421294 -0.26421294
 -0.26421294 -0.26421294 -0.26421294 -0.26421294 -0.26421294 -0.26421294
 -0.26421294 -0.26421294 -0.26421294 -0.26421294  2.78595826 -0.26421294
 -0.26421294 -0.26421294  6.87892519 -0.26421294  5.42918205 -0.26421294
 -0.26421294  1.79841257 -0.26421294 -0.26421294 -0.26421294 -0.26421294
 -0.26421294 -0.26421294 -0.26421294 -0.26421294 -0.26421294 -0.26421294
 -0.26421294 -0.26421294 -0.26421294 -0.26421294 -0.26421294 -0.26421294
 -0.26421294 -0.26421294 -0.26421294 -0.26421294 -0.26421294 -0.26421294
 -0.26421294 -0.26421294 -0.26421294 -0.26421294  1.98366645 -0.26421294
 -0.26421294 -0.26421294 -0.26421294 -0.26421294 -0.26421294 -0.26421294
 -0.26421294 -0.26421294 -0.26421294 -0.26421294 -0.26421294 -0.26421294
 -0.26421294 -0.26421294 -0.26421294 -0.26421294 -0.26421294 -0.26421294
 -0.26421294 -0.26421294 -0.26421294 -0.26421294 -0.26421294 -0.26421294
 -0.26421294 -0.26421294 -0.26421294 -0.26421294  1.74793704 -0.26421294
 -0.26421294 -0.26421294 -0.26421294 -0.26421294  1.88908993 -0.26421294
 -0.26421294 -0.26421294 -0.26421294  1.81812583 -0.26421294 -0.26421294
 -0.26421294 -0.26421294 -0.26421294 -0.26421294 -0.26421294 -0.26421294
 -0.26421294 -0.26421294 -0.26421294 -0.26421294 -0.26421294  2.33436304
 -0.26421294 -0.26421294  2.00533752 -0.26421294 -0.26421294 -0.26421294
  3.86814623 -0.26421294 -0.26421294 -0.26421294 -0.26421294 -0.26421294
 -0.26421294 -0.26421294 -0.26421294 -0.26421294 -0.26421294 -0.26421294
 -0.26421294 -0.26421294  2.86307457 -0.26421294 -0.26421294 -0.26421294
 -0.26421294 -0.26421294 -0.26421294 -0.26421294 -0.26421294 -0.26421294
 -0.26421294 -0.26421294 -0.26421294 -0.26421294 -0.26421294  2.86515094
 -0.26421294 -0.26421294 -0.26421294 -0.26421294 -0.26421294 -0.26421294
 -0.26421294 -0.26421294 -0.26421294 -0.26421294 -0.26421294 -0.26421294
 -0.26421294 -0.26421294 -0.26421294 -0.26421294 -0.26421294 -0.26421294
 -0.26421294 -0.26421294 -0.26421294 -0.26421294  2.07283574 -0.26421294
 -0.26421294 -0.26421294 -0.26421294 -0.26421294 -0.26421294 -0.26421294
 -0.26421294 -0.26421294 -0.26421294 -0.26421294 -0.26421294 -0.26421294
 -0.26421294 -0.26421294 -0.26421294 -0.26421294 -0.26421294 -0.26421294
 -0.26421294 -0.26421294 -0.26421294 -0.26421294  1.46403554  6.34322629
  2.81789241 -0.26421294  1.59707902 -0.26421294 -0.26421294 -0.26421294
 -0.26421294 -0.26421294 -0.26421294 -0.26421294 -0.26421294 -0.26421294
 -0.26421294 -0.26421294 -0.26421294 -0.26421294 -0.26421294 -0.26421294
 -0.26421294 -0.26421294 -0.26421294 -0.26421294 -0.26421294 -0.26421294
 -0.26421294 -0.26421294 -0.26421294 -0.26421294 -0.26421294 -0.26421294
 -0.26421294 -0.26421294 -0.26421294 -0.26421294 -0.26421294 -0.26421294
 -0.26421294 -0.26421294 -0.26421294 -0.26421294 -0.26421294 -0.26421294
 -0.26421294 -0.26421294 -0.26421294 -0.26421294  5.40263205 -0.26421294
 -0.26421294 -0.26421294 -0.26421294 -0.26421294 -0.26421294 -0.26421294
 -0.26421294 -0.26421294 -0.26421294 -0.26421294 -0.26421294  2.75240242
 -0.26421294 -0.26421294 -0.26421294  2.95784517 -0.26421294 -0.26421294
 -0.26421294 -0.26421294 -0.26421294 -0.26421294]",[-0.06301770468250795]
2,"[-0.34983666 -0.34983666 -0.34983666 -0.34983666 -0.34983666 -0.34983666
  1.98162768 -0.34983666 -0.34983666 -0.34983666 -0.34983666 -0.34983666
 -0.34983666 -0.34983666 -0.34983666 -0.34983666  2.08900162 -0.34983666
 -0.34983666 -0.34983666  5.63912399  2.39728413  4.08239824 -0.34983666
 -0.34983666 -0.34983666 -0.34983666 -0.34983666  3.19630706 -0.34983666
 -0.34983666 -0.34983666 -0.34983666 -0.34983666 -0.34983666 -0.34983666
 -0.34983666  2.71091625  2.47090914 -0.34983666 -0.34983666 -0.34983666
 -0.34983666 -0.34983666 -0.34983666 -0.34983666 -0.34983666 -0.34983666
  1.64386074 -0.34983666 -0.34983666 -0.34983666  0.01645364  4.06997799
 -0.34983666 -0.34983666 -0.34983666 -0.34983666 -0.34983666 -0.34983666
 -0.34983666 -0.34983666  1.65388847 -0.34983666 -0.34983666 -0.34983666
 -0.34983666 -0.34983666  1.41374011 -0.34983666 -0.34983666 -0.34983666
 -0.34983666 -0.34983666 -0.34983666 -0.34983666 -0.34983666 -0.34983666
 -0.34983666 -0.34983666 -0.34983666 -0.34983666 -0.34983666 -0.34983666
 -0.34983666 -0.34983666  1.11532454 -0.34983666  2.76211262 -0.34983666
 -0.34983666 -0.34983666  1.22179676 -0.34983666 -0.34983666 -0.34983666
 -0.34983666 -0.34983666  1.61258267 -0.34983666 -0.34983666 -0.34983666
 -0.34983666 -0.34983666  1.77734111 -0.34983666 -0.34983666 -0.34983666
 -0.34983666 -0.34983666 -0.34983666 -0.34983666 -0.34983666 -0.34983666
  2.46136108 -0.34983666 -0.34983666  1.69219837  2.3590551  -0.34983666
 -0.34983666 -0.34983666 -0.34983666 -0.34983666 -0.34983666 -0.34983666
 -0.34983666 -0.34983666  2.31019823 -0.34983666 -0.34983666  3.99985381
 -0.34983666 -0.34983666 -0.34983666 -0.34983666 -0.34983666  0.09130817
 -0.34983666 -0.34983666 -0.34983666 -0.34983666 -0.34983666 -0.34983666
 -0.34983666 -0.34983666 -0.34983666 -0.34983666 -0.34983666 -0.34983666
 -0.34983666 -0.34983666 -0.34983666 -0.34983666 -0.34983666 -0.34983666
 -0.34983666 -0.34983666 -0.34983666 -0.34983666 -0.34983666  2.24623223
 -0.34983666 -0.34983666 -0.34983666 -0.34983666  1.92700091 -0.34983666
 -0.34983666 -0.34983666 -0.34983666 -0.34983666 -0.34983666 -0.34983666
  1.66895349 -0.34983666 -0.34983666 -0.34983666 -0.34983666 -0.34983666
 -0.34983666 -0.34983666 -0.34983666 -0.34983666 -0.34983666 -0.34983666
 -0.34983666  2.11453534 -0.34983666 -0.34983666 -0.34983666  4.2658408
 -0.34983666 -0.34983666 -0.34983666 -0.34983666 -0.34983666 -0.34983666
 -0.34983666 -0.34983666 -0.34983666 -0.34983666 -0.34983666  1.72791772
 -0.34983666 -0.34983666 -0.34983666 -0.34983666 -0.34983666 -0.34983666
 -0.34983666 -0.34983666 -0.34983666 -0.34983666 -0.34983666 -0.34983666
 -0.34983666 -0.34983666 -0.34983666 -0.34983666  1.02554221 -0.34983666
 -0.34983666 -0.34983666 -0.34983666  3.03147011 -0.34983666 -0.34983666
 -0.34983666 -0.34983666 -0.34983666 -0.34983666 -0.34983666 -0.34983666
 -0.34983666 -0.34983666 -0.34983666 -0.34983666  3.73536923 -0.34983666
 -0.34983666 -0.34983666 -0.34983666 -0.34983666 -0.34983666 -0.34983666
 -0.34983666 -0.34983666 -0.34983666 -0.34983666 -0.34983666 -0.34983666
 -0.34983666 -0.34983666 -0.34983666  3.25127581 -0.34983666 -0.34983666
 -0.34983666 -0.34983666 -0.34983666 -0.34983666]",[0.013410648958276095]
2,"[-0.29683878 -0.29683878 -0.29683878 -0.29683878 -0.29683878 -0.29683878
  2.16473786 -0.29683878 -0.29683878 -0.29683878 -0.29683878 -0.29683878
 -0.29683878 -0.29683878 -0.29683878 -0.29683878  2.5609296  -0.29683878
 -0.29683878 -0.29683878  6.36015236  2.84600298  5.46661375 -0.29683878
 -0.29683878  1.46128652 -0.29683878 -0.29683878 -0.29683878 -0.29683878
 -0.29683878 -0.29683878 -0.29683878 -0.29683878 -0.29683878 -0.29683878
 -0.29683878 -0.29683878 -0.29683878 -0.29683878 -0.29683878 -0.29683878
 -0.29683878 -0.29683878 -0.29683878 -0.29683878 -0.29683878 -0.29683878
 -0.29683878 -0.29683878 -0.29683878 -0.29683878  1.63763575 -0.29683878
  1.26698335 -0.29683878 -0.29683878 -0.29683878 -0.29683878 -0.29683878
 -0.29683878 -0.29683878 -0.29683878 -0.29683878 -0.29683878 -0.29683878
 -0.29683878 -0.29683878  2.19858378 -0.29683878 -0.29683878 -0.29683878
 -0.29683878 -0.29683878 -0.29683878 -0.29683878 -0.29683878 -0.29683878
 -0.29683878 -0.29683878 -0.29683878 -0.29683878  1.68619136 -0.29683878
 -0.29683878 -0.29683878 -0.29683878 -0.29683878  3.13495919 -0.29683878
 -0.29683878 -0.29683878 -0.29683878 -0.29683878 -0.29683878 -0.29683878
 -0.29683878 -0.29683878 -0.29683878 -0.29683878 -0.29683878 -0.29683878
 -0.29683878 -0.29683878 -0.29683878 -0.29683878 -0.29683878 -0.29683878
  1.68619136 -0.29683878  2.36826233 -0.29683878 -0.29683878 -0.29683878
  4.09131056 -0.29683878  4.05024859 -0.29683878 -0.29683878 -0.29683878
 -0.29683878 -0.29683878 -0.29683878 -0.29683878 -0.29683878 -0.29683878
 -0.29683878 -0.29683878  1.73097904 -0.29683878 -0.29683878 -0.29683878
 -0.29683878 -0.29683878 -0.29683878 -0.29683878 -0.29683878 -0.29683878
 -0.29683878 -0.29683878 -0.29683878 -0.29683878 -0.29683878 -0.29683878
 -0.29683878 -0.29683878 -0.29683878 -0.29683878 -0.29683878 -0.29683878
 -0.29683878 -0.29683878 -0.29683878 -0.29683878 -0.29683878 -0.29683878
 -0.29683878 -0.29683878 -0.29683878 -0.29683878 -0.29683878  2.73620005
 -0.29683878 -0.29683878 -0.29683878  1.46128652 -0.29683878 -0.29683878
 -0.29683878 -0.29683878 -0.29683878 -0.29683878 -0.29683878 -0.29683878
 -0.29683878 -0.29683878 -0.29683878 -0.29683878 -0.29683878 -0.29683878
 -0.29683878 -0.29683878 -0.29683878 -0.29683878 -0.29683878 -0.29683878
 -0.29683878  2.10026895 -0.29683878 -0.29683878  3.55825966  4.52736163
 -0.29683878 -0.29683878 -0.29683878 -0.29683878 -0.29683878 -0.29683878
 -0.29683878 -0.29683878 -0.29683878 -0.29683878 -0.29683878  2.73620005
 -0.29683878 -0.29683878 -0.29683878 -0.29683878 -0.29683878 -0.29683878
 -0.29683878 -0.29683878 -0.29683878 -0.29683878 -0.29683878 -0.29683878
 -0.29683878 -0.29683878 -0.29683878 -0.29683878  2.16473786 -0.29683878
 -0.29683878 -0.29683878 -0.29683878 -0.29683878 -0.29683878 -0.29683878
 -0.29683878 -0.29683878 -0.29683878 -0.29683878 -0.29683878 -0.29683878
 -0.29683878 -0.29683878 -0.29683878 -0.29683878  4.4735853  -0.29683878
 -0.29683878 -0.29683878 -0.29683878 -0.29683878 -0.29683878 -0.29683878
 -0.29683878 -0.29683878 -0.29683878 -0.29683878 -0.29683878 -0.29683878
 -0.29683878 -0.29683878  1.88182358 -0.29683878 -0.29683878 -0.29683878
 -0.29683878 -0.29683878 -0.29683878 -0.29683878]",[-0.0018490860502869966]
2,"[-0.33570557 -0.33570557 -0.33570557 -0.33570557 -0.33570557 -0.33570557
 -0.33570557 -0.33570557 -0.33570557 -0.33570557 -0.33570557 -0.33570557
 -0.33570557 -0.33570557 -0.33570557 -0.33570557  3.30432939 -0.33570557
 -0.33570557 -0.33570557  5.7556625   2.6059494   4.92694464 -0.33570557
 -0.33570557  0.63798898 -0.33570557 -0.33570557 -0.33570557 -0.33570557
 -0.33570557  1.564399   -0.33570557 -0.33570557 -0.33570557 -0.33570557
 -0.33570557  2.01774171 -0.33570557 -0.33570557 -0.33570557 -0.33570557
  1.98075947 -0.33570557 -0.33570557 -0.33570557 -0.33570557 -0.33570557
 -0.33570557 -0.33570557 -0.33570557 -0.33570557  0.53891011 -0.33570557
 -0.33570557 -0.33570557 -0.33570557 -0.33570557 -0.33570557 -0.33570557
 -0.33570557 -0.33570557 -0.33570557 -0.33570557 -0.33570557 -0.33570557
 -0.33570557 -0.33570557 -0.33570557 -0.33570557 -0.33570557 -0.33570557
 -0.33570557 -0.33570557 -0.33570557 -0.33570557 -0.33570557 -0.33570557
 -0.33570557 -0.33570557 -0.33570557 -0.33570557  2.11562754 -0.33570557
 -0.33570557 -0.33570557 -0.33570557 -0.33570557  3.70042199 -0.33570557
 -0.33570557 -0.33570557  1.64310438 -0.33570557 -0.33570557 -0.33570557
 -0.33570557 -0.33570557 -0.33570557 -0.33570557  2.89378559 -0.33570557
 -0.33570557 -0.33570557 -0.33570557 -0.33570557 -0.33570557 -0.33570557
 -0.33570557 -0.33570557 -0.33570557 -0.33570557 -0.33570557 -0.33570557
  3.94945862 -0.33570557  2.76570523 -0.33570557  1.35817323 -0.33570557
 -0.33570557 -0.33570557 -0.33570557 -0.33570557 -0.33570557  2.42567832
 -0.33570557 -0.33570557 -0.33570557  2.49922677 -0.33570557 -0.33570557
 -0.33570557 -0.33570557 -0.33570557  1.63627729 -0.33570557 -0.33570557
 -0.33570557  1.06410218 -0.33570557 -0.33570557 -0.33570557  1.83058559
 -0.33570557 -0.33570557 -0.33570557 -0.33570557 -0.33570557 -0.33570557
 -0.33570557 -0.33570557  2.89378559 -0.33570557 -0.33570557 -0.33570557
 -0.33570557 -0.33570557 -0.33570557 -0.33570557 -0.33570557 -0.33570557
 -0.33570557 -0.33570557 -0.33570557 -0.33570557  2.95657596 -0.33570557
 -0.33570557  0.99741228 -0.33570557 -0.33570557 -0.33570557 -0.33570557
 -0.33570557 -0.33570557  0.33152995 -0.33570557 -0.33570557 -0.33570557
 -0.33570557 -0.33570557 -0.33570557 -0.33570557 -0.33570557 -0.33570557
 -0.33570557 -0.33570557 -0.33570557 -0.33570557  3.31538406  3.69842894
 -0.33570557 -0.33570557 -0.33570557 -0.33570557 -0.33570557 -0.33570557
 -0.33570557 -0.33570557 -0.33570557 -0.33570557 -0.33570557 -0.33570557
 -0.33570557 -0.33570557 -0.33570557 -0.33570557 -0.33570557 -0.33570557
 -0.33570557 -0.33570557 -0.33570557 -0.33570557 -0.33570557 -0.33570557
 -0.33570557 -0.33570557  1.11122261 -0.33570557 -0.33570557 -0.33570557
 -0.33570557 -0.33570557 -0.33570557 -0.33570557 -0.33570557 -0.33570557
 -0.33570557 -0.33570557 -0.33570557 -0.33570557 -0.33570557 -0.33570557
  2.64489365 -0.33570557 -0.33570557 -0.33570557  4.18028356 -0.33570557
 -0.33570557 -0.33570557 -0.33570557 -0.33570557 -0.33570557 -0.33570557
 -0.33570557 -0.33570557 -0.33570557 -0.33570557 -0.33570557 -0.33570557
 -0.33570557 -0.33570557 -0.33570557  1.68235821 -0.33570557 -0.33570557
 -0.33570557 -0.33570557 -0.33570557  2.18557347]",[0.028227862993129738]
2,"[-0.33314594 -0.33314594 -0.33314594 -0.33314594 -0.33314594 -0.33314594
  0.59692946 -0.33314594 -0.33314594 -0.33314594 -0.33314594 -0.33314594
 -0.33314594 -0.33314594 -0.33314594 -0.33314594 -0.33314594 -0.33314594
 -0.33314594 -0.33314594  3.649521   -0.33314594 -0.33314594 -0.33314594
 -0.33314594 -0.33314594 -0.33314594 -0.33314594 -0.33314594 -0.33314594
 -0.33314594 -0.33314594 -0.33314594 -0.33314594 -0.33314594 -0.33314594
 -0.33314594 -0.33314594 -0.33314594 -0.33314594 -0.33314594 -0.33314594
 -0.33314594 -0.33314594 -0.33314594 -0.33314594 -0.33314594 -0.33314594
 -0.33314594 -0.33314594 -0.33314594 -0.33314594  0.93807035 -0.33314594
  1.40337163 -0.33314594 -0.33314594 -0.33314594 -0.33314594 -0.33314594
 -0.33314594 -0.33314594 -0.33314594 -0.33314594 -0.33314594 -0.33314594
 -0.33314594 -0.33314594 -0.33314594 -0.33314594 -0.33314594 -0.33314594
 -0.33314594 -0.33314594 -0.33314594 -0.33314594 -0.33314594 -0.33314594
 -0.33314594 -0.33314594 -0.33314594 -0.33314594  1.1538721  -0.33314594
 -0.33314594 -0.33314594 -0.33314594 -0.33314594 -0.33314594 -0.33314594
 -0.33314594 -0.33314594 -0.33314594 -0.33314594 -0.33314594 -0.33314594
 -0.33314594 -0.33314594 -0.33314594 -0.33314594 -0.33314594 -0.33314594
 -0.33314594 -0.33314594 -0.33314594 -0.33314594 -0.33314594 -0.33314594
 -0.33314594 -0.33314594 -0.33314594 -0.33314594 -0.33314594 -0.33314594
  3.40915809 -0.33314594 -0.33314594  1.28853349  1.77355831 -0.33314594
 -0.33314594 -0.33314594 -0.33314594  1.65842149 -0.33314594 -0.33314594
 -0.33314594  3.11995076  3.32472667  2.23219082  1.58725234  2.82734829
 -0.33314594 -0.33314594 -0.33314594 -0.33314594 -0.33314594 -0.33314594
 -0.33314594 -0.33314594 -0.33314594 -0.33314594 -0.33314594  0.83804383
 -0.33314594 -0.33314594 -0.33314594 -0.33314594 -0.33314594 -0.33314594
 -0.33314594 -0.33314594 -0.33314594  1.48065204 -0.33314594 -0.33314594
 -0.33314594 -0.33314594 -0.33314594 -0.33314594 -0.33314594 -0.33314594
 -0.33314594  1.77125822 -0.33314594 -0.33314594 -0.33314594 -0.33314594
 -0.33314594 -0.33314594 -0.33314594 -0.33314594 -0.33314594 -0.33314594
 -0.33314594 -0.33314594 -0.33314594 -0.33314594 -0.33314594 -0.33314594
 -0.33314594 -0.33314594 -0.33314594 -0.33314594 -0.33314594 -0.33314594
 -0.33314594  1.02105313 -0.33314594 -0.33314594  2.66042971  4.44841421
  2.86725663 -0.33314594 -0.33314594 -0.33314594 -0.33314594 -0.33314594
 -0.33314594 -0.33314594 -0.33314594 -0.33314594 -0.33314594 -0.33314594
 -0.33314594 -0.33314594 -0.33314594 -0.33314594 -0.33314594 -0.33314594
 -0.33314594  5.11241139  1.55423815  2.69001937 -0.33314594 -0.33314594
 -0.33314594 -0.33314594 -0.33314594 -0.33314594 -0.33314594 -0.33314594
 -0.33314594 -0.33314594 -0.33314594  3.72163824 -0.33314594 -0.33314594
 -0.33314594 -0.33314594 -0.33314594 -0.33314594 -0.33314594 -0.33314594
 -0.33314594 -0.33314594 -0.33314594 -0.33314594  3.23799221 -0.33314594
 -0.33314594 -0.33314594 -0.33314594 -0.33314594 -0.33314594 -0.33314594
 -0.33314594 -0.33314594 -0.33314594  3.23586756  4.13989018  1.34409607
 -0.33314594  3.50576917 -0.33314594  4.36477812 -0.33314594 -0.33314594
 -0.33314594 -0.33314594 -0.33314594 -0.33314594]",[-0.09284351937289292]
2,"[-0.19183648 -0.19183648 -0.19183648 -0.19183648 -0.19183648 -0.19183648
 -0.19183648 -0.19183648 -0.19183648 -0.19183648 -0.19183648 -0.19183648
 -0.19183648 -0.19183648 -0.19183648 -0.19183648 -0.19183648 -0.19183648
 -0.19183648 -0.19183648  8.81620898 -0.19183648 -0.19183648 -0.19183648
 -0.19183648 -0.19183648 -0.19183648 -0.19183648  1.73165179 -0.19183648
 -0.19183648 -0.19183648 -0.19183648 -0.19183648 -0.19183648 -0.19183648
 -0.19183648 -0.19183648 -0.19183648 -0.19183648 -0.19183648 -0.19183648
 -0.19183648 -0.19183648 -0.19183648 -0.19183648 -0.19183648 -0.19183648
 -0.19183648 -0.19183648 -0.19183648 -0.19183648 -0.19183648 -0.19183648
 -0.19183648 -0.19183648 -0.19183648 -0.19183648 -0.19183648 -0.19183648
 -0.19183648 -0.19183648 -0.19183648 -0.19183648 -0.19183648 -0.19183648
 -0.19183648 -0.19183648 -0.19183648 -0.19183648 -0.19183648 -0.19183648
 -0.19183648 -0.19183648 -0.19183648 -0.19183648 -0.19183648 -0.19183648
 -0.19183648 -0.19183648 -0.19183648  3.77784548  3.22750165 -0.19183648
 -0.19183648 -0.19183648 -0.19183648 -0.19183648 -0.19183648 -0.19183648
 -0.19183648 -0.19183648  6.21886832  5.87833777 -0.19183648 -0.19183648
 -0.19183648 -0.19183648 -0.19183648 -0.19183648 -0.19183648 -0.19183648
 -0.19183648 -0.19183648 -0.19183648 -0.19183648  4.30194186 -0.19183648
 -0.19183648 -0.19183648 -0.19183648 -0.19183648 -0.19183648 -0.19183648
  3.58594573 -0.19183648 -0.19183648 -0.19183648 -0.19183648 -0.19183648
 -0.19183648 -0.19183648 -0.19183648 -0.19183648 -0.19183648 -0.19183648
 -0.19183648 -0.19183648 -0.19183648 -0.19183648 -0.19183648 -0.19183648
 -0.19183648 -0.19183648 -0.19183648 -0.19183648 -0.19183648 -0.19183648
 -0.19183648 -0.19183648 -0.19183648 -0.19183648 -0.19183648 -0.19183648
 -0.19183648 -0.19183648 -0.19183648 -0.19183648 -0.19183648 -0.19183648
 -0.19183648 -0.19183648 -0.19183648 -0.19183648 -0.19183648 -0.19183648
 -0.19183648 -0.19183648 -0.19183648 -0.19183648 -0.19183648 -0.19183648
 -0.19183648 -0.19183648 -0.19183648 -0.19183648 -0.19183648 -0.19183648
 -0.19183648 -0.19183648 -0.19183648 -0.19183648 -0.19183648 -0.19183648
 -0.19183648 -0.19183648 -0.19183648 -0.19183648 -0.19183648 -0.19183648
 -0.19183648 -0.19183648 -0.19183648 -0.19183648 -0.19183648 -0.19183648
 -0.19183648 -0.19183648 -0.19183648 -0.19183648 -0.19183648  1.67349902
 -0.19183648 -0.19183648 -0.19183648 -0.19183648 -0.19183648 -0.19183648
 -0.19183648 -0.19183648 -0.19183648 -0.19183648 -0.19183648 -0.19183648
 -0.19183648 -0.19183648 -0.19183648 -0.19183648 -0.19183648 -0.19183648
 -0.19183648 -0.19183648 -0.19183648 -0.19183648 -0.19183648 -0.19183648
 -0.19183648 -0.19183648 -0.19183648 -0.19183648 -0.19183648 -0.19183648
 -0.19183648 -0.19183648 -0.19183648 -0.19183648 -0.19183648 -0.19183648
 -0.19183648 -0.19183648 -0.19183648 -0.19183648 -0.19183648 -0.19183648
 -0.19183648 -0.19183648 -0.19183648 -0.19183648  4.47678328 -0.19183648
 -0.19183648 -0.19183648 -0.19183648 -0.19183648 -0.19183648 -0.19183648
 -0.19183648 -0.19183648 -0.19183648 -0.19183648 -0.19183648 -0.19183648
 -0.19183648 -0.19183648 -0.19183648  4.46237288 -0.19183648 -0.19183648
 -0.19183648 -0.19183648 -0.19183648 -0.19183648]",[-0.16882287427492731]
2,"[-0.37250562 -0.37250562 -0.37250562  0.84273453 -0.37250562 -0.37250562
  1.84555913 -0.37250562 -0.37250562 -0.37250562 -0.37250562 -0.37250562
 -0.37250562 -0.37250562 -0.37250562 -0.37250562  1.91357319 -0.37250562
 -0.37250562 -0.37250562  5.69870922  2.85889718  4.92153645 -0.37250562
  3.36974959 -0.37250562 -0.37250562 -0.37250562  4.65046511 -0.37250562
 -0.37250562 -0.37250562 -0.37250562 -0.37250562 -0.37250562 -0.37250562
 -0.37250562 -0.37250562  2.27023312 -0.37250562 -0.37250562 -0.37250562
 -0.37250562  2.64588003 -0.37250562 -0.37250562 -0.37250562 -0.37250562
  2.15315883 -0.37250562 -0.37250562 -0.37250562 -0.37250562  2.51304654
 -0.37250562 -0.37250562 -0.37250562 -0.37250562 -0.37250562 -0.37250562
 -0.37250562 -0.37250562 -0.37250562 -0.37250562 -0.37250562 -0.37250562
 -0.37250562 -0.37250562 -0.37250562 -0.37250562 -0.37250562 -0.37250562
 -0.37250562 -0.37250562 -0.37250562 -0.37250562 -0.37250562 -0.37250562
 -0.37250562 -0.37250562 -0.37250562 -0.37250562 -0.37250562 -0.37250562
 -0.37250562 -0.37250562 -0.37250562 -0.37250562  1.85457706 -0.37250562
 -0.37250562 -0.37250562 -0.37250562 -0.37250562 -0.37250562 -0.37250562
 -0.37250562 -0.37250562 -0.37250562 -0.37250562  2.8884872  -0.37250562
 -0.37250562 -0.37250562 -0.37250562 -0.37250562 -0.37250562 -0.37250562
 -0.37250562 -0.37250562 -0.37250562 -0.37250562 -0.37250562 -0.37250562
  2.53729439 -0.37250562 -0.37250562 -0.37250562 -0.37250562 -0.37250562
 -0.37250562  1.2786798  -0.37250562 -0.37250562 -0.37250562 -0.37250562
 -0.37250562 -0.37250562 -0.37250562 -0.37250562 -0.37250562 -0.37250562
 -0.37250562 -0.37250562 -0.37250562  1.91357319 -0.37250562 -0.37250562
  1.85457706  2.84494992  1.85457706  1.5095123  -0.37250562 -0.37250562
  2.09821759 -0.37250562 -0.37250562  1.62012201  2.59770863 -0.37250562
 -0.37250562 -0.37250562 -0.37250562 -0.37250562 -0.37250562 -0.37250562
 -0.37250562 -0.37250562 -0.37250562  1.91357319 -0.37250562  1.95370982
 -0.37250562  1.91357319 -0.37250562 -0.37250562  2.54713885 -0.37250562
 -0.37250562  0.99140159  1.39436003 -0.37250562 -0.37250562 -0.37250562
  1.25567459 -0.37250562  1.21043038 -0.37250562 -0.37250562 -0.37250562
 -0.37250562 -0.37250562 -0.37250562 -0.37250562 -0.37250562 -0.37250562
 -0.37250562  1.2786798  -0.37250562 -0.37250562 -0.37250562  1.17044162
 -0.37250562 -0.37250562 -0.37250562 -0.37250562 -0.37250562 -0.37250562
 -0.37250562 -0.37250562 -0.37250562 -0.37250562 -0.37250562  2.28931769
 -0.37250562 -0.37250562 -0.37250562 -0.37250562 -0.37250562 -0.37250562
 -0.37250562 -0.37250562 -0.37250562 -0.37250562 -0.37250562 -0.37250562
 -0.37250562 -0.37250562 -0.37250562 -0.37250562 -0.37250562 -0.37250562
 -0.37250562 -0.37250562 -0.37250562 -0.37250562 -0.37250562 -0.37250562
 -0.37250562 -0.37250562 -0.37250562 -0.37250562 -0.37250562 -0.37250562
 -0.37250562 -0.37250562 -0.37250562 -0.37250562  1.87601568 -0.37250562
 -0.37250562 -0.37250562 -0.37250562 -0.37250562 -0.37250562 -0.37250562
 -0.37250562 -0.37250562 -0.37250562 -0.37250562 -0.37250562 -0.37250562
 -0.37250562 -0.37250562 -0.37250562 -0.37250562 -0.37250562 -0.37250562
 -0.37250562 -0.37250562 -0.37250562  3.4836282 ]",[0.0034905861386063664]
2,"[-0.33627498 -0.33627498 -0.33627498 -0.33627498 -0.33627498 -0.33627498
  1.58556013 -0.33627498 -0.33627498 -0.33627498 -0.33627498 -0.33627498
 -0.33627498 -0.33627498 -0.33627498 -0.33627498 -0.33627498 -0.33627498
 -0.33627498 -0.33627498  5.43545754 -0.33627498  4.1276441  -0.33627498
  3.80734414  1.61486794 -0.33627498 -0.33627498  2.54126327 -0.33627498
 -0.33627498 -0.33627498 -0.33627498 -0.33627498 -0.33627498 -0.33627498
 -0.33627498  3.56191682  2.7586685  -0.33627498 -0.33627498 -0.33627498
  5.98729439 -0.33627498 -0.33627498  3.46506882 -0.33627498 -0.33627498
  2.67200611 -0.33627498 -0.33627498 -0.33627498  0.752756   -0.33627498
 -0.33627498 -0.33627498 -0.33627498 -0.33627498 -0.33627498 -0.33627498
 -0.33627498 -0.33627498 -0.33627498 -0.33627498 -0.33627498 -0.33627498
 -0.33627498 -0.33627498 -0.33627498 -0.33627498 -0.33627498 -0.33627498
 -0.33627498 -0.33627498 -0.33627498 -0.33627498 -0.33627498 -0.33627498
 -0.33627498 -0.33627498 -0.33627498 -0.33627498 -0.33627498 -0.33627498
 -0.33627498 -0.33627498 -0.33627498 -0.33627498  2.54126327 -0.33627498
 -0.33627498 -0.33627498 -0.33627498 -0.33627498 -0.33627498 -0.33627498
 -0.33627498 -0.33627498 -0.33627498 -0.33627498 -0.33627498 -0.33627498
 -0.33627498 -0.33627498 -0.33627498 -0.33627498 -0.33627498  2.83880727
 -0.33627498 -0.33627498  2.12308383 -0.33627498 -0.33627498 -0.33627498
  2.31597825 -0.33627498  2.27887935  1.93293122  2.23180764 -0.33627498
 -0.33627498 -0.33627498 -0.33627498 -0.33627498 -0.33627498 -0.33627498
 -0.33627498 -0.33627498  2.55739267 -0.33627498  1.21540767  2.15660589
 -0.33627498 -0.33627498 -0.33627498 -0.33627498 -0.33627498  1.21540767
 -0.33627498 -0.33627498 -0.33627498 -0.33627498 -0.33627498 -0.33627498
 -0.33627498 -0.33627498 -0.33627498 -0.33627498 -0.33627498 -0.33627498
 -0.33627498 -0.33627498 -0.33627498 -0.33627498 -0.33627498 -0.33627498
 -0.33627498 -0.33627498 -0.33627498 -0.33627498 -0.33627498 -0.33627498
 -0.33627498  1.86417601 -0.33627498 -0.33627498 -0.33627498 -0.33627498
 -0.33627498 -0.33627498 -0.33627498 -0.33627498 -0.33627498 -0.33627498
 -0.33627498 -0.33627498 -0.33627498 -0.33627498 -0.33627498 -0.33627498
 -0.33627498 -0.33627498 -0.33627498 -0.33627498  1.61077391 -0.33627498
 -0.33627498  1.00571002 -0.33627498 -0.33627498 -0.33627498  2.55861435
 -0.33627498 -0.33627498  0.41921315 -0.33627498 -0.33627498 -0.33627498
  1.58556013 -0.33627498 -0.33627498 -0.33627498 -0.33627498 -0.33627498
 -0.33627498 -0.33627498 -0.33627498 -0.33627498 -0.33627498 -0.33627498
 -0.33627498 -0.33627498  1.15384553 -0.33627498 -0.33627498 -0.33627498
 -0.33627498 -0.33627498 -0.33627498 -0.33627498 -0.33627498 -0.33627498
 -0.33627498  1.56252596 -0.33627498 -0.33627498 -0.33627498 -0.33627498
 -0.33627498 -0.33627498 -0.33627498 -0.33627498 -0.33627498 -0.33627498
 -0.33627498 -0.33627498 -0.33627498 -0.33627498  3.86541289 -0.33627498
 -0.33627498 -0.33627498 -0.33627498 -0.33627498 -0.33627498 -0.33627498
 -0.33627498 -0.33627498 -0.33627498 -0.33627498 -0.33627498 -0.33627498
 -0.33627498 -0.33627498 -0.33627498 -0.33627498 -0.33627498 -0.33627498
 -0.33627498 -0.33627498 -0.33627498 -0.33627498]",[-0.03404233430439574]
2,"[-0.23662937 -0.23662937 -0.23662937 -0.23662937 -0.23662937 -0.23662937
  1.63290626 -0.23662937 -0.23662937 -0.23662937 -0.23662937 -0.23662937
 -0.23662937 -0.23662937 -0.23662937 -0.23662937 -0.23662937 -0.23662937
 -0.23662937 -0.23662937  6.48655078 -0.23662937  4.02538501 -0.23662937
  0.80534097 -0.23662937 -0.23662937 -0.23662937 -0.23662937 -0.23662937
 -0.23662937 -0.23662937 -0.23662937 -0.23662937 -0.23662937 -0.23662937
 -0.23662937 -0.23662937  0.59281784 -0.23662937 -0.23662937 -0.23662937
  6.95529193 -0.23662937 -0.23662937 -0.23662937 -0.23662937 -0.23662937
 -0.23662937 -0.23662937 -0.23662937 -0.23662937 -0.23662937 -0.23662937
 -0.23662937 -0.23662937 -0.23662937 -0.23662937 -0.23662937 -0.23662937
 -0.23662937 -0.23662937 -0.23662937 -0.23662937 -0.23662937 -0.23662937
 -0.23662937 -0.23662937 -0.23662937 -0.23662937 -0.23662937 -0.23662937
 -0.23662937 -0.23662937 -0.23662937 -0.23662937 -0.23662937 -0.23662937
 -0.23662937 -0.23662937 -0.23662937 -0.23662937 -0.23662937 -0.23662937
 -0.23662937 -0.23662937 -0.23662937 -0.23662937  5.59657407 -0.23662937
 -0.23662937 -0.23662937 -0.23662937 -0.23662937 -0.23662937 -0.23662937
 -0.23662937 -0.23662937 -0.23662937 -0.23662937  1.85065076 -0.23662937
 -0.23662937 -0.23662937 -0.23662937 -0.23662937 -0.23662937 -0.23662937
 -0.23662937 -0.23662937 -0.23662937 -0.23662937 -0.23662937 -0.23662937
  1.29468884 -0.23662937 -0.23662937 -0.23662937 -0.23662937 -0.23662937
 -0.23662937 -0.23662937 -0.23662937 -0.23662937 -0.23662937  4.36816994
 -0.23662937 -0.23662937 -0.23662937  3.86702028 -0.23662937  1.85065076
 -0.23662937 -0.23662937 -0.23662937 -0.23662937 -0.23662937 -0.23662937
 -0.23662937 -0.23662937 -0.23662937 -0.23662937 -0.23662937  3.08293045
 -0.23662937 -0.23662937 -0.23662937 -0.23662937 -0.23662937 -0.23662937
  3.6760821  -0.23662937 -0.23662937 -0.23662937 -0.23662937 -0.23662937
 -0.23662937 -0.23662937 -0.23662937 -0.23662937 -0.23662937 -0.23662937
 -0.23662937  3.41051537 -0.23662937 -0.23662937 -0.23662937 -0.23662937
 -0.23662937 -0.23662937 -0.23662937 -0.23662937 -0.23662937 -0.23662937
  1.71195682 -0.23662937 -0.23662937 -0.23662937 -0.23662937 -0.23662937
 -0.23662937 -0.23662937 -0.23662937 -0.23662937 -0.23662937 -0.23662937
 -0.23662937 -0.23662937 -0.23662937 -0.23662937 -0.23662937  1.64753524
 -0.23662937 -0.23662937 -0.23662937 -0.23662937 -0.23662937 -0.23662937
 -0.23662937 -0.23662937 -0.23662937 -0.23662937 -0.23662937 -0.23662937
 -0.23662937 -0.23662937 -0.23662937 -0.23662937 -0.23662937 -0.23662937
 -0.23662937 -0.23662937 -0.23662937 -0.23662937 -0.23662937 -0.23662937
 -0.23662937 -0.23662937 -0.23662937 -0.23662937 -0.23662937 -0.23662937
 -0.23662937 -0.23662937 -0.23662937 -0.23662937 -0.23662937 -0.23662937
 -0.23662937 -0.23662937 -0.23662937 -0.23662937 -0.23662937 -0.23662937
 -0.23662937 -0.23662937 -0.23662937 -0.23662937  4.88249933 -0.23662937
 -0.23662937 -0.23662937 -0.23662937 -0.23662937 -0.23662937 -0.23662937
 -0.23662937 -0.23662937 -0.23662937 -0.23662937 -0.23662937 -0.23662937
 -0.23662937 -0.23662937 -0.23662937 -0.23662937 -0.23662937 -0.23662937
 -0.23662937 -0.23662937 -0.23662937 -0.23662937]",[-0.059867457368508986]
2,"[-0.37250099 -0.37250099 -0.37250099  0.90722658 -0.37250099 -0.37250099
  1.24530081 -0.37250099 -0.37250099 -0.37250099 -0.37250099 -0.37250099
 -0.37250099 -0.37250099 -0.37250099 -0.37250099 -0.37250099 -0.37250099
 -0.37250099 -0.37250099  5.44023024  3.26875086  4.41994221 -0.37250099
  2.38544748 -0.37250099 -0.37250099 -0.37250099 -0.37250099 -0.37250099
 -0.37250099  1.67695433 -0.37250099 -0.37250099 -0.37250099 -0.37250099
 -0.37250099  1.40138829  2.19579777 -0.37250099 -0.37250099 -0.37250099
  3.83939326 -0.37250099  1.40138829 -0.37250099 -0.37250099 -0.37250099
 -0.37250099 -0.37250099 -0.37250099 -0.37250099 -0.37250099 -0.37250099
 -0.37250099 -0.37250099 -0.37250099 -0.37250099 -0.37250099 -0.37250099
 -0.37250099 -0.37250099 -0.37250099 -0.37250099 -0.37250099 -0.37250099
 -0.37250099 -0.37250099 -0.37250099 -0.37250099 -0.37250099 -0.37250099
 -0.37250099 -0.37250099 -0.37250099 -0.37250099 -0.37250099 -0.37250099
 -0.37250099 -0.37250099 -0.37250099 -0.37250099 -0.37250099 -0.37250099
 -0.37250099 -0.37250099 -0.37250099 -0.37250099  3.06375983 -0.37250099
 -0.37250099 -0.37250099 -0.37250099 -0.37250099 -0.37250099 -0.37250099
 -0.37250099 -0.37250099 -0.37250099 -0.37250099  2.85900494 -0.37250099
 -0.37250099 -0.37250099 -0.37250099 -0.37250099 -0.37250099 -0.37250099
 -0.37250099 -0.37250099  1.26783694 -0.37250099 -0.37250099 -0.37250099
  1.65993227  3.46468574 -0.37250099 -0.37250099 -0.37250099 -0.37250099
 -0.37250099 -0.37250099 -0.37250099 -0.37250099 -0.37250099  1.18381795
 -0.37250099 -0.37250099 -0.37250099  1.66368466 -0.37250099 -0.37250099
 -0.37250099 -0.37250099 -0.37250099 -0.37250099  1.44917414 -0.37250099
 -0.37250099 -0.37250099 -0.37250099 -0.37250099 -0.37250099  0.93008632
  2.02413997 -0.37250099  2.13639109  3.33401123 -0.37250099 -0.37250099
  2.89131193 -0.37250099 -0.37250099 -0.37250099 -0.37250099 -0.37250099
 -0.37250099 -0.37250099 -0.37250099 -0.37250099  2.51321821  1.61035678
 -0.37250099 -0.37250099 -0.37250099 -0.37250099  2.35365635 -0.37250099
 -0.37250099 -0.37250099 -0.37250099  1.80778478 -0.37250099 -0.37250099
  2.37397085 -0.37250099  0.74199086 -0.37250099 -0.37250099 -0.37250099
 -0.37250099 -0.37250099 -0.37250099 -0.37250099 -0.37250099 -0.37250099
 -0.37250099 -0.37250099 -0.37250099 -0.37250099  1.40909294  3.07413681
 -0.37250099 -0.37250099 -0.37250099 -0.37250099 -0.37250099 -0.37250099
 -0.37250099 -0.37250099 -0.37250099 -0.37250099 -0.37250099  2.42706387
 -0.37250099 -0.37250099 -0.37250099 -0.37250099 -0.37250099 -0.37250099
 -0.37250099 -0.37250099 -0.37250099 -0.37250099 -0.37250099 -0.37250099
 -0.37250099 -0.37250099 -0.37250099 -0.37250099  0.64976016 -0.37250099
 -0.37250099 -0.37250099 -0.37250099 -0.37250099 -0.37250099 -0.37250099
 -0.37250099 -0.37250099 -0.37250099 -0.37250099 -0.37250099  2.49067865
 -0.37250099 -0.37250099 -0.37250099 -0.37250099  3.16056089 -0.37250099
 -0.37250099 -0.37250099 -0.37250099 -0.37250099 -0.37250099 -0.37250099
 -0.37250099 -0.37250099 -0.37250099 -0.37250099 -0.37250099 -0.37250099
 -0.37250099 -0.37250099 -0.37250099 -0.37250099 -0.37250099 -0.37250099
 -0.37250099 -0.37250099 -0.37250099  3.09079387]",[0.024161047915767786]
2,"[-0.27014835 -0.27014835 -0.27014835 -0.27014835 -0.27014835 -0.27014835
  2.16186628 -0.27014835 -0.27014835 -0.27014835 -0.27014835 -0.27014835
 -0.27014835 -0.27014835 -0.27014835 -0.27014835  2.77452861 -0.27014835
 -0.27014835 -0.27014835  7.80350034  3.63235124  6.35628978 -0.27014835
  4.58280493 -0.27014835 -0.27014835 -0.27014835 -0.27014835 -0.27014835
 -0.27014835  2.45877394 -0.27014835 -0.27014835 -0.27014835 -0.27014835
 -0.27014835 -0.27014835  0.9053034  -0.27014835 -0.27014835 -0.27014835
 -0.27014835 -0.27014835 -0.27014835 -0.27014835 -0.27014835 -0.27014835
 -0.27014835 -0.27014835 -0.27014835 -0.27014835 -0.27014835 -0.27014835
 -0.27014835 -0.27014835 -0.27014835 -0.27014835 -0.27014835 -0.27014835
 -0.27014835 -0.27014835 -0.27014835 -0.27014835 -0.27014835 -0.27014835
 -0.27014835 -0.27014835 -0.27014835 -0.27014835 -0.27014835 -0.27014835
 -0.27014835  1.78480089 -0.27014835 -0.27014835 -0.27014835 -0.27014835
 -0.27014835 -0.27014835 -0.27014835 -0.27014835 -0.27014835 -0.27014835
 -0.27014835 -0.27014835 -0.27014835 -0.27014835  4.78946277 -0.27014835
 -0.27014835 -0.27014835 -0.27014835 -0.27014835 -0.27014835 -0.27014835
 -0.27014835 -0.27014835  1.60125487 -0.27014835 -0.27014835 -0.27014835
 -0.27014835 -0.27014835 -0.27014835  1.92895616 -0.27014835 -0.27014835
 -0.27014835 -0.27014835 -0.27014835 -0.27014835 -0.27014835 -0.27014835
  3.50273794 -0.27014835  2.43466545 -0.27014835 -0.27014835 -0.27014835
 -0.27014835 -0.27014835 -0.27014835 -0.27014835 -0.27014835 -0.27014835
 -0.27014835 -0.27014835 -0.27014835 -0.27014835 -0.27014835 -0.27014835
 -0.27014835 -0.27014835 -0.27014835 -0.27014835 -0.27014835 -0.27014835
 -0.27014835  2.23638667 -0.27014835 -0.27014835 -0.27014835 -0.27014835
 -0.27014835 -0.27014835 -0.27014835 -0.27014835 -0.27014835 -0.27014835
 -0.27014835  1.78480089 -0.27014835 -0.27014835  1.68609015 -0.27014835
 -0.27014835 -0.27014835 -0.27014835 -0.27014835 -0.27014835 -0.27014835
 -0.27014835  1.34834952 -0.27014835 -0.27014835 -0.27014835 -0.27014835
 -0.27014835 -0.27014835 -0.27014835 -0.27014835 -0.27014835 -0.27014835
 -0.27014835 -0.27014835 -0.27014835 -0.27014835 -0.27014835 -0.27014835
 -0.27014835 -0.27014835 -0.27014835 -0.27014835 -0.27014835 -0.27014835
 -0.27014835 -0.27014835 -0.27014835 -0.27014835  3.63787812  2.26125011
 -0.27014835 -0.27014835 -0.27014835 -0.27014835 -0.27014835 -0.27014835
 -0.27014835 -0.27014835 -0.27014835 -0.27014835 -0.27014835 -0.27014835
 -0.27014835 -0.27014835 -0.27014835 -0.27014835 -0.27014835 -0.27014835
 -0.27014835 -0.27014835 -0.27014835 -0.27014835 -0.27014835 -0.27014835
 -0.27014835 -0.27014835 -0.27014835 -0.27014835 -0.27014835 -0.27014835
 -0.27014835 -0.27014835 -0.27014835 -0.27014835 -0.27014835 -0.27014835
 -0.27014835 -0.27014835 -0.27014835 -0.27014835 -0.27014835 -0.27014835
 -0.27014835 -0.27014835 -0.27014835 -0.27014835  1.6220247  -0.27014835
 -0.27014835 -0.27014835 -0.27014835 -0.27014835 -0.27014835 -0.27014835
 -0.27014835 -0.27014835 -0.27014835 -0.27014835 -0.27014835 -0.27014835
 -0.27014835 -0.27014835 -0.27014835  1.78480089 -0.27014835 -0.27014835
 -0.27014835 -0.27014835 -0.27014835  1.48657879]",[-0.04084142269419133]
